YYYY;MM;DD;DOY;2m_temp_max;2m_temp_mean;2m_temp_min;2m_dp_temp_max;2m_dp_temp_mean;2m_dp_temp_min;10m_wind_u;10m_wind_v;fcst_alb;lai_high_veg;lai_low_veg;swe;surf_net_solar_rad_max;surf_net_solar_rad_mean;surf_net_therm_rad_max;surf_net_therm_rad_mean;surf_press;total_et;prec;volsw_123;volsw_4
1981;1;1;1;3.5;-3.1;-9.3;-1.1;-5.8;-11.2;1.3;-0.2;0.32;1.1;1.9;26;159;32;77;44;97241;0.09;0.55;0.39;0.4
1981;1;2;2;2.4;-1.5;-5;-2.7;-5.6;-8.1;2.2;0.2;0.32;1.1;1.9;25.2;199;42;93;72;97405;0.45;0.18;0.39;0.4
1981;1;3;3;3.7;0.6;-2.4;-1.5;-2.9;-5.8;2.3;1.2;0.32;1.1;1.9;24.51;190;33;74;42;96206;0.39;0.36;0.39;0.4
1981;1;4;4;3.7;-0.7;-4.8;0.3;-2.5;-6.4;1.2;-0.2;0.31;1;1.9;23.33;184;32;78;50;95752;0.02;2;0.39;0.4
1981;1;5;5;1.6;-1.8;-6.8;-6;-7.9;-9.9;2.6;-2.2;0.3;1;1.9;22.53;154;33;96;68;96210;0.88;0.3;0.39;0.4
1981;1;6;6;1.2;-3.5;-7.9;-5;-8.5;-12.7;0.6;-0.3;0.3;1;1.9;22.09;197;37;88;50;96829;0.22;0.66;0.39;0.4
1981;1;7;7;-3.3;-6.7;-10.7;-7;-11.9;-16.2;0.8;-2.1;0.31;1;1.9;22.49;226;48;113;66;97633;0.4;0.51;0.39;0.4
1981;1;8;8;-5.2;-10.3;-15;-12.9;-15.3;-18.3;0;-2.6;0.31;1;1.9;22.29;220;48;107;75;98956;0.32;0;0.39;0.4
1981;1;9;9;-5.2;-13.9;-20.5;-12.4;-18.8;-23.6;1.3;-0.4;0.31;1;1.9;22.02;244;54;121;75;98881;0.21;0;0.39;0.4
1981;1;10;10;-4.2;-12;-19.2;-12.1;-18.2;-23.2;0.7;0.4;0.31;1;1.9;21.78;244;54;113;65;97653;0.26;0;0.39;0.4
1981;1;11;11;-3;-9.1;-16.4;-8.3;-14.6;-20.3;0.5;-0.2;0.3;1;1.9;21.55;236;51;104;49;98020;0.26;0;0.39;0.4
1981;1;12;12;-0.9;-8;-14;-7;-12;-16.8;0.8;0.6;0.3;1;1.9;21.24;243;53;109;62;97566;0.26;0;0.39;0.4
1981;1;13;13;-1.3;-5.9;-12.8;-3.2;-8.3;-14.6;0.8;-0.8;0.31;1;1.9;22.49;107;17;45;18;96629;0.17;5.26;0.38;0.4
1981;1;14;14;-0.1;-4.4;-12.4;-5.3;-9.3;-14.8;0.3;-0.8;0.34;1;1.9;26.02;238;51;118;63;96759;0.38;0.1;0.38;0.4
1981;1;15;15;0.5;-6.3;-12.6;-4.2;-9.2;-14.6;1.4;1;0.33;1;1.9;26.19;146;28;80;34;94996;0.18;0.86;0.38;0.4
1981;1;16;16;1.3;-7.1;-13.4;-7;-11.4;-16.2;1.8;-0.8;0.33;1;1.9;26.13;238;53;110;70;96162;0.28;0;0.38;0.4
1981;1;17;17;1;-6.1;-13.7;-5.1;-9.8;-16.4;1.1;1.2;0.33;1;1.9;25.57;236;52;102;48;96568;0.3;0.03;0.38;0.4
1981;1;18;18;0.9;-5.2;-11.7;-3.3;-8.4;-13.1;0.7;0;0.33;1;1.9;25.4;163;37;81;36;96856;0.21;0.4;0.38;0.4
1981;1;19;19;1.9;-5.1;-13.5;-2.2;-7.5;-15.3;0.7;0.7;0.33;0.9;1.9;25.07;237;48;88;48;96998;0.2;0.44;0.38;0.4
1981;1;20;20;1.9;-5.6;-11;-3;-8.2;-12.9;0.6;-0.7;0.33;0.9;1.9;24.58;240;51;110;56;96415;0.16;0.35;0.38;0.4
1981;1;21;21;2;-4.1;-11.5;-4.9;-8.3;-13.8;0.3;-3.3;0.33;0.9;1.9;23.92;216;45;81;54;97746;0.41;0;0.38;0.4
1981;1;22;22;0.5;-2.9;-5.1;-6.3;-7.4;-8.9;-0.6;-2.6;0.33;0.9;1.9;23.35;223;48;88;63;98536;0.4;0;0.38;0.4
1981;1;23;23;0.8;-5.9;-11.6;-4.3;-9.6;-14.4;0.8;-0.4;0.32;0.9;1.9;22.75;259;59;108;60;98855;0.25;0;0.37;0.4
1981;1;24;24;1.6;-5.2;-12.7;-4.4;-9.4;-15.4;0.6;0.2;0.32;0.9;1.9;21.99;248;56;100;45;98341;0.27;0.02;0.37;0.4
1981;1;25;25;1.6;-4.2;-9.9;-3.3;-7.3;-12;1;0.7;0.31;0.9;1.9;21.35;218;48;76;42;98006;0.28;0;0.37;0.4
1981;1;26;26;3.4;-2.8;-7.7;-3.1;-7.4;-11.5;1.4;-1.5;0.31;0.9;1.9;20.53;268;59;110;65;98203;0.42;0.42;0.37;0.4
1981;1;27;27;-0.2;-6;-10.9;-9.2;-11.9;-14.9;0.8;-1.8;0.3;0.9;1.9;19.45;292;68;123;76;99248;0.41;0;0.37;0.4
1981;1;28;28;-0.5;-7.1;-13.2;-9.5;-12.9;-16.9;0.3;-1.5;0.29;0.9;1.9;18.66;296;69;121;73;99527;0.38;0;0.37;0.4
1981;1;29;29;2.8;-5.9;-15.3;-5.5;-11.9;-18.7;0.7;-0.8;0.28;0.9;1.9;17.85;302;71;122;68;99240;0.34;0;0.37;0.4
1981;1;30;30;3.8;-3.2;-9.2;-3.9;-9.2;-13.1;0.7;0;0.27;0.9;1.9;16.73;304;71;114;64;99167;0.25;0;0.37;0.4
1981;1;31;31;3.7;-3.5;-10.3;-1.6;-7.2;-13.2;1.4;-0.3;0.26;0.9;1.9;15.41;221;57;92;51;99124;0.18;0;0.37;0.4
1981;2;1;32;7.1;-0.6;-4.3;0.5;-3.7;-6.2;1.5;-0.3;0.24;0.9;1.9;13.36;322;77;111;63;99092;0.1;0;0.37;0.4
1981;2;2;33;9.4;0.3;-4.6;1.3;-3.5;-6.8;1.5;-0.2;0.21;0.9;1.9;10.68;341;82;119;68;99031;0.07;0;0.37;0.4
1981;2;3;34;9.5;1.3;-4.3;-0.7;-3.4;-6.7;1.4;0.8;0.19;0.9;1.9;8.44;352;84;122;64;97440;0.11;0;0.37;0.4
1981;2;4;35;7.5;2.4;-0.7;2.1;-0.1;-1.9;1.6;1.3;0.17;0.9;1.9;6.75;286;45;76;26;95515;0.08;3.46;0.38;0.39
1981;2;5;36;5.3;0.8;-1.8;-1.3;-4.3;-7.3;1.3;-1.7;0.16;0.9;1.9;5.91;326;76;115;66;96013;0.35;0.25;0.38;0.39
1981;2;6;37;5;0;-4;-5.6;-7.4;-8.4;0.7;-0.6;0.15;0.8;1.9;5.31;351;84;117;71;97506;0.14;0;0.38;0.39
1981;2;7;38;6.5;1.4;-1.8;-0.6;-3.4;-6.9;1.1;0.8;0.15;0.8;1.9;4.83;220;51;85;27;98020;0.06;0.09;0.38;0.39
1981;2;8;39;12;4.7;-0.9;6.4;1;-1.9;0.7;-0.1;0.14;0.8;1.9;3.86;328;76;88;44;98016;0.09;0;0.38;0.39
1981;2;9;40;11;3.1;-2.2;3.8;0.1;-3.1;0.6;0.9;0.13;0.8;1.9;2.7;389;96;114;70;97704;0.18;0;0.38;0.39
1981;2;10;41;8.6;2.2;-2.2;2.6;-0.4;-3.4;1.4;0.4;0.12;0.8;1.9;1.96;319;75;78;51;97257;0.13;0.61;0.38;0.39
1981;2;11;42;4.7;1.6;-1.3;1;-1;-2.4;0.3;0.3;0.12;0.8;1.9;1.64;271;59;61;37;97785;0.36;1.85;0.38;0.39
1981;2;12;43;2.2;-1.5;-6.5;-2;-5.9;-11.2;0.6;-0.8;0.15;0.8;1.9;3.32;337;83;103;66;97376;0.38;1.19;0.38;0.39
1981;2;13;44;2;-3.2;-9.2;-8.9;-11;-13.3;1.5;-1.2;0.15;0.8;1.9;3.27;375;88;107;77;97627;0.2;0.05;0.38;0.39
1981;2;14;45;1.1;-2.1;-4.4;-9.2;-10.1;-11.6;0;-1.8;0.16;0.8;1.9;3.47;355;82;107;69;97788;0.15;0.58;0.37;0.39
1981;2;15;46;2.7;-1.8;-4.7;-6.7;-9.7;-11.3;0.3;0.4;0.15;0.8;1.9;3.51;397;97;118;75;97786;0.1;0;0.37;0.39
1981;2;16;47;3.6;-1.3;-5.5;-4.7;-7.7;-10.4;0.2;-0.4;0.15;0.8;1.9;3.2;411;97;113;67;98017;0.08;0.24;0.37;0.39
1981;2;17;48;2;-1.3;-4.5;-4.8;-6;-6.9;-0.7;-1.5;0.15;0.8;1.9;3.35;262;67;79;54;97939;0.16;0.55;0.37;0.39
1981;2;18;49;0.9;-1.9;-4.4;-6;-7.4;-8.7;-1.1;-0.7;0.16;0.8;1.9;3.6;348;73;77;44;97326;0.09;1.4;0.37;0.39
1981;2;19;50;-0.5;-2.1;-3.4;-6.4;-7.3;-8.1;-0.9;-0.2;0.18;0.8;1.9;4.96;189;48;46;33;97173;0.11;0.81;0.37;0.39
1981;2;20;51;0.5;-1.8;-4;-6.9;-7.7;-8.5;-0.3;0.9;0.18;0.8;1.9;5.09;311;63;90;48;97382;0.12;0.05;0.37;0.39
1981;2;21;52;1.4;-0.9;-2.8;-2.3;-4.6;-7.5;-0.5;-0.1;0.18;0.9;1.9;4.97;166;42;50;27;97716;0.07;1.85;0.37;0.39
1981;2;22;53;1.5;-0.3;-1.4;-1.1;-1.7;-2.2;-0.5;-0.7;0.25;0.9;1.9;9.38;159;39;44;17;97374;0.08;6.61;0.37;0.39
1981;2;23;54;3.4;0.9;-1.3;1.7;0;-1.6;-0.6;-0.9;0.32;0.9;1.9;13.62;120;31;21;8;97248;-0.04;6.27;0.37;0.39
1981;2;24;55;1.4;0.4;-0.4;0.1;-0.6;-1.1;-0.8;-1.2;0.33;0.9;1.9;15.5;101;24;22;14;97656;0.07;6.28;0.37;0.39
1981;2;25;56;3.5;0.5;-3.6;-0.2;-2;-7;-0.4;-1.6;0.34;0.9;1.9;17.71;151;36;62;33;98275;0.14;1.48;0.37;0.39
1981;2;26;57;2.3;-2.5;-6.2;-6.3;-8.4;-10.1;-0.5;-1.6;0.32;0.9;1.9;15.93;396;105;130;74;98352;0.55;0;0.37;0.39
1981;2;27;58;0.9;-2.4;-5.2;-6.7;-8.6;-10.8;-1;-0.8;0.31;0.9;1.9;14.66;337;80;98;52;98174;0.48;0.15;0.37;0.39
1981;2;28;59;0.5;-1.8;-4.5;-4.8;-6.2;-7.5;-1.1;0.7;0.31;0.9;1.9;14.26;208;45;42;24;98099;0.36;0.33;0.37;0.39
1981;3;1;60;3.5;-0.4;-3.6;-2.5;-4.1;-6.2;-0.3;1.6;0.29;0.9;1.9;13.61;298;72;67;33;97762;0.36;0.65;0.37;0.39
1981;3;2;61;7.3;2.2;-2.1;1.7;-0.8;-4.2;0;1;0.26;0.9;1.9;10.99;412;105;110;53;97216;0.12;0.05;0.38;0.39
1981;3;3;62;6.4;2.1;-0.6;2.2;0.7;-0.9;-0.5;-0.3;0.22;0.9;1.9;7.72;318;65;61;30;96276;0.2;1.61;0.38;0.39
1981;3;4;63;7.3;1.8;-1.6;0.2;-1.3;-3.8;-0.4;-1.4;0.22;1;1.9;7.49;206;53;81;34;96267;0.45;2.64;0.38;0.39
1981;3;5;64;6.9;2.1;-1.9;-1.5;-2.9;-4.5;0.4;1.1;0.2;1;1.9;6.18;369;101;106;68;97289;0.34;0.15;0.38;0.39
1981;3;6;65;10.6;3.2;-3.3;1;-1.4;-5;1.2;0.7;0.18;1;1.9;4.24;500;120;119;66;97464;0.4;0;0.38;0.39
1981;3;7;66;13.6;5.8;0.3;2.6;0.6;-1;0.8;0.8;0.15;1;1.9;2.47;503;132;119;66;97989;0.73;0;0.38;0.39
1981;3;8;67;13.5;5.6;-1.5;3.9;1.2;-2.7;1.6;1.2;0.14;1;1.9;1.29;504;135;104;64;97756;0.72;0.1;0.38;0.39
1981;3;9;68;16.9;8;0.5;6.4;3.4;-0.4;1.5;0.7;0.13;1;1.9;0.56;507;139;118;66;97807;0.9;0;0.38;0.39
1981;3;10;69;16.5;8.7;1.9;8.9;4.1;0.3;1;0;0.13;1;1.9;0.23;412;84;85;31;97565;0.55;0;0.38;0.39
1981;3;11;70;15.7;8.8;4.5;7.9;4.9;3;1.7;0.9;0.13;1;1.9;0.1;311;62;69;36;96773;0.57;0.91;0.38;0.39
1981;3;12;71;18.1;10.5;3.8;7.3;4.9;2.5;1.9;0.4;0.13;1;1.9;0;549;152;128;70;95976;1.21;0.58;0.38;0.39
1981;3;13;72;11.9;8.3;4.3;7.4;4.6;1.4;1.1;-0.8;0.13;1;1.9;0;251;70;74;39;95972;0.75;5.37;0.38;0.39
1981;3;14;73;14.5;7.2;-0.3;3.2;0.3;-1.3;1.2;0.7;0.13;1.1;1.9;0;544;157;131;87;96504;1.18;0;0.38;0.39
1981;3;15;74;12.3;6.4;0;5.2;2.4;-1.4;0.6;0.6;0.13;1.1;1.9;0;378;109;85;58;96886;0.79;0.95;0.38;0.39
1981;3;16;75;9.1;5.3;1.5;6.5;3.8;0.9;0.7;0.2;0.13;1.1;1.9;0;271;67;78;45;96737;0.85;6.02;0.38;0.39
1981;3;17;76;11.5;4.5;-2.5;4.5;1.2;-3;0;0.6;0.13;1.1;1.9;0;548;150;127;66;96738;1.08;1.26;0.38;0.39
1981;3;18;77;7.5;3.7;-1.1;4.8;2;-2.5;-0.5;-2.1;0.13;1.1;1.9;0;206;53;56;28;96259;1.44;6.22;0.38;0.39
1981;3;19;78;9.4;5.2;2.6;-2.5;-4.6;-6.3;1.2;-3.8;0.13;1.1;1.9;0.05;533;154;124;80;96366;1.27;0;0.38;0.39
1981;3;20;79;13.2;5.4;-2.4;0.9;-1.9;-4.9;0.8;0.6;0.13;1.2;1.9;0.02;593;172;134;94;96889;1.18;0;0.38;0.39
1981;3;21;80;14.7;7.4;-2;4.7;0.1;-3.8;0.1;0.2;0.13;1.2;1.9;0;606;174;140;88;97095;1.27;0;0.38;0.39
1981;3;22;81;15.5;7.9;0.3;3;0.7;-1.3;0.6;1.2;0.13;1.2;1.9;0;579;175;136;90;96792;1.37;0;0.38;0.39
1981;3;23;82;15.8;8.6;1;5.6;2.5;-0.8;0.3;0.8;0.13;1.2;1.9;0;545;156;114;77;97037;1.29;0.03;0.37;0.39
1981;3;24;83;18.1;10.6;4.1;8.1;4.9;1.7;1.3;0.7;0.13;1.2;1.9;0;587;147;120;63;96840;1.45;2.24;0.37;0.39
1981;3;25;84;16.1;11.1;6.7;9.7;7.1;5;1.1;0;0.13;1.2;1.9;0;376;80;69;34;97364;0.82;0.82;0.37;0.39
1981;3;26;85;19.3;12.2;3.8;9.6;7.4;3.4;1.8;1;0.14;1.3;1.9;0;586;165;114;65;97014;1.49;0.08;0.37;0.39
1981;3;27;86;15.8;10.9;5.5;8.5;1.3;-3.6;0.3;-0.7;0.14;1.3;1.9;0;635;194;153;95;97435;1.88;0;0.37;0.39
1981;3;28;87;14.8;9.8;4.9;3.7;1.9;-0.5;-1.1;0.5;0.14;1.3;1.9;0;609;181;129;82;97389;1.57;0;0.37;0.39
1981;3;29;88;14.8;9.9;4.1;7.3;4.9;2.1;-1.3;1.2;0.14;1.3;1.9;0;437;137;84;58;97423;1.2;0.28;0.37;0.39
1981;3;30;89;16.6;10.8;5.9;10;7.9;4.9;-0.7;1.7;0.14;1.3;1.9;0;399;120;85;55;97496;1.16;0.98;0.36;0.39
1981;3;31;90;19.2;12.8;6.6;11.2;9.4;6.5;-0.9;0.3;0.14;1.4;1.9;0;543;167;111;71;97587;1.56;0;0.36;0.39
1981;4;1;91;19.1;12.5;7.1;11.1;9.1;7;-0.6;-0.4;0.14;1.4;1.9;0;593;171;119;73;97299;1.55;0;0.36;0.39
1981;4;2;92;17.7;12.3;6.3;9.6;7.9;4.6;-0.8;-0.5;0.14;1.4;1.9;0;557;144;103;51;97316;1.53;0.09;0.36;0.39
1981;4;3;93;11.9;8.5;5.2;2.6;0.2;-1.4;-2.1;-0.3;0.14;1.4;1.9;0;639;176;138;80;97988;1.63;0;0.36;0.39
1981;4;4;94;13.6;8.2;1.9;3.6;1.8;-1;-0.3;1.4;0.14;1.4;1.9;0;655;202;135;91;97794;1.63;0;0.35;0.39
1981;4;5;95;13.9;9.4;4.7;8.5;5.9;2.3;-0.5;-0.3;0.14;1.4;1.9;0;452;107;77;41;97376;1.31;5.23;0.35;0.39
1981;4;6;96;14.6;10.7;7.8;7.2;6.5;5.6;-0.4;-0.4;0.14;1.5;1.9;0;430;103;84;40;97747;1.17;0.78;0.36;0.39
1981;4;7;97;17.4;11.5;4.8;7.5;6;3.9;-0.3;-0.3;0.14;1.5;1.9;0;557;166;111;74;98007;1.66;0.01;0.35;0.39
1981;4;8;98;19.6;12.8;4.3;10.9;7.5;3.7;0.2;-0.4;0.14;1.5;1.9;0;607;184;121;75;97984;1.88;0.09;0.35;0.39
1981;4;9;99;18.2;12.4;6.7;11.5;9.3;6.3;0.2;-0.6;0.15;1.5;1.9;0;565;139;94;57;98054;1.72;3.36;0.35;0.39
1981;4;10;100;16.6;11.7;6.9;7.5;5;3.3;-1;-0.5;0.15;1.5;1.9;0;580;184;123;78;98120;2.07;0;0.35;0.39
1981;4;11;101;14.7;10.4;6.5;5;2.7;0.1;-1.6;-1.3;0.15;1.6;1.9;0;543;178;131;80;97858;1.81;0;0.35;0.39
1981;4;12;102;17.2;11;3.6;6.4;4;0.9;0;0.9;0.15;1.6;1.9;0;676;221;140;98;98094;2.11;0;0.34;0.39
1981;4;13;103;21;13.3;4;7.1;5;2.9;0.4;1;0.15;1.6;1.9;0;697;229;151;105;97963;2.44;0;0.34;0.39
1981;4;14;104;19.8;12.9;5.8;11;6.7;2.1;-0.8;-0.9;0.15;1.6;1.9;0;646;189;116;78;97953;2.01;1.2;0.34;0.39
1981;4;15;105;17.1;12;6.6;5.3;2.1;-0.8;-0.8;0.3;0.15;1.6;1.9;0;692;230;144;99;97841;2.29;0;0.34;0.39
1981;4;16;106;17.7;10;4.8;6.2;0.7;-6.1;-0.9;-2.2;0.15;1.7;1.9;0;649;196;134;79;97263;2.15;0.17;0.34;0.39
1981;4;17;107;7.1;4.5;1.8;-3.2;-4.9;-5.8;-2;-2.1;0.15;1.7;1.9;0;403;136;95;73;97524;1.5;0.5;0.33;0.39
1981;4;18;108;7.1;3.5;-0.3;-2.9;-5.7;-7.1;-0.8;-3;0.15;1.7;1.9;0;551;186;104;92;97271;1.67;0.51;0.33;0.39
1981;4;19;109;9;4.8;0.5;-1.9;-5.7;-7.5;-0.1;-1.4;0.15;1.8;1.9;0;623;201;131;87;97192;1.85;0.2;0.33;0.39
1981;4;20;110;11.4;6.9;0.9;1;-2.6;-5.2;-0.5;0.9;0.15;1.8;1.9;0;609;159;110;65;97675;1.54;0;0.33;0.38
1981;4;21;111;12.1;7.6;3.1;3.2;1;-0.4;0.1;0;0.15;1.8;1.9;0;420;147;103;64;97664;1.43;0.13;0.33;0.38
1981;4;22;112;16;9.2;0;4.2;1;-1.1;0;0.3;0.16;1.8;1.9;0;635;195;124;86;97214;2.05;0.04;0.32;0.38
1981;4;23;113;13.9;9.2;3.2;6.3;2;-1.4;-0.7;-0.6;0.16;1.9;1.9;0;628;162;123;69;96751;1.67;0.39;0.32;0.38
1981;4;24;114;7.1;5.5;4.2;3.7;2.9;1.6;-0.8;-1.2;0.16;1.9;1.9;0;146;42;27;18;96957;1.37;10.26;0.32;0.38
1981;4;25;115;11.2;7.3;4.2;6.1;4.5;3;0;0.5;0.16;1.9;1.9;0;305;78;53;26;96906;1.06;3.22;0.33;0.38
1981;4;26;116;18;11.8;4.4;7.2;5.4;3.2;0.8;1.7;0.16;2;1.9;0;573;186;103;66;96532;2.36;0.64;0.33;0.38
1981;4;27;117;15.6;11.1;6.4;10.3;3.9;-1.3;1.3;1.9;0.16;2;1.9;0;635;191;132;76;96205;2.65;2.32;0.33;0.38
1981;4;28;118;12.6;7.7;3.3;2.3;0;-2.6;1.3;-0.8;0.16;2;1.9;0;613;185;112;85;96956;2.14;0.7;0.33;0.38
1981;4;29;119;12.7;7.2;1;4.3;1.4;-2;0.8;0.6;0.16;2.1;1.9;0;546;182;101;75;97386;1.95;0.91;0.33;0.38
1981;4;30;120;16.1;10.1;2.2;5.2;3.1;1.2;1.4;0.6;0.16;2.1;1.9;0;534;160;96;66;96811;2.01;0.02;0.33;0.38
1981;5;1;121;18.3;11.7;5.7;10.6;7.3;4.1;0.4;-0.1;0.16;2.1;1.9;0;589;165;104;56;96143;2.03;6.74;0.32;0.38
1981;5;2;122;9.7;8.2;6.4;8.6;6.1;4.8;-0.9;-0.1;0.16;2.1;1.9;0;182;59;31;23;96526;1.29;10.53;0.33;0.38
1981;5;3;123;6.9;5.8;3.5;5;3.5;2.2;-0.2;-0.1;0.16;2.2;1.9;0;236;71;50;32;96645;1.5;7.76;0.34;0.38
1981;5;4;124;6.9;5.5;3.4;6.3;4.1;2.2;-0.3;0.4;0.16;2.2;1.9;0;167;47;43;18;95799;1;10.21;0.34;0.38
1981;5;5;125;14.6;8.8;3.3;4.6;0.9;-1.5;1.7;-1.5;0.17;2.2;1.9;0;701;210;124;79;95741;2.85;0.16;0.35;0.38
1981;5;6;126;14.7;9.6;3.9;0.8;-0.6;-1.7;1.9;-2.1;0.17;2.3;1.9;0;673;214;124;92;97180;2.79;0;0.35;0.38
1981;5;7;127;16.6;11.6;5.6;8.3;5.4;1.3;0;-0.4;0.17;2.3;1.9;0;403;141;95;53;97630;1.92;0.12;0.35;0.38
1981;5;8;128;19.7;14.1;8.4;9.5;7.3;4.6;-0.7;1;0.17;2.3;1.9;0;692;212;120;75;97173;2.76;0;0.34;0.38
1981;5;9;129;20.9;15.4;8.5;10.7;8.6;6.2;-0.7;0.4;0.17;2.4;1.9;0;646;205;111;76;97076;2.85;0.01;0.34;0.38
1981;5;10;130;21;16.3;10.9;11.6;9.8;8.5;-1.4;1.3;0.17;2.4;1.9;0;588;186;98;69;96983;2.74;0.14;0.34;0.38
1981;5;11;131;20.7;15.1;9.3;11.5;9.9;7.6;-0.9;0.9;0.17;2.4;1.9;0;597;195;102;64;96451;2.81;6.11;0.33;0.38
1981;5;12;132;15.7;12.6;10.3;11.9;10.8;8.9;-1.4;-0.6;0.17;2.5;1.9;0;250;63;48;21;96292;1.9;14.16;0.34;0.38
1981;5;13;133;16.8;13;9.3;10.7;9.2;8.3;-1;0.4;0.17;2.5;1.9;0;485;163;85;50;96619;2.56;1.62;0.35;0.38
1981;5;14;134;18.8;14.5;8.1;10.9;8.6;7;-0.1;0.2;0.17;2.5;1.9;0;602;210;109;74;97116;2.88;0.46;0.35;0.38
1981;5;15;135;19.8;14.6;8.1;10.5;9.1;6.8;-0.5;1;0.17;2.5;1.9;0;614;215;108;79;97509;3.04;0.5;0.34;0.38
1981;5;16;136;18.3;14.1;10.2;13.2;11.5;9.7;-0.9;0.5;0.17;2.6;1.9;0;548;169;82;57;97312;2.24;1.46;0.34;0.38
1981;5;17;137;20.4;14.6;8.1;12.9;10.6;8;0.5;0.2;0.17;2.6;1.9;0;532;193;92;64;97217;3.09;4.52;0.34;0.38
1981;5;18;138;19.8;14.8;9.2;9.2;7.3;5.1;0.3;0.4;0.17;2.6;1.9;0;697;241;128;86;97946;3.76;0.02;0.34;0.38
1981;5;19;139;22.3;16.8;8.7;12.5;9.9;6.9;0.1;1.1;0.17;2.6;1.9;0;657;226;116;83;98120;3.32;0.03;0.34;0.38
1981;5;20;140;23.4;18.1;10.9;14.8;12;9.4;-0.1;-0.5;0.17;2.7;1.9;0;657;221;114;77;97974;3.34;0.68;0.34;0.38
1981;5;21;141;22.3;17.8;11.8;14.1;12.2;10.2;-1.4;0;0.17;2.7;1.9;0;518;189;81;57;97901;2.97;0.1;0.33;0.38
1981;5;22;142;21.1;17.7;14.5;13.8;11.1;9.8;-1.1;0.3;0.17;2.7;1.9;0;387;121;57;33;97671;2.4;2.89;0.33;0.38
1981;5;23;143;15.5;13.7;9.2;13;11.6;8.9;0.1;-1.1;0.17;2.7;1.9;0;271;70;86;34;97687;1.64;18.1;0.34;0.38
1981;5;24;144;20.7;14.7;7.5;12.2;10.3;7.4;0.4;1;0.17;2.7;1.9;0;500;175;80;50;97404;2.88;0.02;0.35;0.38
1981;5;25;145;22.1;17;11.8;12.4;11.3;10;0.5;1.9;0.17;2.8;1.9;0;478;170;96;63;97186;2.94;0.08;0.34;0.38
1981;5;26;146;23.4;18.6;13.7;13.1;12.1;11.2;0.5;2.9;0.17;2.8;1.9;0;508;183;91;65;96823;3.31;0.14;0.34;0.38
1981;5;27;147;21;17.1;12.6;12.1;9.3;6.9;1.1;3.1;0.17;2.8;1.9;0;660;214;128;80;96863;3.77;0.21;0.34;0.38
1981;5;28;148;16.5;13.2;8.6;11;9.2;7.6;0.2;0.1;0.17;2.8;1.9;0;391;123;85;57;97461;2.12;3.07;0.33;0.37
1981;5;29;149;21;14.6;6.2;11.8;9.5;5.7;0.5;0;0.17;2.9;1.9;0;618;222;106;81;97619;3.31;0.02;0.33;0.37
1981;5;30;150;23.6;17.4;9.1;13.4;11.3;8.4;0.2;1;0.17;2.9;1.9;0;649;241;114;83;97698;3.66;0;0.33;0.37
1981;5;31;151;24.9;19.6;12;15.5;12.6;10.4;0;1;0.17;2.9;1.9;0;649;235;115;83;97740;3.74;0.03;0.33;0.37
1981;6;1;152;26.7;21;13.9;16.5;13.3;11.4;0;1.3;0.17;2.9;1.9;0;674;239;115;83;97834;3.89;0;0.32;0.37
1981;6;2;153;28.3;22.5;15.3;16.6;14.5;12.2;0.2;1.5;0.17;2.9;1.9;0;683;251;118;82;97596;4.14;0;0.32;0.37
1981;6;3;154;29.6;23.2;16.2;17.6;14.8;12.2;0;1.6;0.17;3;1.9;0;711;257;123;87;97149;4.36;0;0.31;0.37
1981;6;4;155;28;21.9;15.4;15.7;13.7;9.2;1.2;0.8;0.17;3;1.9;0;692;244;114;79;96872;4.53;1.78;0.31;0.37
1981;6;5;156;20.5;16.7;14;11.1;9.9;8.4;0.7;-2.1;0.17;3;1.9;0;394;127;58;34;97485;3.7;8.57;0.31;0.37
1981;6;6;157;19.4;15.8;12.6;13.9;12.3;10.5;0.3;-1.9;0.17;3;1.9;0;296;90;65;32;97429;2.69;13.09;0.32;0.37
1981;6;7;158;23.7;18;11.2;15;12.7;10.6;0.7;-0.4;0.17;3;1.9;0;631;218;109;70;97397;3.51;0.41;0.32;0.37
1981;6;8;159;26.1;20.2;11.9;17.6;14.2;11.1;-0.1;0.1;0.17;3.1;1.9;0;626;224;99;69;97395;3.8;0.02;0.32;0.37
1981;6;9;160;27.5;22.2;17.5;17.6;16.5;15.3;-0.3;1.2;0.17;3.1;1.9;0;666;210;100;64;97304;3.69;0.08;0.32;0.37
1981;6;10;161;22.4;19.1;15.1;17.6;15.9;13.4;0.3;-0.9;0.17;3.1;1.9;0;315;94;70;41;97628;2.12;7.16;0.32;0.37
1981;6;11;162;24.9;19.2;11.8;15.2;12;10.8;0.4;-0.7;0.17;3.1;1.9;0;703;262;134;91;98035;4.41;0;0.32;0.37
1981;6;12;163;28;21.3;11.7;17.2;13.2;10.8;0.7;-0.1;0.17;3.2;1.9;0;726;262;133;90;97762;4.37;0;0.31;0.37
1981;6;13;164;23.2;19.4;14.5;13.8;10.3;6.4;-1;-2;0.17;3.2;1.9;0;632;216;123;74;98104;4.03;0.28;0.31;0.37
1981;6;14;165;25.1;19;12.6;13.7;9.2;2.7;0.5;1;0.17;3.2;1.9;0;713;253;119;89;98003;4.11;0;0.31;0.37
1981;6;15;166;28.4;22.2;15.1;17.2;14.7;12.6;0.4;-0.5;0.17;3.2;1.9;0;592;215;95;69;97470;3.86;0.3;0.3;0.37
1981;6;16;167;29.3;21;15.4;18.4;16.6;13.9;0.6;-0.5;0.17;3.2;1.9;0;684;186;104;60;96974;3.36;10.17;0.3;0.37
1981;6;17;168;20;16.4;11.2;12.8;10.4;8.8;-0.3;-1.1;0.17;3.2;1.9;0;453;157;96;52;97144;3.83;23.67;0.31;0.37
1981;6;18;169;10.9;10.3;9.9;8.1;7.8;7.4;0.7;-3.1;0.17;3.3;1.9;0;102;30;29;24;97014;2.84;23.58;0.34;0.37
1981;6;19;170;16.9;13.3;10.1;8;6.6;4.8;1.5;-1.9;0.17;3.3;1.9;0;515;196;110;65;97268;3.76;0.75;0.34;0.37
1981;6;20;171;16.3;12.8;9.4;9.1;7.1;4.7;-0.2;0.4;0.17;3.3;1.9;0;401;133;82;54;97772;2.17;0.57;0.34;0.37
1981;6;21;172;18.9;14.4;9.4;10.2;9.1;8;0.2;-0.1;0.17;3.3;1.9;0;594;199;101;62;97451;3.3;2.23;0.34;0.37
1981;6;22;173;18.2;14.5;10.7;10.3;9.3;8.3;0;-2.5;0.17;3.3;1.9;0;442;161;90;55;97350;3.34;2.5;0.34;0.37
1981;6;23;174;19.1;15.4;11.9;12.5;11.1;9;-0.2;-2.4;0.17;3.3;1.9;0;373;104;52;29;97208;2.73;5.5;0.34;0.37
1981;6;24;175;16;13.7;11;12.7;11.7;10;0.6;-1;0.17;3.3;1.9;0;131;39;58;23;96947;1.23;18.83;0.35;0.37
1981;6;25;176;21.5;16.1;8.2;14.2;11.9;7.9;0.4;1.1;0.17;3.4;1.9;0;640;214;100;73;97176;3.56;0.75;0.36;0.37
1981;6;26;177;20.7;15.9;11.5;15.1;13.2;10.6;0.4;0.6;0.17;3.4;1.9;0;477;120;81;51;96960;1.83;9.48;0.36;0.37
1981;6;27;178;24.4;18.3;10.5;14.9;12.5;9.5;0.5;1.2;0.17;3.4;1.9;0;658;238;105;85;97292;4.29;0;0.36;0.37
1981;6;28;179;26.4;20;12.1;16.1;13.5;10.8;0.1;2.3;0.17;3.4;1.9;0;722;266;121;93;97431;4.75;0;0.36;0.37
1981;6;29;180;27.2;21.7;15.7;15.7;14;7.2;1;1.6;0.17;3.4;1.9;0;659;253;111;84;97153;5;0;0.35;0.37
1981;6;30;181;20.2;17.5;14.8;12.6;9.1;6.8;0.1;-0.6;0.17;3.4;1.9;0;433;133;66;44;97503;2.81;0.26;0.35;0.37
1981;7;1;182;20.5;16.9;13.9;12.2;10;8.5;-0.1;1.4;0.17;3.4;1.9;0;534;184;97;67;97568;3.4;0.02;0.35;0.37
1981;7;2;183;24.5;18.8;11.9;13.7;12;10.1;-0.3;2.1;0.17;3.5;1.9;0;720;261;122;89;97465;4.6;0;0.34;0.37
1981;7;3;184;28.8;22.1;16.2;16.1;14.4;12.8;1.3;2.3;0.17;3.5;1.9;0;703;219;111;75;96807;4.39;0;0.34;0.36
1981;7;4;185;22.1;18;13.2;13.8;9.3;7;1.4;-2.3;0.17;3.5;1.9;0;572;156;102;59;97497;3.83;1.11;0.33;0.36
1981;7;5;186;21.5;17.2;10.1;12.4;9.3;8.1;-0.1;-0.5;0.17;3.5;1.9;0;540;192;95;72;98056;3.41;0.09;0.33;0.36
1981;7;6;187;22.7;18.2;11.6;13;10.3;8.8;0.1;-1;0.17;3.5;1.9;0;526;193;101;70;97976;3.43;0;0.33;0.36
1981;7;7;188;23.6;18.9;12.9;14.1;12.4;10.4;0.2;-1.4;0.17;3.5;1.9;0;584;207;104;72;97930;3.66;0.67;0.32;0.36
1981;7;8;189;24.9;19.7;12.2;15;13.2;11.4;0.3;-1.3;0.17;3.5;1.9;0;655;225;105;74;97704;3.96;0.4;0.32;0.36
1981;7;9;190;25.2;20.6;14.2;15.2;13.3;10.7;-0.1;-0.9;0.17;3.6;1.9;0;585;219;107;72;97377;3.88;0.06;0.32;0.36
1981;7;10;191;26.8;21.5;14.2;16;13.9;12.3;0.2;-0.7;0.17;3.6;1.9;0;617;221;105;70;97210;3.85;0;0.31;0.36
1981;7;11;192;27.1;21.8;16.6;18.2;15.8;14.2;0.1;0.1;0.17;3.6;1.9;0;588;182;88;56;97280;3.26;1.59;0.31;0.36
1981;7;12;193;25.7;21.4;17;18.2;17;15.5;0.3;-0.6;0.17;3.6;1.9;0;535;172;83;55;97389;3.18;4.03;0.31;0.36
1981;7;13;194;25.8;21;16;17.8;15.9;14.9;0;-1;0.17;3.6;1.9;0;591;191;87;58;97466;3.62;4.34;0.31;0.36
1981;7;14;195;20.8;18.4;16.4;16.6;15.6;13.9;0.4;-1.2;0.17;3.6;1.9;0;187;63;65;26;97571;1.78;8.55;0.32;0.36
1981;7;15;196;23.7;19;12.7;14.9;13;11.6;0.7;-0.7;0.17;3.6;1.9;0;530;194;88;70;97665;3.6;0.19;0.32;0.36
1981;7;16;197;22.5;18.8;13.6;17.3;14.7;12.3;-0.2;0.3;0.17;3.6;1.9;0;477;165;81;57;97632;2.7;1;0.31;0.36
1981;7;17;198;26.3;21.2;15;16.8;15.3;13.6;0.4;1.8;0.17;3.6;1.9;0;628;205;92;69;97184;3.88;0.02;0.31;0.36
1981;7;18;199;27;22.3;16.8;16.8;15.2;13.8;0.2;2.2;0.17;3.6;1.9;0;653;216;96;67;96597;4.2;0.05;0.31;0.36
1981;7;19;200;19.4;16;11.7;14.8;9.9;4.2;0.8;-1.9;0.17;3.6;1.9;0;374;109;76;46;96266;3.19;13.72;0.32;0.36
1981;7;20;201;15.5;13.4;11;8.2;6.6;4.2;2.4;-0.9;0.17;3.6;1.9;0;344;110;74;50;96939;2.44;0.77;0.32;0.36
1981;7;21;202;21.4;16.4;12;13.5;10.7;8.3;1.2;-0.2;0.17;3.6;1.9;0;587;174;95;57;97182;3.18;0.52;0.31;0.36
1981;7;22;203;25.3;19.3;11.7;15.2;13.3;10.6;0.8;1.7;0.17;3.6;1.9;0;673;227;110;77;97223;3.95;0.07;0.31;0.36
1981;7;23;204;26.9;21.2;14.5;14.4;12.8;11.8;1;2.8;0.17;3.6;1.9;0;708;244;119;91;97139;4.63;0;0.31;0.36
1981;7;24;205;27;21.5;14.8;16.3;14.1;11.5;0.6;1.3;0.17;3.6;1.9;0;648;225;108;77;97233;4.06;0.17;0.3;0.36
1981;7;25;206;19.5;16.2;13;15.6;11;8.6;0.6;-1.1;0.17;3.6;1.9;0;508;109;93;48;97406;2.76;14.91;0.31;0.36
1981;7;26;207;17.1;14.3;11;11.1;9.1;7.1;1.1;-1;0.17;3.6;1.9;0;369;125;70;57;97910;2.41;1.95;0.31;0.36
1981;7;27;208;19.7;14.6;8.2;11.3;8.1;6;1.4;-0.9;0.17;3.6;1.9;0;575;166;90;64;97613;2.97;0.87;0.31;0.36
1981;7;28;209;19.1;15.6;11.5;9.2;8.2;7.2;1.9;-2.5;0.17;3.6;1.9;0;560;184;95;69;97427;3.58;0.06;0.31;0.36
1981;7;29;210;22.3;18.1;12.8;14;9.8;8;1.3;-1.1;0.17;3.6;1.9;0;537;187;91;68;97560;3.5;0.48;0.31;0.36
1981;7;30;211;24.4;19.5;12.5;15.1;13.1;11.2;0.1;0.2;0.17;3.6;1.9;0;534;184;93;65;97679;3.21;0.09;0.3;0.36
1981;7;31;212;26;20.8;13.7;17.9;15.8;13;-0.4;0.6;0.17;3.6;1.9;0;589;200;92;65;97570;3.34;0.09;0.3;0.36
1981;8;1;213;29.9;23.5;16;20.9;18.3;15.1;0;0.6;0.17;3.6;1.9;0;668;227;103;70;97354;3.83;0;0.3;0.36
1981;8;2;214;31.3;24.9;17.7;20.4;19;16.7;0.2;1;0.17;3.6;1.9;0;643;228;104;74;97783;4.04;0;0.29;0.36
1981;8;3;215;31.7;25.3;18;20.4;18.3;16.1;-0.3;-0.9;0.17;3.6;1.9;0;648;213;95;68;98214;3.97;0.18;0.29;0.36
1981;8;4;216;26.1;22.5;19.2;17.9;16.8;15.4;0.4;-1.4;0.17;3.6;1.9;0;502;152;84;56;98482;3.18;2.24;0.29;0.36
1981;8;5;217;25.2;21.4;16.9;17.8;15.6;14.9;-0.8;-0.8;0.17;3.6;1.9;0;485;167;77;58;98061;2.97;0.31;0.29;0.36
1981;8;6;218;27;22.1;15.5;16.1;14.3;13.2;-0.5;-0.7;0.17;3.6;1.9;0;607;212;101;70;97613;3.57;0.2;0.28;0.36
1981;8;7;219;27.4;22.5;17.5;17.4;15.6;14;0.1;-0.1;0.17;3.5;1.9;0;524;174;95;58;97528;3.05;0.07;0.28;0.35
1981;8;8;220;28.8;23.1;15.8;18.2;16;14.8;0.5;0.5;0.17;3.5;1.9;0;640;213;108;73;97423;3.52;0.04;0.28;0.35
1981;8;9;221;29.3;22.8;16.5;19.2;17.3;15.2;0.9;0.4;0.17;3.5;1.9;0;617;200;103;69;97088;3.38;2.59;0.28;0.35
1981;8;10;222;24.4;20.1;16.5;17.1;16.2;14.9;0.7;-0.2;0.17;3.5;1.9;0;447;131;86;48;97177;2.56;9.09;0.28;0.35
1981;8;11;223;24.5;20.2;16;16;14.5;13.5;0.5;-0.6;0.17;3.5;1.9;0;525;168;97;56;97192;3.24;0.39;0.28;0.35
1981;8;12;224;24.7;20.1;16;14.9;13.7;12.4;-0.2;-1.8;0.17;3.5;1.9;0;601;183;99;65;97325;3.3;1.34;0.28;0.35
1981;8;13;225;24.6;19.9;15.2;13.1;10.9;8.5;-0.4;-2.2;0.17;3.5;1.9;0;594;193;104;80;97541;3.54;0.02;0.28;0.35
1981;8;14;226;24.5;19.8;14.8;15.3;12.5;10.2;0;-1.3;0.17;3.5;1.9;0;515;173;95;70;97682;2.89;0.27;0.27;0.35
1981;8;15;227;26;20.6;13.9;16.9;13.5;11.5;0.6;-0.7;0.17;3.5;1.9;0;525;174;93;68;97682;2.83;0;0.27;0.35
1981;8;16;228;28.4;22.1;14.2;15.7;14.1;13;0.7;1.4;0.17;3.5;1.9;0;653;215;114;78;97274;3.51;0;0.27;0.35
1981;8;17;229;18.9;16.6;12.8;16.4;14.3;11.6;-0.2;-0.8;0.17;3.5;1.9;0;166;44;65;38;97521;1.34;21.34;0.28;0.35
1981;8;18;230;20.5;16.2;11.1;10.8;8;6.6;-0.5;-0.5;0.16;3.4;1.9;0;554;202;127;88;98065;3.37;0;0.29;0.35
1981;8;19;231;22.9;17.8;11.4;11.5;9.4;6.8;0.3;1.2;0.16;3.4;1.9;0;657;220;124;89;97606;3.41;0;0.28;0.35
1981;8;20;232;25.2;19;12.5;13.6;12.3;10.4;0.8;1.6;0.16;3.4;1.9;0;622;200;114;80;96759;3.29;0.09;0.28;0.35
1981;8;21;233;16.5;14.5;10.5;13.7;12;8.5;1.1;-0.5;0.16;3.4;1.9;0;171;36;96;39;96873;1.11;20.71;0.29;0.35
1981;8;22;234;19.8;14.6;8.2;10.7;8.2;6.2;0.8;0.2;0.16;3.4;1.9;0;586;182;108;81;97491;3.03;0.04;0.3;0.35
1981;8;23;235;17.4;13.4;9.5;12.7;10.3;6.3;0.7;0.2;0.16;3.3;1.9;0;340;79;92;53;97405;1.36;4.34;0.3;0.35
1981;8;24;236;18.3;13.5;7.8;9.7;7.1;5.1;1.7;-1.4;0.16;3.3;1.9;0;540;173;102;77;97777;2.94;0.05;0.3;0.35
1981;8;25;237;19;14.5;10.8;7.7;6.1;3.3;1;-2.2;0.16;3.3;1.9;0;606;185;113;82;98225;3.18;0;0.3;0.35
1981;8;26;238;19.7;15.1;9.9;11.6;8.6;6.8;1.3;-0.6;0.16;3.3;1.9;0;454;133;84;58;98193;2.21;0.25;0.29;0.35
1981;8;27;239;21.2;15.8;10.6;13.3;10.5;8.5;1;-0.6;0.16;3.2;1.9;0;486;148;87;60;97754;2.33;0.76;0.29;0.35
1981;8;28;240;16.2;13.4;11.3;12;9.3;7.7;1;-0.3;0.16;3.2;1.9;0;272;70;87;42;97445;1.65;5.11;0.29;0.35
1981;8;29;241;18.5;14.8;10.9;12.3;10.7;9.5;0;-0.2;0.16;3.2;1.9;0;348;109;78;44;97281;1.62;0.18;0.29;0.35
1981;8;30;242;20.3;15.8;12.2;14;12.4;10.6;-0.5;-0.5;0.16;3.2;1.9;0;495;142;88;51;97450;2.17;2.45;0.29;0.35
1981;8;31;243;21.1;16.9;13.1;15.3;13.5;12;-0.2;0.5;0.16;3.1;1.9;0;288;89;77;36;97495;1.57;0.2;0.29;0.35
1981;9;1;244;21.4;16.1;11.4;16.3;14.3;11.1;-0.5;-0.8;0.16;3.1;1.9;0;451;111;71;41;97390;2.02;21.69;0.3;0.35
1981;9;2;245;19.8;15.7;12.3;13;10.7;8.7;-1;-0.9;0.16;3.1;1.9;0;517;161;94;63;97935;2.7;0.31;0.31;0.35
1981;9;3;246;18.8;15;10;10.6;9.3;7.4;-0.7;-1.3;0.16;3.1;1.9;0;457;130;84;58;98187;2.03;0.18;0.31;0.35
1981;9;4;247;19;15.4;12.3;10.2;9;7.6;-1.3;-2;0.16;3.1;1.9;0;405;123;78;53;98308;2.25;0.23;0.31;0.35
1981;9;5;248;19.6;15.4;11.3;9.3;8.2;7.5;-0.9;-2;0.16;3;1.9;0;550;162;95;69;98198;2.73;0;0.3;0.35
1981;9;6;249;20.8;16.2;11.8;12.2;9.3;7.6;-0.3;-1;0.16;3;1.9;0;515;133;104;56;98254;2.22;0;0.3;0.35
1981;9;7;250;21;15.1;8.3;13;10.4;7.5;0.3;0.6;0.16;3;1.9;0;561;158;106;75;98273;2.25;0;0.3;0.35
1981;9;8;251;22.5;16.3;9.5;13.3;11.6;8.8;0.3;1.3;0.16;3;1.9;0;599;183;118;81;98158;2.56;0;0.3;0.35
1981;9;9;252;22.2;16.8;11.4;15.2;13;10.1;-0.1;0;0.15;2.9;1.9;0;501;140;89;55;97946;1.9;1.68;0.3;0.35
1981;9;10;253;18.5;15.9;13.8;16.3;14.6;13.4;-0.5;-0.2;0.15;2.9;1.9;0;297;64;63;36;97627;1;12.16;0.31;0.35
1981;9;11;254;19.5;15.8;12.8;13.9;12.9;11.6;0.1;-0.3;0.15;2.9;1.9;0;279;88;68;37;97340;1.45;0.38;0.31;0.35
1981;9;12;255;20.7;16.2;10.4;15.1;12.5;10;-0.1;-0.2;0.15;2.9;1.9;0;450;128;90;57;97543;1.82;0.2;0.31;0.35
1981;9;13;256;22.7;17.8;12.7;15.2;13.9;11.4;-0.2;0.6;0.15;2.9;1.9;0;528;155;99;60;97563;2.21;1.14;0.3;0.35
1981;9;14;257;17.2;14.2;9.9;13.5;9.9;6.3;0.9;-1;0.15;2.8;1.9;0;330;73;91;48;97642;1.68;9.68;0.31;0.35
1981;9;15;258;16.9;12.6;8.3;6.8;5.8;5;1.6;-1.5;0.15;2.8;1.9;0;499;152;107;79;97721;2.21;0;0.31;0.34
1981;9;16;259;18.5;13.6;7.6;11.3;8.4;4.8;0.2;0;0.15;2.8;1.9;0;422;103;89;56;97605;1.39;0.05;0.31;0.34
1981;9;17;260;16.2;13.3;10.6;12.1;10.8;9.7;-1;0.1;0.15;2.7;1.9;0;415;115;76;41;97671;1.71;2.46;0.31;0.34
1981;9;18;261;18;14.8;12.3;13.1;11.5;10;-0.6;0.8;0.15;2.7;1.9;0;245;67;66;28;97488;1.09;0.11;0.31;0.34
1981;9;19;262;22.3;15.9;9.2;16;13.1;8.9;0.3;-0.1;0.15;2.6;1.9;0;532;138;97;58;97228;1.78;1.01;0.31;0.34
1981;9;20;263;23.5;17.2;11.9;15.9;14;11.8;0.8;0.7;0.15;2.6;1.9;0;369;109;82;48;97283;1.72;0.02;0.31;0.34
1981;9;21;264;26.3;19.5;13.6;16.5;14.7;13;1.7;2.2;0.15;2.6;1.9;0;514;159;106;74;97347;2.46;0;0.31;0.34
1981;9;22;265;26.7;20.2;13.3;17.3;15.4;12.8;1.6;2.3;0.15;2.5;1.9;0;535;160;102;78;97507;2.42;0;0.3;0.34
1981;9;23;266;25.4;19.9;16.3;16.6;15;12.9;1.3;0.5;0.15;2.5;1.9;0;477;131;85;57;97321;2.37;3.03;0.3;0.34
1981;9;24;267;18.4;16.3;14.5;13.9;12.8;11.3;-0.6;0;0.15;2.4;1.9;0;290;72;61;29;97409;1.37;6.11;0.3;0.34
1981;9;25;268;21.4;16.7;12.4;14.4;12.7;10.7;0.6;1.5;0.15;2.4;1.9;0;448;116;98;56;96736;2.04;2.72;0.31;0.34
1981;9;26;269;22.7;16.5;10.1;13.7;11.7;9.7;0.7;2.3;0.15;2.4;1.9;0;458;138;102;78;97138;1.99;0;0.31;0.34
1981;9;27;270;23.4;17.5;12.3;13.7;12.6;10.9;0.3;2.1;0.15;2.3;1.9;0;516;141;106;74;97034;1.99;0.01;0.31;0.34
1981;9;28;271;21.2;16.5;12.7;15.8;14.2;11.5;-0.6;-0.2;0.15;2.3;1.9;0;346;83;62;38;96615;1.45;14.71;0.31;0.34
1981;9;29;272;16.8;14.3;12.3;14;11.2;5.6;0;-1.4;0.15;2.2;1.9;0;238;65;63;32;96833;2;9.83;0.32;0.34
1981;9;30;273;14.7;12.8;11.4;11.1;8.7;5.7;1.5;-2.1;0.15;2.2;1.9;0;136;37;60;31;97339;1.73;8.72;0.33;0.34
1981;10;1;274;18.1;13.5;10;10.5;9.7;8.3;0.3;0.8;0.15;2.2;1.9;0;415;104;88;58;97202;1.47;0.38;0.33;0.34
1981;10;2;275;18.1;13.4;9.2;11.8;10.4;8.9;0.2;2;0.14;2.1;1.9;0;355;93;67;45;96340;1.3;3.26;0.33;0.34
1981;10;3;276;18.2;14.8;12.2;11.9;11;9.1;0.1;1;0.14;2.1;1.9;0;339;84;86;46;96091;1.39;1.58;0.33;0.34
1981;10;4;277;18.7;15.3;11.6;14.3;11.9;9.4;0.2;1.3;0.14;2;1.9;0;306;80;83;58;96742;1.04;0.69;0.33;0.34
1981;10;5;278;21.5;15.6;10.4;13;11.8;9.7;1.2;1.3;0.14;2;1.9;0;412;102;95;66;97295;1.32;0.02;0.33;0.34
1981;10;6;279;23.8;16.8;10;14.5;12.4;9.6;1.7;1.5;0.14;2;1.9;0;483;135;108;82;97455;1.7;0;0.33;0.34
1981;10;7;280;20.4;16.2;12.2;13.6;11.4;10;1.3;0;0.14;1.9;1.9;0;322;73;76;48;97782;1.14;1.18;0.33;0.34
1981;10;8;281;17.2;13.7;11;11.3;10.2;8.9;0.1;0.6;0.14;1.9;1.9;0;322;70;84;50;98332;0.98;0;0.33;0.34
1981;10;9;282;18.8;12.7;7.5;11.3;9.3;7.3;0.2;0.9;0.14;1.8;1.9;0;486;126;120;78;97845;1.31;0;0.33;0.34
1981;10;10;283;15.6;11.8;8.2;12.4;9.9;7.8;0;0.2;0.14;1.8;1.9;0;277;42;60;32;97246;0.61;4.74;0.33;0.34
1981;10;11;284;20.2;13.2;8.6;13.1;7.9;-2.5;1.3;-0.4;0.14;1.8;1.9;0;340;79;108;44;96226;1.95;4.68;0.33;0.34
1981;10;12;285;11.1;8.2;4.9;3.1;1.3;-2.1;0.4;2;0.14;1.7;1.9;0;295;81;106;75;96561;0.89;0.06;0.33;0.34
1981;10;13;286;12.1;8.1;3.5;5.7;1.5;-1.7;1.2;-0.8;0.14;1.7;1.9;0;404;114;121;80;96572;1.27;0.55;0.33;0.34
1981;10;14;287;13;7.2;0.7;2.5;1.1;-1;0.6;1.4;0.14;1.6;1.9;0;429;117;113;84;97314;1.13;0;0.33;0.34
1981;10;15;288;16.4;10.9;6.3;9.3;6.5;2.2;1;0.7;0.14;1.6;1.9;0;416;86;93;47;96663;0.86;0.12;0.33;0.34
1981;10;16;289;15.7;11.2;7;8.6;5.8;2.9;-0.5;-0.5;0.14;1.6;1.9;0;431;110;106;62;97659;1.19;0.07;0.33;0.34
1981;10;17;290;16;11.1;7.3;9.6;7.2;3.5;-0.4;0.6;0.14;1.6;1.9;0;383;99;103;59;98239;0.93;0;0.33;0.34
1981;10;18;291;20.6;12.6;5.9;12.8;9.4;5.6;1.1;0.7;0.14;1.6;1.9;0;457;120;116;77;97721;1.06;0;0.33;0.34
1981;10;19;292;18.1;12.7;8.7;11.6;9.1;7.8;0.2;0.1;0.14;1.5;1.9;0;391;84;92;52;97682;1;0.7;0.33;0.34
1981;10;20;293;17.9;13.7;10.9;11.3;10.5;9.8;0.1;2;0.13;1.5;1.9;0;321;76;82;49;97234;0.8;0.02;0.33;0.34
1981;10;21;294;18.5;13.5;9.3;12;10.1;9.1;0.5;2.1;0.13;1.5;1.9;0;323;82;99;59;96636;0.9;0.74;0.33;0.34
1981;10;22;295;12.3;9.6;5;11.3;8.4;3.3;-0.3;-0.9;0.13;1.5;1.9;0;81;18;78;22;96392;0.81;17.67;0.33;0.34
1981;10;23;296;8.7;6.5;4.5;4;3.1;2.1;-0.7;-0.7;0.13;1.5;1.9;0;200;46;59;36;97272;0.67;0.88;0.34;0.34
1981;10;24;297;9.5;6;3.8;2;0;-2.1;0.5;-2;0.13;1.5;1.9;0;260;60;84;57;97464;0.82;0.03;0.34;0.34
1981;10;25;298;9.6;5.5;0.9;0.6;-0.1;-1.2;0.2;1.8;0.13;1.5;1.9;0;385;86;113;72;97514;0.75;0.08;0.34;0.34
1981;10;26;299;12;7.8;3.5;5.7;3.7;0.5;-0.9;1.5;0.13;1.4;1.9;0;312;73;78;53;97170;0.69;0.45;0.34;0.34
1981;10;27;300;7.7;7;5.6;7;5.5;4.4;-0.3;-1.4;0.13;1.4;1.9;0;45;11;36;20;96748;0.51;14.43;0.35;0.34
1981;10;28;301;12;7.1;2.5;4.2;2.4;0.3;0.4;-0.1;0.13;1.4;1.9;0;380;95;112;72;97637;0.92;1.08;0.35;0.34
1981;10;29;302;12.7;6.5;0.5;4.7;2.7;-0.4;0.7;1.6;0.13;1.4;1.9;0;407;101;115;82;98119;0.71;0;0.35;0.34
1981;10;30;303;13.5;7.4;1.2;6.1;3.9;0.4;1.7;1.2;0.13;1.4;1.9;0;327;78;89;61;97482;0.61;0;0.35;0.34
1981;10;31;304;15.1;9.2;3.9;7.7;5.8;3.2;1.6;0.6;0.13;1.4;1.9;0;317;67;75;53;97492;0.53;0;0.35;0.34
1981;11;1;305;16.9;10.9;7;10.4;7.7;5.8;1.1;0.2;0.12;1.4;1.9;0;265;57;76;46;98184;0.43;0;0.35;0.34
1981;11;2;306;18.7;11.5;6.6;10.9;8.1;5.6;1.4;0;0.12;1.4;1.9;0;322;75;102;57;98018;0.63;0;0.35;0.34
1981;11;3;307;14.5;10.5;6.9;9.7;7.4;5.9;-0.5;0;0.12;1.3;1.9;0;248;57;68;37;98430;0.45;0;0.35;0.34
1981;11;4;308;13.9;9.6;5.5;8.1;6.4;4.6;0;0.6;0.12;1.3;1.9;0;336;77;98;59;98399;0.57;0;0.35;0.34
1981;11;5;309;14.5;8.8;3.5;9.8;6.9;3.1;-0.1;-0.3;0.12;1.3;1.9;0;327;77;88;52;97908;0.49;1.13;0.35;0.34
1981;11;6;310;10.2;6.8;2.1;7.3;0.2;-2.6;1;-1.7;0.12;1.3;1.9;0;375;84;111;74;97957;1.13;1.58;0.35;0.34
1981;11;7;311;4.8;1.8;-1.3;1;-3.6;-7.4;0.6;-1.1;0.12;1.3;1.9;0.13;264;61;102;77;97999;0.79;2.22;0.35;0.34
1981;11;8;312;4.1;0.4;-2.1;-6.1;-7.5;-8.3;0.8;-2;0.12;1.3;1.9;0.27;380;85;120;87;98133;0.56;0;0.35;0.34
1981;11;9;313;3.8;0.4;-2;-5.4;-6.6;-7.7;0.8;-2;0.12;1.3;1.9;0.27;328;75;104;73;97955;0.52;0.21;0.35;0.34
1981;11;10;314;2.9;-0.2;-2.4;-6;-7.8;-9.1;0.7;-2.8;0.12;1.2;1.9;0.27;330;75;96;82;98341;0.5;0;0.35;0.34
1981;11;11;315;5.1;0.1;-3.8;-3.6;-6.3;-7.9;0.9;0.6;0.12;1.2;1.9;0.27;372;88;121;79;98078;0.38;0.15;0.35;0.34
1981;11;12;316;8.1;2.8;-0.2;-0.1;-1.6;-3.4;0.9;0.2;0.13;1.2;1.9;0.71;253;58;81;42;97609;0.33;0.41;0.35;0.34
1981;11;13;317;9.8;4.1;-0.5;3.5;0.7;-2.2;0.7;0.1;0.12;1.2;1.9;0.59;217;55;79;45;97933;0.27;0.54;0.35;0.34
1981;11;14;318;6.5;2.9;-1.2;2.5;-1.8;-5;1.2;-1.5;0.12;1.2;1.9;0.49;273;61;110;67;97639;0.6;2.08;0.35;0.34
1981;11;15;319;4.1;1.3;-1.4;-4.9;-5.9;-7.4;0.2;-3.6;0.12;1.2;1.9;0.44;269;62;91;70;97932;0.54;0;0.35;0.34
1981;11;16;320;4.9;2.2;-0.1;-3.7;-4.9;-5.8;0.7;-2.7;0.12;1.2;1.9;0.49;221;49;84;57;98096;0.48;0.12;0.35;0.34
1981;11;17;321;4.6;0.8;-1.6;-2.1;-3.6;-5.1;-0.2;0.8;0.12;1.2;1.9;0.45;329;73;101;75;98401;0.31;0;0.35;0.34
1981;11;18;322;4.4;0.7;-2.1;0;-2;-3.9;0.2;0.6;0.12;1.2;1.9;0.41;190;38;64;43;98275;0.1;0;0.35;0.34
1981;11;19;323;8.5;2.5;-1.8;3.7;0.1;-3.3;0.9;0.4;0.12;1.2;1.9;0.34;248;54;69;42;98194;0.2;0;0.35;0.34
1981;11;20;324;12.2;4.5;-0.5;5.7;2.1;-1.2;0.6;0.5;0.11;1.2;1.9;0.22;291;66;95;58;98674;0.3;0;0.35;0.34
1981;11;21;325;13.5;5;-0.7;7.9;2.8;-1.5;1.4;0.4;0.11;1.2;1.9;0.15;313;71;103;60;98420;0.28;0;0.34;0.34
1981;11;22;326;13.6;6.6;1.2;8.6;4;0.7;1.1;0;0.11;1.2;1.9;0.08;244;58;101;52;98330;0.3;0;0.34;0.34
1981;11;23;327;12.8;4.9;-0.4;7;2.8;-1;1.2;0.4;0.11;1.2;1.9;0;304;69;106;66;97999;0.3;0;0.34;0.34
1981;11;24;328;11.3;5.1;1.2;5.6;2.8;0.2;1.4;0.3;0.11;1.2;1.9;0;245;58;102;60;97493;0.29;0.19;0.34;0.34
1981;11;25;329;5.1;3;-2.3;4;1.6;-3.2;0.2;0.4;0.11;1.2;1.9;0;146;29;71;37;97814;0.33;6.32;0.35;0.34
1981;11;26;330;5.3;0.4;-4.5;-2.8;-4.9;-7.5;1.5;0;0.11;1.2;1.9;0.06;295;67;115;67;98183;0.53;0.69;0.35;0.34
1981;11;27;331;5.7;1.6;-0.8;-1.2;-2.3;-3.3;0.1;1.2;0.12;1.2;1.9;0.73;179;42;81;48;97790;0.21;0.14;0.35;0.34
1981;11;28;332;4.5;1.4;-0.4;2.9;0.1;-2.2;0.6;-0.2;0.16;1.2;1.9;3.11;116;24;52;28;96487;0.1;7.09;0.35;0.34
1981;11;29;333;4.1;1.3;-1.3;-1.3;-4;-5.8;1.6;-1.6;0.16;1.2;1.9;3.86;166;35;69;46;96271;0.54;0.04;0.35;0.34
1981;11;30;334;6.4;2;-1.2;-0.8;-3.9;-5.7;1.1;1;0.16;1.2;1.9;3.57;289;55;107;49;96587;0.44;0.69;0.35;0.34
1981;12;1;335;4.1;2.4;-0.9;3;-0.5;-4.9;0.3;0.1;0.15;1.2;1.9;3.17;64;14;57;33;96312;0.35;4.2;0.35;0.34
1981;12;2;336;4;0.5;-1.9;-3.9;-5.6;-6.2;1.3;-1.8;0.15;1.2;1.9;2.89;268;59;109;72;97570;0.4;0;0.36;0.34
1981;12;3;337;2.8;0.4;-1.5;-4.6;-5.8;-6.8;0.8;-2.2;0.15;1.2;1.9;2.9;173;37;77;48;98247;0.3;0.25;0.35;0.34
1981;12;4;338;1.9;-0.4;-2.8;-3.6;-5.4;-6.6;0.8;1.3;0.15;1.2;1.9;3.06;147;27;66;35;97151;0.14;0.44;0.35;0.34
1981;12;5;339;3.9;0.4;-2.4;-2.5;-4.5;-6.6;1;-0.3;0.15;1.2;1.9;3.2;202;46;105;60;96528;0.19;0.03;0.35;0.34
1981;12;6;340;4.9;0.7;-3.2;-1.1;-3.2;-5.5;0.6;1.6;0.15;1.2;1.9;2.91;256;51;99;60;96487;0.13;0.01;0.35;0.34
1981;12;7;341;2.9;0.4;-2.7;0.7;-1.1;-3.3;0.6;0.6;0.14;1.2;1.9;2.65;93;24;90;43;95564;0.06;0.76;0.35;0.34
1981;12;8;342;7.3;3;-2.8;3.2;-0.4;-3.8;1.9;1.7;0.14;1.2;1.9;2.3;278;54;103;61;95123;0.3;0.11;0.35;0.34
1981;12;9;343;6.3;3;0.1;3.4;1.4;-0.4;0.3;0.1;0.13;1.2;1.9;1.54;132;26;60;27;95318;0.23;5.02;0.36;0.34
1981;12;10;344;4.6;1;-1.8;0.2;-1.2;-2.7;0;0.4;0.13;1.2;1.9;1.61;180;38;100;43;96354;0.31;0.74;0.36;0.34
1981;12;11;345;1.4;0.7;-0.5;0.5;-1;-2.2;-0.6;0.8;0.14;1.2;1.9;2.32;80;14;20;11;96234;0.12;0.94;0.36;0.34
1981;12;12;346;4.1;1.6;-0.7;2.6;-0.1;-3.7;0.7;-0.5;0.14;1.2;1.9;2.38;84;13;44;21;95286;0.19;7.52;0.36;0.34
1981;12;13;347;-1;-2.4;-5.4;-3.5;-8.7;-13.3;0.2;-1.7;0.16;1.2;1.9;3.82;173;33;112;62;96438;0.43;2.05;0.37;0.34
1981;12;14;348;1.9;-1.9;-4.9;-5.8;-9;-13;0.7;1.9;0.17;1.2;1.9;4.31;233;47;92;55;95540;0.15;0.39;0.37;0.34
1981;12;15;349;2.8;-1.3;-3.9;-2.9;-5.3;-7.3;1.1;0.6;0.17;1.2;1.9;4.32;138;31;84;54;95454;0.16;0.16;0.37;0.34
1981;12;16;350;1.9;-0.6;-2.3;-0.6;-3.7;-5.8;0.2;-0.4;0.17;1.2;1.9;4.8;74;16;70;35;95013;0.05;1.54;0.37;0.34
1981;12;17;351;-0.8;-2.5;-5.1;-5.1;-6.6;-7.6;-1.1;0.6;0.18;1.2;1.9;5.24;140;31;60;40;96616;0.27;0.39;0.36;0.34
1981;12;18;352;-1.2;-1.8;-2.6;-2.1;-5.3;-7.8;-1.2;0.7;0.21;1.2;1.9;7.11;72;14;36;14;96361;0.12;8.65;0.36;0.34
1981;12;19;353;1.1;-1.8;-6.9;-0.6;-5.1;-12.4;1;-1.4;0.33;1.2;1.9;15.65;77;14;70;23;95757;0.34;8.74;0.37;0.34
1981;12;20;354;-4.7;-8.3;-14.2;-12.7;-16;-19.4;0.9;-0.6;0.34;1.1;1.9;17.17;204;42;117;63;97328;0.28;0;0.37;0.34
1981;12;21;355;-5.5;-10.8;-16.8;-10.5;-15.4;-21.1;0.8;0.8;0.34;1.1;1.9;16.88;192;40;85;43;96686;0.2;0;0.37;0.34
1981;12;22;356;-2.1;-5;-10;-4.3;-7.5;-11.6;0.1;-0.6;0.34;1.1;1.9;16.94;101;21;27;14;95983;0.22;1.64;0.37;0.34
1981;12;23;357;-1.3;-3.8;-11.1;-2.5;-4.7;-11.7;0.3;-0.4;0.35;1.1;1.9;22.26;38;9;63;22;95672;0.06;7.31;0.37;0.34
1981;12;24;358;-0.6;-5.8;-12.8;-1.8;-7.2;-14.1;0.2;0.3;0.35;1.1;1.9;25.63;190;39;97;29;95505;0.16;2.8;0.37;0.34
1981;12;25;359;1.4;-0.5;-1.9;-0.7;-2.4;-4.4;1;-0.3;0.35;1.1;1.9;28.75;97;22;48;27;96040;0.1;1.82;0.37;0.34
1981;12;26;360;1.2;-3.6;-11.5;-4.7;-7.1;-13.1;1.4;-0.7;0.34;1.1;1.9;28.7;172;32;85;46;97058;0.2;0.09;0.37;0.34
1981;12;27;361;-3;-9.2;-15.8;-6.3;-11.5;-17.8;0.6;0.4;0.34;1.1;1.9;28.3;207;45;103;53;97181;0.11;0;0.37;0.34
1981;12;28;362;-0.1;-6;-12.6;-3.3;-8.3;-14.5;0.7;0.8;0.34;1.1;1.9;28.16;193;41;90;46;96716;0.1;0;0.37;0.34
1981;12;29;363;4.4;1.6;-4;2.6;0.4;-5;0.2;2;0.34;1.1;1.9;26.46;89;18;42;14;95816;-0.2;0.92;0.37;0.34
1981;12;30;364;4.2;1.6;-2.1;2.8;0.1;-2.8;0.7;1.2;0.33;1.1;1.9;22.55;207;44;104;49;96119;-0.13;0.16;0.37;0.34
1981;12;31;365;8.3;4.8;1.1;4.8;3.1;0.7;0.8;2.2;0.28;1.1;1.9;15.05;196;37;75;38;96036;-0.28;0.47;0.38;0.34
1982;1;1;1;4.4;2.8;1.3;2.9;1.9;0.8;0.5;-0.9;0.23;1.1;1.9;10.44;69;12;12;-3;96346;0;14.54;0.39;0.34
1982;1;2;2;6.6;2.6;-4.7;2.3;-0.6;-6.5;1.3;-1.4;0.19;1.1;1.9;7.4;128;30;83;40;97366;0.39;5.72;0.4;0.35
1982;1;3;3;5.5;-0.4;-4.6;0.5;-3.3;-7;1.1;0.5;0.18;1.1;1.9;6.26;210;39;86;41;97842;0.09;0;0.4;0.35
1982;1;4;4;7.5;1.1;-2.2;2.9;-1.2;-3.8;1.6;0.5;0.17;1;1.9;5.31;227;48;85;51;97175;0.01;0;0.4;0.35
1982;1;5;5;7.4;1.1;-1.5;3;-0.8;-2.6;1.5;0.6;0.15;1;1.9;4.43;217;46;87;50;97022;0.07;0;0.4;0.35
1982;1;6;6;8.2;2.6;-0.5;3.5;0.2;-6;1.3;0.2;0.15;1;1.9;3.7;255;56;96;57;96069;0.25;0.84;0.4;0.35
1982;1;7;7;-0.1;-4.5;-6.7;-8.5;-16.4;-18.2;1.1;-3;0.14;1;1.9;3.25;291;61;121;94;97575;0.27;0.01;0.4;0.35
1982;1;8;8;-5.1;-6.6;-8.5;-15.7;-17.7;-18.9;0;0;0.14;1;1.9;3.22;277;58;107;77;98243;0.04;0.31;0.4;0.35
1982;1;9;9;-3.7;-5.6;-7;-10;-12.7;-15.4;-0.8;1.2;0.15;1;1.9;3.77;181;33;60;35;97377;0.07;0.79;0.39;0.35
1982;1;10;10;-6.2;-8.1;-10.6;-9.1;-11.7;-14;-1.1;-0.2;0.22;1;1.9;7.2;70;14;42;19;97305;0.08;4.89;0.39;0.35
1982;1;11;11;-2.7;-6.1;-10.5;-4.8;-9.3;-13.9;-0.1;0.6;0.25;1;1.9;9.06;155;34;48;25;96683;0.12;1.37;0.39;0.35
1982;1;12;12;-0.8;-4.4;-7.3;-4.9;-6.9;-10.1;-0.6;-0.7;0.25;1;1.9;9.7;173;31;54;35;97365;0.21;0.38;0.39;0.35
1982;1;13;13;-3.9;-9.5;-15.5;-9.5;-13.1;-17.2;0.4;-0.4;0.25;1;1.9;9.74;275;59;118;68;99190;0.22;0;0.39;0.35
1982;1;14;14;-5.4;-12.6;-20;-10.6;-15.8;-22.3;0.5;0.4;0.25;1;1.9;9.61;249;51;115;60;99520;0.13;0.03;0.39;0.36
1982;1;15;15;-3.3;-10.6;-18.1;-8.3;-14;-21.5;0.2;0.2;0.24;1;1.9;9.3;275;61;103;60;99089;0.17;0;0.38;0.36
1982;1;16;16;-2.7;-8.1;-12.7;-7.2;-10.8;-14.6;0.2;0.2;0.24;1;1.9;8.95;278;58;107;58;98847;0.14;0.02;0.38;0.36
1982;1;17;17;-1.4;-7.2;-11.9;-7.3;-10.8;-14.4;0;0.1;0.23;1;1.9;8.53;280;59;102;56;98779;0.12;0;0.38;0.36
1982;1;18;18;-1.2;-6.7;-10.2;-6.4;-9.7;-12.6;-0.1;-0.3;0.22;1;1.9;8;286;64;104;61;98806;0.11;0;0.38;0.36
1982;1;19;19;-2.1;-7.9;-12.5;-6.5;-10.3;-14.7;0;-0.2;0.21;0.9;1.9;7.62;259;60;105;60;98771;0.12;0;0.38;0.36
1982;1;20;20;-4.8;-8.8;-11.3;-8.4;-10.8;-12.8;-0.1;0.1;0.21;0.9;1.9;7.47;224;48;82;44;98718;0.1;0.05;0.38;0.36
1982;1;21;21;-3.4;-8.1;-12;-8.1;-11;-13.4;0.3;0;0.21;0.9;1.9;7.47;233;52;79;43;98612;0.1;0.08;0.38;0.36
1982;1;22;22;-0.2;-7.1;-14.6;-6.3;-10.8;-16.6;0.4;0.5;0.21;0.9;1.9;7.26;266;59;88;48;98269;0.12;0;0.38;0.36
1982;1;23;23;1.2;-3.7;-7.6;-4.6;-7;-9.8;-0.1;0.1;0.2;0.9;1.9;6.97;250;54;79;36;97999;0.12;0.03;0.38;0.36
1982;1;24;24;0.5;-2.6;-5.7;-3.2;-4.8;-7.2;-0.3;-0.3;0.2;0.9;1.9;7.06;205;38;54;25;98030;0.08;0.92;0.38;0.36
1982;1;25;25;-0.8;-2.8;-4.3;-4.3;-5.9;-6.9;-0.8;-0.7;0.22;0.9;1.9;7.8;146;30;54;24;98109;0.12;0.5;0.38;0.36
1982;1;26;26;-0.1;-4.1;-6.8;-6.5;-8.1;-9.7;0.3;1.1;0.22;0.9;1.9;7.82;303;64;115;56;97353;0.16;0;0.38;0.36
1982;1;27;27;2;-1.7;-5.2;-2.1;-5;-9.5;0;0.2;0.23;0.9;1.9;8.36;195;37;42;17;96570;0.11;3.71;0.37;0.36
1982;1;28;28;4.5;-1.2;-5.3;-0.9;-3.7;-6.2;0.5;0.3;0.26;0.9;1.9;10.27;268;62;106;50;97697;0.07;0.16;0.38;0.36
1982;1;29;29;4.3;-2.2;-6.2;-1.3;-5;-8.1;1.4;0.3;0.24;0.9;1.9;9.07;185;47;95;47;97245;0.1;0.3;0.38;0.36
1982;1;30;30;3.8;0.3;-3.8;1.4;-1.4;-5.6;1.4;0.9;0.25;0.9;1.9;9.53;100;25;58;24;96869;0.08;4.31;0.38;0.36
1982;1;31;31;8.9;2.7;-0.5;1.5;-2.5;-7.9;1.8;-1.8;0.23;0.9;1.9;8.63;227;51;103;62;97067;0.46;0.84;0.38;0.36
1982;2;1;32;3.3;-0.5;-4;-7.3;-8.5;-9.3;0.8;-3.1;0.21;0.9;1.9;7.12;282;69;103;85;98240;0.35;0;0.38;0.36
1982;2;2;33;0.3;-2.6;-5.7;-7.8;-8.9;-10.9;-0.6;-1.4;0.2;0.9;1.9;6.76;277;66;84;61;98724;0.19;0.05;0.38;0.36
1982;2;3;34;0.3;-2.7;-4.4;-7.1;-8;-8.5;-0.4;0.4;0.19;0.9;1.9;6.3;310;74;114;68;98878;0.1;0.08;0.38;0.36
1982;2;4;35;0.1;-3.1;-6;-6.6;-7.5;-8.9;-0.3;0.5;0.19;0.9;1.9;5.88;272;66;90;50;99278;0.12;0;0.38;0.36
1982;2;5;36;2;-2.3;-4.6;-6;-6.6;-7.4;0.1;1;0.18;0.9;1.9;5.6;357;82;119;66;99341;0.13;0;0.38;0.36
1982;2;6;37;5.5;-1.2;-5.8;-5.7;-7.4;-9;0.4;0.7;0.17;0.8;1.9;4.97;378;92;128;74;98544;0.14;0;0.38;0.36
1982;2;7;38;8.7;2.2;-2.2;-1.2;-4.1;-6.8;0.4;0.1;0.16;0.8;1.9;3.96;355;83;103;48;98185;0.07;0;0.38;0.36
1982;2;8;39;8.5;1.8;-3.3;0.4;-2.3;-5.4;1;0.4;0.15;0.8;1.9;3;311;74;91;51;97705;0.05;1.12;0.38;0.36
1982;2;9;40;7.5;1.9;-2.4;-0.9;-3.4;-5;0.8;-1.3;0.14;0.8;1.9;2.43;389;97;119;77;98319;0.28;0;0.38;0.36
1982;2;10;41;6.5;0.8;-3.6;-1.6;-3.6;-6.2;-0.1;0.4;0.13;0.8;1.9;1.89;403;101;123;78;99008;0.06;0;0.38;0.36
1982;2;11;42;4.4;0.3;-2.2;-0.7;-2.2;-3.7;-0.3;1.4;0.12;0.8;1.9;1.49;307;80;112;61;98914;0.08;0;0.38;0.36
1982;2;12;43;6;0.7;-2.4;-0.3;-2.8;-4.1;-0.3;0.4;0.12;0.8;1.9;1.2;413;104;116;76;98492;0.08;0;0.38;0.36
1982;2;13;44;5.3;-0.2;-3.2;-0.5;-2.9;-4.9;-0.6;0.5;0.12;0.8;1.9;0.94;409;104;108;63;98128;0.07;0.03;0.38;0.36
1982;2;14;45;1.4;-1.4;-2.7;-3.2;-4.2;-4.9;-0.7;0.7;0.12;0.8;1.9;0.92;324;67;77;39;97904;0.07;0.12;0.38;0.36
1982;2;15;46;1.9;-1.1;-3.2;-2.5;-3.7;-4.7;-0.7;0.3;0.12;0.8;1.9;0.92;310;74;64;36;97745;0.07;0.04;0.38;0.36
1982;2;16;47;5.4;0.6;-2;0.5;-1.6;-2.9;-0.6;0.6;0.12;0.8;1.9;0.84;380;87;108;52;97941;0.06;0.01;0.37;0.36
1982;2;17;48;7.5;2.1;-0.7;2.3;0;-1.5;-1.1;0.6;0.11;0.8;1.9;0.65;323;80;72;41;98083;0.11;0;0.37;0.36
1982;2;18;49;3.9;0.5;-1.8;-1.1;-1.7;-2.4;-1;-0.3;0.11;0.8;1.9;0.67;300;73;70;35;98048;0.23;2.02;0.37;0.36
1982;2;19;50;1.5;-0.2;-1.7;-1.2;-2.7;-6.2;-1.4;-0.8;0.16;0.8;1.9;4.04;135;35;38;22;98206;0.21;2.76;0.37;0.36
1982;2;20;51;-0.1;-2.3;-3.6;-7.1;-9.5;-11.2;-1.7;-1.1;0.18;0.8;1.9;4.85;254;68;93;57;98380;0.26;0.27;0.37;0.36
1982;2;21;52;-1.2;-3.2;-4.9;-9.2;-10.2;-10.9;-1.3;-1;0.18;0.9;1.9;4.78;289;72;71;57;98387;0.14;0.11;0.37;0.36
1982;2;22;53;-4;-4.6;-6;-6.1;-8.4;-10.6;-1.8;-1.2;0.23;0.9;1.9;7.87;116;30;54;27;97503;0.1;7.62;0.37;0.36
1982;2;23;54;-1;-6.4;-14.2;-7;-9.6;-15.7;-0.3;1;0.3;0.9;1.9;12.15;404;101;128;68;97100;0.34;0.04;0.37;0.36
1982;2;24;55;1.3;-4.3;-11.3;-4.1;-7.9;-14.1;-0.4;-0.1;0.28;0.9;1.9;11.25;404;101;121;61;96861;0.26;0.1;0.37;0.36
1982;2;25;56;1.3;-1.7;-5.2;-0.8;-3.4;-6.7;-0.1;-1.3;0.3;0.9;1.9;12.33;119;34;30;15;96372;0.16;5.73;0.37;0.37
1982;2;26;57;3.6;-0.4;-3.2;-1.7;-4.2;-7.5;0.5;-1.3;0.34;0.9;1.9;15.71;320;74;98;43;96552;0.34;0.71;0.37;0.37
1982;2;27;58;3;-0.8;-4.3;-3.2;-5.9;-8.8;0;-0.1;0.31;0.9;1.9;13.36;353;85;106;59;97255;0.36;0;0.37;0.37
1982;2;28;59;5.3;0.5;-4;-1.7;-4.3;-7.6;0.8;1;0.27;0.9;1.9;10.64;378;104;110;57;97587;0.29;0;0.38;0.37
1982;3;1;60;13.1;4.5;-1.2;3.1;-0.9;-3.1;0.6;0.4;0.23;0.9;1.9;7.42;387;98;108;50;97256;0.26;0;0.38;0.37
1982;3;2;61;5.2;2;-0.7;3.1;0.3;-2.7;1;-1;0.19;0.9;1.9;5.16;198;41;56;29;96872;0.28;8.65;0.38;0.37
1982;3;3;62;10.1;4.2;-2.5;0.1;-2.7;-4.9;1.1;1.3;0.17;0.9;1.9;3.68;498;136;130;82;97794;0.72;0;0.39;0.37
1982;3;4;63;13;5.1;-1.4;0;-1.7;-4.6;1.2;0.8;0.15;1;1.9;2.32;495;134;125;70;97231;0.71;0.02;0.39;0.37
1982;3;5;64;8.1;4.7;2.3;2.2;-1.2;-5.6;-0.3;-2.4;0.14;1;1.9;1.5;276;67;59;30;97982;0.61;0.41;0.39;0.37
1982;3;6;65;4.1;2.3;0.5;-4.5;-5.9;-7.5;-1.5;-3.9;0.14;1;1.9;1.27;246;69;49;41;98588;0.66;0.75;0.39;0.37
1982;3;7;66;4.3;1.4;-0.4;0.8;-1.9;-5.6;-0.6;-2;0.19;1;1.9;5.35;176;37;33;16;98521;0.31;7.12;0.38;0.37
1982;3;8;67;5.7;3;-0.1;0.4;-1;-2.2;-0.9;-0.1;0.2;1;1.9;5.97;320;76;62;29;98319;0.55;0.35;0.39;0.37
1982;3;9;68;8.4;3.1;-0.9;-0.4;-1.7;-2.9;-0.3;1.3;0.18;1;1.9;4.33;493;134;126;70;97873;0.69;0;0.39;0.37
1982;3;10;69;11.5;4.6;-2.2;0.6;-1.2;-3.8;1.5;1.9;0.16;1;1.9;2.74;539;148;129;85;97252;0.74;0;0.39;0.37
1982;3;11;70;8.5;5;2.2;3.9;-0.9;-7.1;1.4;0.4;0.14;1;1.9;1.44;221;59;76;47;96287;1.03;2.55;0.39;0.37
1982;3;12;71;9.4;4.3;-0.8;-3;-6.3;-8.4;1;0.1;0.14;1;1.9;0.96;527;146;123;89;97309;1.03;0;0.39;0.37
1982;3;13;72;6;2.8;-0.2;-0.7;-2.9;-6.1;0.7;-0.7;0.14;1;1.9;0.75;221;56;59;44;97109;0.59;0.99;0.39;0.37
1982;3;14;73;7.5;3.1;-0.8;-2.9;-4.6;-6.4;0.8;-3.1;0.13;1.1;1.9;0.61;508;145;119;80;97878;0.98;0.08;0.38;0.37
1982;3;15;74;8.4;2.6;-3.1;-3.3;-5;-6.1;0;0;0.13;1.1;1.9;0.44;498;147;122;88;98240;0.77;0;0.38;0.37
1982;3;16;75;8.8;3.3;-1.4;-1.7;-3.7;-6;-0.2;1.9;0.13;1.1;1.9;0.3;575;173;136;94;97608;0.8;0;0.38;0.37
1982;3;17;76;12.2;4.9;-0.9;0.2;-1.7;-3.5;0.9;2;0.13;1.1;1.9;0.21;579;166;124;85;97010;1;0;0.38;0.37
1982;3;18;77;6.8;3.8;0.3;4.8;2.3;-1.4;0;0.1;0.13;1.1;1.9;0.13;161;45;56;22;96632;0.51;19.28;0.38;0.37
1982;3;19;78;8.2;4.3;-0.4;2.6;-0.1;-2.5;1.3;-0.4;0.13;1.1;1.9;0.09;348;106;103;54;96586;1.05;2.57;0.4;0.37
1982;3;20;79;8.9;3.6;-2.3;0.4;-2;-4.5;-0.7;1;0.13;1.2;1.9;0.02;505;137;111;73;96950;0.85;0.04;0.4;0.37
1982;3;21;80;7.2;3.4;0;1.2;-0.2;-1.2;-1.6;-0.9;0.13;1.2;1.9;0;330;99;73;39;97670;0.85;0.96;0.39;0.37
1982;3;22;81;5.3;2.2;-0.9;-0.2;-2.2;-4.5;-1.4;-1.2;0.13;1.2;1.9;0.09;507;135;97;60;98050;1.22;1.61;0.39;0.37
1982;3;23;82;6.5;2.5;-1.3;-1.5;-3;-4.1;-1.1;-2;0.14;1.2;1.9;0.45;334;82;80;49;98317;0.9;0.95;0.39;0.37
1982;3;24;83;8.7;3.4;-1.3;-0.7;-2.5;-4.8;-0.9;-1.2;0.14;1.2;1.9;0.38;584;159;123;79;98923;0.95;0.05;0.39;0.37
1982;3;25;84;9.3;3.7;-2.3;-0.4;-2.6;-3.9;0.4;-0.3;0.14;1.2;1.9;0.22;466;152;119;78;98906;0.98;0;0.39;0.37
1982;3;26;85;13.8;6.3;-2;3;-1.1;-4.4;0.6;0;0.14;1.3;1.9;0.14;609;186;134;85;98489;1.35;0;0.39;0.37
1982;3;27;86;16.4;8.1;-1.3;5.2;1.9;-2.4;0;0.8;0.14;1.3;1.9;0.05;626;193;138;90;97978;1.51;0;0.38;0.37
1982;3;28;87;16.4;9.6;2.4;3.3;1.8;-0.5;2.3;2.2;0.14;1.3;1.9;0;628;171;130;84;97108;1.6;0;0.38;0.37
1982;3;29;88;16;9.5;2.4;4.6;2.9;1.1;1.3;1.2;0.14;1.3;1.9;0;606;183;130;93;96667;1.69;0.28;0.38;0.37
1982;3;30;89;9.4;6.5;2;6.8;4.5;0.6;0.8;-0.4;0.14;1.3;1.9;0;220;48;77;34;96121;0.64;10.43;0.38;0.37
1982;3;31;90;10.1;8.4;6.9;6.2;5.5;4.8;0;-1.8;0.14;1.4;1.9;0;150;44;28;17;96730;0.66;1.19;0.39;0.37
1982;4;1;91;11.5;8.2;6.1;5.6;4.6;3.6;-0.5;-0.8;0.14;1.4;1.9;0;290;58;59;24;97771;0.5;0.11;0.39;0.37
1982;4;2;92;13.1;9.2;4.2;6.9;5.2;3.2;-0.5;-0.1;0.14;1.4;1.9;0;393;104;68;42;97575;0.92;0.28;0.38;0.37
1982;4;3;93;16.6;9.7;1.8;7.6;4.9;1.3;0.5;-1.1;0.14;1.4;1.9;0;564;172;112;72;97477;1.62;0.81;0.38;0.37
1982;4;4;94;14.8;8.7;2.2;4.7;2.7;0.7;0.2;-0.3;0.14;1.4;1.9;0;456;129;117;66;97771;1.36;0.03;0.38;0.37
1982;4;5;95;16.1;10.2;3.2;5.1;3.1;0.8;-0.3;0.8;0.14;1.4;1.9;0;641;201;137;90;98006;1.83;0;0.38;0.37
1982;4;6;96;19.8;12.5;5.2;8.3;5.5;2;1;1.6;0.14;1.5;1.9;0;656;201;129;91;97681;1.98;0;0.38;0.37
1982;4;7;97;16.5;12;7.4;8.8;6.8;4.6;0.6;-0.4;0.14;1.5;1.9;0;454;126;78;57;97572;1.51;0.91;0.37;0.37
1982;4;8;98;19.2;12.8;5.8;8.3;6.6;5.1;1.8;1.3;0.14;1.5;1.9;0;668;200;127;77;96678;2.1;0.89;0.37;0.37
1982;4;9;99;10.9;7.5;3.5;7.8;-2.8;-7.9;0.8;-2.1;0.15;1.5;1.9;0;669;194;127;84;97070;2.28;1.95;0.37;0.37
1982;4;10;100;11.2;6.5;2.4;0.9;-0.9;-2.3;0.1;0.5;0.15;1.5;1.9;0;612;181;125;86;97009;1.6;0.02;0.37;0.37
1982;4;11;101;13.2;7.1;0;2.8;0.3;-1.6;0.5;0.6;0.15;1.6;1.9;0;617;185;117;80;96836;1.8;1.09;0.37;0.37
1982;4;12;102;9.6;6.1;3.5;3.3;2.1;0.9;-0.7;0.3;0.15;1.6;1.9;0;472;129;87;48;96784;1.71;4.68;0.37;0.37
1982;4;13;103;6;3.4;1;1.9;0.8;-0.3;-0.7;-0.5;0.17;1.6;1.9;1.43;271;74;42;25;97069;1.31;7.26;0.37;0.37
1982;4;14;104;7;4.1;1.6;0.9;-2.2;-6.8;-0.9;-2.9;0.17;1.6;1.9;1.37;263;74;58;34;97400;1.83;3.4;0.37;0.37
1982;4;15;105;8.8;5.5;2.9;-1.2;-4;-6.7;-1;-1.9;0.16;1.6;1.9;1.1;432;117;82;49;97682;1.34;0.07;0.37;0.37
1982;4;16;106;12.1;6.8;0.9;3;0.4;-3.1;-0.3;-0.3;0.16;1.7;1.9;0.65;633;171;111;64;97400;1.56;0;0.37;0.37
1982;4;17;107;14.1;8.7;1.3;4.1;1.8;0.1;-0.3;-0.6;0.15;1.7;1.9;0.28;616;175;119;66;96996;1.84;0.38;0.37;0.37
1982;4;18;108;11.8;7.5;2.6;5.5;2.1;-0.7;0.1;-1.2;0.15;1.7;1.9;0.1;504;165;104;78;97120;1.82;1.07;0.37;0.37
1982;4;19;109;9.6;4.9;-0.5;2.4;0.4;-2.2;0.1;-1.4;0.15;1.8;1.9;0;547;192;120;84;97403;1.92;1.78;0.37;0.37
1982;4;20;110;10.6;5;-2.3;1.7;-1.6;-4.1;0.1;-1.1;0.15;1.8;1.9;0;535;173;109;78;97444;1.81;0.52;0.37;0.37
1982;4;21;111;10.6;5.6;0;-0.3;-2.6;-4.5;-0.5;-1.9;0.15;1.8;1.9;0;545;177;116;78;97388;1.86;0.13;0.37;0.37
1982;4;22;112;9.3;4.8;1;3.4;0.1;-2.4;-0.4;-1.2;0.16;1.8;1.9;0;599;175;104;66;97447;2.14;4.68;0.37;0.37
1982;4;23;113;8.6;4.8;0.8;2.1;-1;-3.8;-0.2;-1.3;0.16;1.9;1.9;0;666;190;119;74;97532;2.05;1.62;0.37;0.37
1982;4;24;114;10.9;6;-1.7;1.3;-1.5;-3.6;0;-0.2;0.16;1.9;1.9;0;641;218;124;89;97560;2.07;0.36;0.36;0.37
1982;4;25;115;12.5;7.6;0.7;1.8;0.3;-2.5;0.4;-2.1;0.16;1.9;1.9;0;594;211;121;83;98004;2.21;0.37;0.36;0.37
1982;4;26;116;14.6;9.6;3.2;1.6;0.5;-0.6;1.7;-1.4;0.16;2;1.9;0;558;168;111;70;97618;2.17;0.09;0.36;0.37
1982;4;27;117;9.5;6.6;4.3;2.3;-1.2;-5.1;0.8;-3.2;0.16;2;1.9;0;658;181;118;72;97377;2.52;3.12;0.36;0.37
1982;4;28;118;11.1;7.5;2.8;1.5;-2.7;-4.3;0.8;-3.4;0.16;2;1.9;0;519;168;110;77;97273;2.16;0.32;0.36;0.37
1982;4;29;119;12.6;8.2;3.7;5.1;3.4;1.8;-0.2;-1.3;0.16;2.1;1.9;0;646;191;110;70;96963;2.43;2.24;0.36;0.37
1982;4;30;120;11.9;6.8;1.5;2.9;-1.4;-4.4;1;-2.6;0.16;2.1;1.9;0;697;197;125;80;97020;2.43;0.43;0.36;0.37
1982;5;1;121;10;6.2;-0.2;3;-1.1;-4.2;1.3;0.6;0.16;2.1;1.9;0;315;116;83;55;97474;1.42;0.49;0.35;0.37
1982;5;2;122;14.5;8.7;0.7;4.9;2;-0.6;0.1;-0.1;0.16;2.1;1.9;0;621;208;113;77;97648;2.5;1.09;0.35;0.37
1982;5;3;123;18.2;11.1;4.1;4.7;3.1;1.4;1.2;1.4;0.16;2.2;1.9;0;641;221;124;86;97601;2.87;0;0.35;0.37
1982;5;4;124;19.6;13;4.6;7.2;5;3.1;1.7;2.7;0.16;2.2;1.9;0;713;249;135;101;97385;3.12;0;0.35;0.37
1982;5;5;125;18.4;13.7;9.2;7.4;5.8;3.1;1.6;3.3;0.17;2.2;1.9;0;656;205;115;80;97207;2.8;0.31;0.34;0.37
1982;5;6;126;19.1;13.9;6.7;10.1;8.5;5.5;0.6;2;0.17;2.3;1.9;0;477;172;89;68;97296;2.47;1.06;0.34;0.37
1982;5;7;127;17.6;13;8.5;10.8;6.7;3.6;0.6;-0.3;0.17;2.3;1.9;0;562;195;114;72;97649;2.73;0.95;0.34;0.37
1982;5;8;128;9.7;8.9;8.2;8.1;5.9;3.3;0.1;-0.6;0.17;2.3;1.9;0;147;44;38;21;97976;1.05;5.81;0.34;0.37
1982;5;9;129;17;12.3;7.5;11.7;9.3;6.5;0.1;1.7;0.17;2.4;1.9;0;427;116;45;28;97381;1.75;0.81;0.34;0.37
1982;5;10;130;15.6;13.3;10.3;13.5;11.9;9.9;-0.4;-0.1;0.17;2.4;1.9;0;200;60;28;17;97535;1.03;12.95;0.35;0.37
1982;5;11;131;16.7;12.1;8.8;11.2;8.1;5.9;0.8;-0.5;0.17;2.4;1.9;0;470;107;126;49;97758;2.04;6.21;0.36;0.37
1982;5;12;132;16.6;11.4;5.6;7.5;5.8;3.7;-0.7;-0.6;0.17;2.5;1.9;0;565;184;101;75;98604;2.35;0;0.36;0.37
1982;5;13;133;16.6;12.5;6.3;7.2;5;3.9;-0.5;-1.5;0.17;2.5;1.9;0;550;181;108;72;98507;2.61;0.03;0.35;0.37
1982;5;14;134;19.9;13.7;5.6;8.5;6.1;3.6;-0.6;-1.5;0.17;2.5;1.9;0;695;226;128;82;98152;3.23;0.01;0.35;0.37
1982;5;15;135;19.2;14.4;7.1;9.4;6.7;5.1;-0.8;-0.6;0.17;2.5;1.9;0;694;245;125;90;97935;3.36;0;0.35;0.37
1982;5;16;136;21.5;15.8;7.9;11.9;9.2;5.9;0.2;0.8;0.17;2.6;1.9;0;697;233;123;82;97685;3.26;0.02;0.34;0.37
1982;5;17;137;23;16.6;8.6;13.6;11.1;8;0.5;0.9;0.17;2.6;1.9;0;691;226;116;78;97596;3.29;0.03;0.34;0.37
1982;5;18;138;23.8;16.4;9.3;13.8;12;8.9;0.8;0.5;0.17;2.6;1.9;0;660;208;111;72;97525;3.11;2.45;0.34;0.37
1982;5;19;139;23;16.4;9.5;15.4;12.8;9;0.9;-0.5;0.17;2.6;1.9;0;641;195;101;67;97684;2.95;3.88;0.34;0.37
1982;5;20;140;22.5;16.5;10;15;13.1;9.8;0.6;0;0.17;2.7;1.9;0;603;199;100;67;97906;3.03;4.39;0.34;0.37
1982;5;21;141;20.7;15.6;10.1;14.9;13;10.1;0.6;-0.5;0.17;2.7;1.9;0;501;151;80;56;97886;2.44;6.42;0.34;0.37
1982;5;22;142;23;16.7;9.2;14.7;12.4;9.2;0.6;0.8;0.17;2.7;1.9;0;633;216;106;65;97601;3.35;0.55;0.34;0.37
1982;5;23;143;19.3;15.5;12.2;14.9;13.2;11.4;0.4;1.1;0.17;2.7;1.9;0;308;104;64;42;96992;1.98;6.67;0.34;0.37
1982;5;24;144;14.2;11.8;10.6;12.9;9.4;5.9;1.3;-0.8;0.17;2.7;1.9;0;108;39;57;26;96848;1.52;30.99;0.36;0.37
1982;5;25;145;18.3;14.1;9.4;8.2;6.5;5.2;-0.1;-2.5;0.17;2.8;1.9;0;470;175;96;69;97901;3.13;0.01;0.37;0.37
1982;5;26;146;19.8;15.2;9.1;12.2;9.6;6.4;0.2;-1;0.17;2.8;1.9;0;506;156;94;59;98275;2.38;0.04;0.36;0.37
1982;5;27;147;23;17.7;9.4;16.3;12.6;8.6;0;0.4;0.17;2.8;1.9;0;590;218;101;71;97993;3.3;0.15;0.36;0.37
1982;5;28;148;25;19.6;12.6;15.9;14.1;11.6;0;0.2;0.17;2.8;1.9;0;686;232;112;71;97789;3.74;6.12;0.36;0.37
1982;5;29;149;18.8;15.9;13.1;14.5;11.3;7.1;-0.2;-2.6;0.17;2.9;1.9;0;430;134;93;51;98178;2.82;3.36;0.36;0.37
1982;5;30;150;18.9;15.1;12;11.2;9;6.6;0.2;-1.8;0.17;2.9;1.9;0;294;93;66;38;98472;1.9;0;0.36;0.37
1982;5;31;151;22.1;17.5;12.1;12.9;10.2;9;-0.6;-0.4;0.17;2.9;1.9;0;657;246;127;85;98562;3.81;0;0.36;0.37
1982;6;1;152;24.1;19;12;15.1;11.8;9.2;-0.3;0;0.17;2.9;1.9;0;715;261;127;92;98459;4.01;0;0.35;0.37
1982;6;2;153;25.3;20;11;16.5;12.7;10.2;-0.2;0.1;0.17;2.9;1.9;0;654;249;114;84;98121;4.09;0;0.35;0.37
1982;6;3;154;26.6;21;12.1;15.9;13.1;11.2;-0.1;0.2;0.17;3;1.9;0;676;240;112;77;97974;4.17;0.01;0.35;0.37
1982;6;4;155;26.6;21;13.1;17.3;13.6;12.1;0;0.5;0.17;3;1.9;0;617;237;113;79;97991;4.05;0.03;0.34;0.37
1982;6;5;156;26.6;20.9;13;15.7;13.7;11.8;0.5;0.6;0.17;3;1.9;0;643;236;108;80;97755;4.03;0;0.34;0.37
1982;6;6;157;27.3;21.1;13.6;15.5;13.9;12.1;0.9;0.7;0.17;3;1.9;0;681;244;117;83;97321;4.21;0.01;0.33;0.37
1982;6;7;158;26;19.8;14.1;17.1;14.9;12.7;0.9;-0.7;0.17;3;1.9;0;579;195;98;70;97362;3.34;2.61;0.33;0.37
1982;6;8;159;20.6;17.5;14.5;14.7;12.8;11.3;-0.6;0;0.17;3.1;1.9;0;399;141;84;49;97730;2.57;0.78;0.33;0.37
1982;6;9;160;24.5;18.9;12;16.3;14.2;11.6;0.7;0.3;0.17;3.1;1.9;0;570;198;91;68;97450;3.15;0.43;0.33;0.36
1982;6;10;161;23.5;18.7;13.6;16.9;15.1;12.7;-0.1;-0.5;0.17;3.1;1.9;0;563;184;89;59;97276;2.94;3.65;0.33;0.36
1982;6;11;162;24.1;18.7;14.7;17.5;15.5;13.6;-0.1;1;0.17;3.1;1.9;0;494;157;95;44;97051;2.99;2.39;0.33;0.36
1982;6;12;163;22;18.3;14.4;16.8;14.9;11.3;0.9;1.4;0.17;3.2;1.9;0;418;131;63;41;96547;3.07;10.36;0.33;0.36
1982;6;13;164;16.2;13.5;10.4;11.7;10;8.8;0.9;-0.1;0.17;3.2;1.9;0;299;88;61;36;96326;2.47;11.68;0.34;0.36
1982;6;14;165;17.4;13.9;10.3;8.3;5.7;3.1;1.8;-2.4;0.17;3.2;1.9;0;580;210;120;78;96637;4.06;0.1;0.34;0.36
1982;6;15;166;19.6;14.2;8.3;9.4;5.4;3.5;1.2;-0.8;0.17;3.2;1.9;0;541;209;101;80;97227;3.54;0.23;0.34;0.36
1982;6;16;167;19.7;15;9.2;13.4;10;5.3;0.6;0.6;0.17;3.2;1.9;0;461;156;77;55;97367;2.43;0.76;0.33;0.36
1982;6;17;168;19.6;15.1;9.5;10.7;8.5;6.5;-0.4;-1;0.17;3.2;1.9;0;545;192;91;73;97536;3.39;0.02;0.33;0.36
1982;6;18;169;21.9;16.6;11.9;16;11.5;6.9;-0.3;0.5;0.17;3.3;1.9;0;545;148;79;42;97296;2.43;8.72;0.33;0.36
1982;6;19;170;17;15.1;10.8;14.1;11.5;9.3;1.3;0.2;0.17;3.3;1.9;0;345;108;77;51;97377;2.45;5.78;0.34;0.36
1982;6;20;171;20.9;16.1;8.9;12.9;10.5;8;0.1;0;0.17;3.3;1.9;0;453;167;83;63;97544;2.76;0;0.34;0.36
1982;6;21;172;24.3;18.1;10.2;17.1;13.5;9.7;0.6;0.2;0.17;3.3;1.9;0;555;199;95;61;97418;3.3;2.1;0.34;0.36
1982;6;22;173;25;20;13;16.7;15.1;12.5;0.1;0.9;0.17;3.3;1.9;0;611;209;94;64;97263;3.77;0.01;0.33;0.36
1982;6;23;174;27.6;21.7;15.5;17.6;16;13.7;1.4;1;0.17;3.3;1.9;0;589;217;84;58;96840;4.41;5.68;0.33;0.36
1982;6;24;175;23;19.5;15.9;15.1;13.1;10.9;0.5;0.8;0.17;3.3;1.9;0;493;156;95;54;97321;3.23;0;0.33;0.36
1982;6;25;176;26.2;20.8;13.5;19.3;16;12.1;-0.5;0.3;0.17;3.4;1.9;0;532;180;83;54;97172;3.21;0.06;0.33;0.36
1982;6;26;177;30.3;23.9;17.1;19.5;18;16.2;0.5;0.4;0.17;3.4;1.9;0;648;235;95;67;96573;4.39;0;0.33;0.36
1982;6;27;178;20.5;17.6;14.4;18.2;14.3;8.7;0.8;-1.4;0.17;3.4;1.9;0;209;62;70;38;96685;2.1;41.78;0.34;0.36
1982;6;28;179;21.9;17.7;13.7;13.5;10.2;8.9;1.5;-0.2;0.17;3.4;1.9;0;593;222;105;74;97222;4.12;0.22;0.35;0.36
1982;6;29;180;21.6;15.9;11.1;14.5;12.5;10.3;0.5;-0.1;0.17;3.4;1.9;0;546;140;90;57;97412;2.52;7.18;0.35;0.36
1982;6;30;181;20.9;16.2;9.8;13.3;9.5;6.5;1.1;-1;0.17;3.4;1.9;0;621;239;119;84;97875;4.34;0.92;0.35;0.36
1982;7;1;182;21;16.8;10.5;11.6;8.5;6.5;1;-0.8;0.17;3.4;1.9;0;601;217;105;76;98071;3.9;0.1;0.35;0.36
1982;7;2;183;23.3;18.7;13.4;15.7;13;10.2;-0.2;0.6;0.17;3.5;1.9;0;648;196;103;61;97719;3.41;0.11;0.35;0.36
1982;7;3;184;27.8;21.3;13.1;19.9;16.8;12.2;0.3;0.7;0.17;3.5;1.9;0;686;240;101;72;97236;4.08;0;0.34;0.36
1982;7;4;185;25.9;19.4;14.5;18.4;14.9;11.6;1.3;-0.1;0.17;3.5;1.9;0;557;159;89;58;97360;3.31;6.81;0.34;0.36
1982;7;5;186;23.4;18.5;11.5;14.5;12.8;10.9;0.6;1;0.17;3.5;1.9;0;495;201;92;73;97936;3.66;0.39;0.34;0.36
1982;7;6;187;24.2;19.5;12.8;16.9;14.3;11.7;-0.1;-0.3;0.17;3.5;1.9;0;574;203;90;66;97644;3.44;0.27;0.34;0.36
1982;7;7;188;22.5;18.5;15;15.7;13;10.6;0.1;-1.6;0.17;3.5;1.9;0;565;189;102;62;97561;3.69;0.83;0.34;0.36
1982;7;8;189;22.2;17.8;11.9;13.2;10.2;7.9;-0.4;-1.2;0.17;3.5;1.9;0;521;199;99;70;98049;3.76;0.01;0.33;0.36
1982;7;9;190;22.9;19.1;13.8;15;11.6;10;-0.4;-0.1;0.17;3.6;1.9;0;535;206;98;71;97947;3.61;0.04;0.33;0.36
1982;7;10;191;25.4;19.7;13.3;14;11.5;9.7;-0.6;-1.5;0.17;3.6;1.9;0;643;227;109;79;97671;4.22;0;0.33;0.36
1982;7;11;192;25.3;20;13.7;15;12.5;10.3;0.3;-2.6;0.17;3.6;1.9;0;559;207;88;64;97441;4.19;1.5;0.32;0.36
1982;7;12;193;24.2;18.7;14.8;17.4;14.8;13.1;1.3;-1.5;0.17;3.6;1.9;0;438;133;86;49;96905;3.41;11.97;0.33;0.36
1982;7;13;194;24.4;19.7;13.7;17.7;15.3;12.7;0.3;-0.4;0.17;3.6;1.9;0;634;204;98;63;97079;3.57;3.04;0.33;0.36
1982;7;14;195;24.5;20.1;14.3;18.7;16.5;13.8;-0.3;0.4;0.17;3.6;1.9;0;602;184;82;57;97136;3.26;0.94;0.33;0.36
1982;7;15;196;25.8;21;14.8;20.1;17.7;14.7;-0.2;-0.1;0.17;3.6;1.9;0;554;185;84;52;97303;3.27;0.4;0.33;0.36
1982;7;16;197;26.5;22.1;15.8;20.2;18.5;15.7;-0.2;-0.4;0.17;3.6;1.9;0;572;198;89;58;97645;3.61;1.54;0.32;0.36
1982;7;17;198;26.7;22;16.3;19;17.8;16.3;0.2;-0.4;0.17;3.6;1.9;0;579;177;79;54;97665;3.3;2.75;0.32;0.36
1982;7;18;199;24.2;20.3;17.1;18.4;17.2;16.1;0.6;-1;0.17;3.6;1.9;0;412;138;68;43;97761;2.93;15.9;0.32;0.36
1982;7;19;200;24.3;19.9;17.2;19.2;17.5;16.3;0.1;-1.2;0.17;3.6;1.9;0;343;105;63;28;97955;2.42;26.95;0.35;0.36
1982;7;20;201;27.3;22.7;16.5;20.1;17.9;15.8;0.2;0;0.17;3.6;1.9;0;611;219;90;62;98033;4.23;0.96;0.36;0.36
1982;7;21;202;29.2;22.9;15.6;19.7;17.8;15.6;0.9;0.5;0.17;3.6;1.9;0;677;228;101;68;97704;4.48;0.57;0.35;0.36
1982;7;22;203;26.3;22.1;16.6;19.6;18.1;15.9;0.5;-0.6;0.17;3.6;1.9;0;586;191;88;63;97294;3.53;0.61;0.35;0.36
1982;7;23;204;24.2;20.1;16.9;18.6;17.4;16.3;0.6;-0.6;0.17;3.6;1.9;0;507;152;75;47;97261;3.17;12.6;0.35;0.36
1982;7;24;205;24.2;20;16.3;18.3;17.2;15.6;0;-0.1;0.17;3.6;1.9;0;511;159;78;50;97253;3;2.72;0.36;0.36
1982;7;25;206;22.9;19.1;16.1;17.9;16.8;15.7;0.2;-0.4;0.17;3.6;1.9;0;364;129;72;40;97230;2.64;8.64;0.36;0.36
1982;7;26;207;21.9;18.4;16.4;16.6;15;13.1;1.5;-1.9;0.17;3.6;1.9;0;323;82;65;33;96983;2.47;6.99;0.37;0.36
1982;7;27;208;21.5;18.5;15.3;12.9;12.2;11.6;0;-2.7;0.17;3.6;1.9;0;532;178;89;62;97044;3.73;0.05;0.36;0.36
1982;7;28;209;22.2;18.4;13.9;16.1;13.3;11.3;0.1;-0.4;0.17;3.6;1.9;0;447;160;76;58;97225;2.89;0.16;0.36;0.36
1982;7;29;210;24.3;19.3;13.4;16.4;15;12.8;0.3;-0.9;0.17;3.6;1.9;0;569;190;90;66;97549;3.35;0.46;0.36;0.35
1982;7;30;211;23.1;19.1;13;17.1;14.4;12.3;-0.2;0.2;0.17;3.6;1.9;0;461;165;75;55;97675;3.08;0;0.36;0.35
1982;7;31;212;26.2;20;16.8;19;16.8;14.5;-0.4;0.6;0.17;3.6;1.9;0;540;157;73;47;96968;2.85;15.33;0.35;0.35
1982;8;1;213;25.9;20.6;16.3;16.3;14.7;12.9;0.6;-1.5;0.17;3.6;1.9;0;607;188;103;60;97011;4.04;0.83;0.36;0.35
1982;8;2;214;23.6;19.7;13.8;16.4;14.7;12.6;-0.6;0.2;0.17;3.6;1.9;0;484;172;90;58;97366;3.23;0.29;0.36;0.35
1982;8;3;215;25.5;21;16.1;16.6;15.3;13.8;-1.1;1.7;0.17;3.6;1.9;0;587;200;91;62;97404;3.92;0;0.36;0.35
1982;8;4;216;23.6;19.4;15.9;18.3;16.6;14.8;-0.4;-0.2;0.17;3.6;1.9;0;455;149;78;48;97351;2.84;11.58;0.36;0.35
1982;8;5;217;22.7;19.1;15.7;17.9;16.6;15.5;0.3;-0.6;0.17;3.6;1.9;0;427;124;77;43;97193;2.36;1.23;0.36;0.35
1982;8;6;218;24;19.4;14.5;18.5;16.7;14.3;0;0;0.17;3.6;1.9;0;555;152;80;53;97070;2.61;2.07;0.36;0.35
1982;8;7;219;22.8;18.9;14.8;18.2;16.7;14.4;-0.1;-0.1;0.17;3.5;1.9;0;366;135;70;42;96982;2.5;10.14;0.36;0.35
1982;8;8;220;21.8;18.6;15.9;18.6;16.9;15.2;0;-0.9;0.17;3.5;1.9;0;313;86;48;27;97330;1.85;8.66;0.37;0.35
1982;8;9;221;23.5;19.2;15;17.5;16.3;14.5;0.1;-0.7;0.17;3.5;1.9;0;508;164;86;51;97620;2.98;1.81;0.37;0.35
1982;8;10;222;23.9;19.9;15.3;17.9;16.3;14.6;0.5;-0.7;0.17;3.5;1.9;0;507;163;82;55;97751;3.01;1.17;0.37;0.35
1982;8;11;223;24.8;20.8;16;17.1;14.7;13.4;0;-0.6;0.17;3.5;1.9;0;558;191;92;64;98057;3.65;0.12;0.37;0.35
1982;8;12;224;26.8;21.5;15.7;17.7;16.1;14.1;0.2;1.4;0.17;3.5;1.9;0;654;214;108;73;97809;3.95;0;0.36;0.35
1982;8;13;225;29.2;22.8;15.5;19.4;17.6;14.8;0.3;1.2;0.17;3.5;1.9;0;646;214;107;75;97422;4.05;0;0.36;0.35
1982;8;14;226;27.7;22.2;17.5;19.4;18;15.9;0.6;0.1;0.17;3.5;1.9;0;601;180;90;59;97372;3.42;3.81;0.36;0.35
1982;8;15;227;26.9;22.7;19.5;18.8;17.6;16.8;-0.3;1.2;0.17;3.5;1.9;0;551;185;83;57;97618;3.77;0.01;0.36;0.35
1982;8;16;228;26.8;21.7;17.6;18.7;17.5;16.6;0.6;0;0.17;3.5;1.9;0;545;170;90;57;97390;3.33;3.85;0.35;0.35
1982;8;17;229;23.6;19.2;15.7;18.9;17.2;14.4;0.6;-0.2;0.17;3.5;1.9;0;402;110;62;38;97208;2.23;20.74;0.36;0.35
1982;8;18;230;23;18.8;13.8;15.2;13.5;11.2;0.8;0.4;0.16;3.4;1.9;0;545;166;84;71;97530;3.15;0.01;0.37;0.35
1982;8;19;231;26.5;20.6;13.4;17.5;15.1;12.4;0;0.9;0.16;3.4;1.9;0;642;208;109;75;97271;3.67;0;0.36;0.35
1982;8;20;232;25.7;20.9;15.5;16.8;15.3;11.2;0.2;1.1;0.16;3.4;1.9;0;622;175;96;62;96872;3.71;4.41;0.36;0.35
1982;8;21;233;17.7;15;12.9;11.3;9.9;8.4;0.5;-0.1;0.16;3.4;1.9;0;293;83;51;36;97394;2.2;5.98;0.37;0.35
1982;8;22;234;19.5;16;12.3;11.4;7.9;5.2;0.5;-1.5;0.16;3.4;1.9;0;474;132;88;58;97818;2.93;0.22;0.36;0.35
1982;8;23;235;20.9;16.1;10.4;12;9.5;7.7;0.4;0.2;0.16;3.3;1.9;0;572;175;105;74;97814;3.01;0;0.36;0.35
1982;8;24;236;21.9;16.7;10.4;14.3;11.6;9.3;0.4;0;0.16;3.3;1.9;0;478;160;88;63;97272;2.6;0.53;0.36;0.35
1982;8;25;237;21.4;16.8;11.5;12.6;11.2;10;0.5;0;0.16;3.3;1.9;0;580;171;109;69;97384;2.96;0.01;0.36;0.35
1982;8;26;238;24.4;18.8;13.6;15.3;13.2;10.6;-0.1;1.4;0.16;3.3;1.9;0;625;200;108;80;97334;3.33;0;0.35;0.35
1982;8;27;239;26;20;13.9;15.7;13.9;11;1.4;1.8;0.16;3.2;1.9;0;561;180;88;71;97279;3.43;0;0.35;0.35
1982;8;28;240;21.9;17.9;14.7;18.7;16.2;14.1;-0.7;-0.5;0.16;3.2;1.9;0;319;85;52;37;97590;1.65;8.75;0.35;0.35
1982;8;29;241;17.7;15.5;12.5;13.9;13;10.9;0.4;-1.4;0.16;3.2;1.9;0;210;46;57;29;97884;1.47;10.72;0.36;0.35
1982;8;30;242;18.6;15.1;11.7;12.8;11.7;10.6;0;-0.3;0.16;3.2;1.9;0;314;100;84;49;97683;1.81;0.15;0.36;0.35
1982;8;31;243;21.1;15.8;9.2;13.6;11.9;9.1;-0.2;0.9;0.16;3.1;1.9;0;586;164;107;67;97270;2.57;0;0.36;0.35
1982;9;1;244;20.8;17.1;12.8;14.2;13.1;11.7;-0.1;-0.6;0.16;3.1;1.9;0;418;123;72;49;97665;2;0.22;0.36;0.35
1982;9;2;245;21;16.7;11.6;15.8;13.5;11.2;0.6;-0.2;0.16;3.1;1.9;0;407;109;67;49;98125;1.75;0.05;0.36;0.35
1982;9;3;246;21.4;16.7;11.4;13.3;12.2;10.8;0;0.2;0.16;3.1;1.9;0;462;154;109;70;98589;2.45;0.09;0.35;0.35
1982;9;4;247;23.4;17.3;11.5;14.7;13;10.3;0.2;1.1;0.16;3.1;1.9;0;600;186;115;77;98383;2.86;0;0.35;0.35
1982;9;5;248;26.2;19.6;12.7;19.2;16;11.8;-0.2;0.6;0.16;3;1.9;0;597;187;104;71;97894;2.83;0;0.35;0.35
1982;9;6;249;28;21.2;14.4;18.1;15.6;13.8;1.5;2.1;0.16;3;1.9;0;596;169;99;69;97278;3.16;0;0.35;0.35
1982;9;7;250;25.7;20.1;14.2;17.7;15.9;13.4;0.1;-0.5;0.16;3;1.9;0;579;169;99;67;97237;2.84;5.54;0.34;0.35
1982;9;8;251;23.5;19.2;16.3;17.5;16.1;14.5;0.7;-1.5;0.16;3;1.9;0;326;102;71;42;97566;2.4;10.46;0.35;0.35
1982;9;9;252;23.4;18.7;14.9;17.8;15.4;13.2;0.2;-1.5;0.15;2.9;1.9;0;430;117;75;47;97784;2.53;6.73;0.35;0.35
1982;9;10;253;20.7;17.8;15.3;15.9;13.8;12;-0.3;-1.3;0.15;2.9;1.9;0;274;79;53;34;98222;1.72;0.36;0.36;0.35
1982;9;11;254;23.5;18.5;13.5;16.8;14.9;12.9;0.3;-0.7;0.15;2.9;1.9;0;550;158;95;62;98237;2.43;0.1;0.36;0.35
1982;9;12;255;24;19.2;13.2;16;13.6;12.4;0.2;-0.8;0.15;2.9;1.9;0;506;157;100;69;98243;2.59;0.03;0.35;0.35
1982;9;13;256;23.6;18.1;11.8;14.5;12.8;11;0.3;-0.6;0.15;2.9;1.9;0;536;164;108;74;98063;2.62;0;0.35;0.35
1982;9;14;257;23.5;18.7;13.2;15.2;13.3;11.6;0.3;-0.5;0.15;2.8;1.9;0;504;143;93;62;98061;2.34;0;0.35;0.35
1982;9;15;258;23.8;17.9;11.4;15.3;13.6;10.8;0.4;0.6;0.15;2.8;1.9;0;557;169;114;78;98148;2.55;0;0.35;0.35
1982;9;16;259;23.7;17.7;10.7;17.1;13.9;10.6;0.5;0.2;0.15;2.8;1.9;0;571;167;115;73;98200;2.29;0;0.34;0.35
1982;9;17;260;23.4;17.5;10.6;16.3;13.8;10.3;0.2;-0.1;0.15;2.7;1.9;0;553;159;113;71;98088;2.22;0;0.34;0.35
1982;9;18;261;22.8;17.7;12.1;15.2;13.7;11.8;0.2;0.3;0.15;2.7;1.9;0;469;142;111;63;97889;2.11;0;0.34;0.35
1982;9;19;262;22.8;16.9;10.7;15.8;13.2;10.6;0.5;0.2;0.15;2.6;1.9;0;563;156;114;71;97782;2.11;0;0.34;0.35
1982;9;20;263;23.4;16.8;10.1;16.5;13.7;9.7;0.1;0.5;0.15;2.6;1.9;0;554;160;113;74;97668;2.07;0;0.33;0.35
1982;9;21;264;23.7;17.7;11.4;16.2;14.4;11.4;0.6;1;0.15;2.6;1.9;0;447;121;76;52;97221;1.74;0;0.33;0.35
1982;9;22;265;23.6;18.8;15;16.5;15;14;0.5;0.6;0.15;2.5;1.9;0;455;128;96;57;96924;1.89;0.31;0.33;0.35
1982;9;23;266;20.4;16.4;12.8;15.5;14.3;12.5;0.3;-0.6;0.15;2.5;1.9;0;301;80;71;35;96800;1.47;8;0.33;0.35
1982;9;24;267;16.2;13.6;11.5;11.9;9.6;7.8;0.5;0.2;0.15;2.4;1.9;0;253;63;61;32;97370;1.55;2.79;0.34;0.35
1982;9;25;268;18.8;14.5;10.7;13.2;11.6;9.7;-0.8;0.5;0.15;2.4;1.9;0;318;93;64;44;97681;1.35;0.07;0.34;0.35
1982;9;26;269;24.4;18.3;13.5;15.5;14.3;13.1;0.7;2.7;0.15;2.4;1.9;0;381;114;94;56;97471;1.89;0.12;0.34;0.35
1982;9;27;270;22.9;18;13.4;15.6;14.3;12.5;-0.2;-0.2;0.15;2.3;1.9;0;483;130;93;63;97676;1.84;0.58;0.33;0.35
1982;9;28;271;20.3;16.6;13.2;14.7;13.8;12.8;-0.5;-0.5;0.15;2.3;1.9;0;355;85;83;38;97865;1.26;0.19;0.33;0.35
1982;9;29;272;19.8;16.6;14.5;13.8;12.7;12;-0.7;-0.2;0.15;2.2;1.9;0;381;87;76;44;97928;1.21;0.1;0.33;0.35
1982;9;30;273;20.7;16.1;12;13.9;12.6;11.3;-0.4;1.2;0.15;2.2;1.9;0;375;101;90;52;97542;1.4;0.23;0.33;0.35
1982;10;1;274;16.4;14.6;12.4;15.2;13.7;11.7;-0.3;-0.8;0.15;2.2;1.9;0;167;46;38;21;97406;0.95;28.78;0.34;0.35
1982;10;2;275;16.5;14.9;13.7;14.9;13.7;12.7;-0.2;-1.4;0.14;2.1;1.9;0;138;32;31;16;97606;0.86;7.18;0.36;0.35
1982;10;3;276;15.9;13.6;11.4;12.4;9.5;7.3;-1.1;-1.6;0.14;2.1;1.9;0;335;95;91;53;97694;1.49;0.07;0.36;0.35
1982;10;4;277;12.1;10.5;9.2;8.1;6.9;5.9;-1.4;-1.1;0.14;2;1.9;0;254;62;67;38;97599;0.87;0.45;0.36;0.35
1982;10;5;278;11.6;10.8;10.2;10.1;9.5;8;-1.5;0.1;0.14;2;1.9;0;78;17;12;9;96896;0.77;7.47;0.36;0.35
1982;10;6;279;15;12.1;10.2;12.3;10.6;6.8;-2.5;2;0.14;2;1.9;0;189;33;88;19;95943;1.65;16.65;0.37;0.35
1982;10;7;280;16.6;12.6;9.9;8.8;7.4;6.7;0.7;3.3;0.14;1.9;1.9;0;415;115;97;81;96095;1.59;0;0.38;0.35
1982;10;8;281;14.8;10.8;6.3;9.8;8.3;5.5;0.6;0.7;0.14;1.9;1.9;0;309;74;83;57;96334;1.05;4.49;0.38;0.35
1982;10;9;282;11;8.7;5.7;9.4;7.5;4.9;0.5;-0.5;0.14;1.8;1.9;0;159;41;51;30;96586;0.75;9.91;0.38;0.35
1982;10;10;283;13.8;10.3;7.3;8.1;7;6;0.4;0.5;0.14;1.8;1.9;0;271;79;78;53;97340;1.01;0.12;0.39;0.35
1982;10;11;284;16;10.2;4.7;8;6.5;4.6;0.1;0.6;0.14;1.8;1.9;0;432;121;121;76;97323;1.19;0;0.38;0.35
1982;10;12;285;11.7;8.6;3.2;9;7;3.2;0.5;-0.1;0.14;1.7;1.9;0;138;37;79;40;96774;0.72;3.9;0.39;0.35
1982;10;13;286;15.4;9.8;3.3;10;6.3;3.2;1.1;2.2;0.14;1.7;1.9;0;357;93;92;46;96034;1.35;1.19;0.39;0.35
1982;10;14;287;13.5;11.7;7.7;11.7;9.3;6.9;0.1;0.4;0.14;1.6;1.9;0;141;27;58;23;95642;0.74;3.86;0.39;0.35
1982;10;15;288;13.5;9.1;6.3;8.8;6.4;4.4;1.1;0.3;0.14;1.6;1.9;0;286;62;89;55;96454;0.81;3.12;0.39;0.35
1982;10;16;289;13.7;8.8;4.8;4.2;3;1.8;0.1;-0.2;0.14;1.6;1.9;0;462;110;120;76;97325;1.06;0;0.39;0.35
1982;10;17;290;14;8.8;3.8;6.5;4.5;2.4;0.2;0.7;0.14;1.6;1.9;0;458;117;124;74;97196;0.96;0;0.39;0.35
1982;10;18;291;16.3;9.4;3;8.9;6.2;2.6;0.8;0.5;0.14;1.6;1.9;0;448;110;110;74;97297;0.94;0;0.38;0.35
1982;10;19;292;14.8;9.6;4.4;10.2;7.7;4.3;-0.1;-0.3;0.14;1.5;1.9;0;365;83;73;49;97758;0.69;0.03;0.38;0.35
1982;10;20;293;15.7;10.6;6.7;10.2;8.6;6.7;0;0.7;0.13;1.5;1.9;0;351;86;93;52;98113;0.75;0.16;0.38;0.35
1982;10;21;294;15.5;10;6.3;9.5;8.1;6.3;0.2;1.1;0.13;1.5;1.9;0;430;102;122;68;97708;0.79;0;0.38;0.35
1982;10;22;295;16.9;10.5;4.7;10;7.9;4.6;0.1;1.6;0.13;1.5;1.9;0;437;104;114;65;97278;0.86;0.03;0.38;0.35
1982;10;23;296;14.5;11.5;8;12.2;10.2;7.5;-0.6;1;0.13;1.5;1.9;0;224;46;51;29;96908;0.61;2.35;0.38;0.35
1982;10;24;297;18.8;13.4;9.2;13;10.6;8.6;0;0.9;0.13;1.5;1.9;0;384;94;109;63;97263;0.92;0.09;0.38;0.36
1982;10;25;298;13.9;11;8.5;10.5;9.5;7.9;-0.3;-0.8;0.13;1.5;1.9;0;172;45;60;28;97815;0.62;16.34;0.39;0.36
1982;10;26;299;13.9;10.8;7.6;9.3;8.1;6.7;-0.1;-0.8;0.13;1.4;1.9;0;181;44;56;35;98083;0.6;0.09;0.39;0.36
1982;10;27;300;14.1;9.3;4.9;9;6.7;4.5;0;-0.6;0.13;1.4;1.9;0;378;86;91;62;98557;0.69;0;0.39;0.36
1982;10;28;301;12.2;9.3;5.3;9.5;7.6;4.9;0.1;-1;0.13;1.4;1.9;0;135;29;42;21;98990;0.22;0.12;0.39;0.36
1982;10;29;302;12.3;10.5;9.6;9.3;8.7;8.3;-0.4;-0.8;0.13;1.4;1.9;0;115;28;44;20;99261;0.27;0.19;0.38;0.36
1982;10;30;303;11.4;9.3;7.2;9;6.3;4.7;-1;0;0.13;1.4;1.9;0;330;82;115;54;99227;0.72;0.18;0.38;0.36
1982;10;31;304;12.1;8.2;5.2;6.6;5.5;4.3;-0.1;0.5;0.13;1.4;1.9;0;385;91;117;70;98971;0.6;0;0.38;0.36
1982;11;1;305;12.8;6.8;1.5;7.6;4.8;1.3;0.1;0.6;0.12;1.4;1.9;0;366;89;117;75;98808;0.57;0;0.38;0.36
1982;11;2;306;12.9;6.2;1.2;6;3.4;0.4;0;0.8;0.12;1.4;1.9;0;401;96;122;82;98689;0.65;0.01;0.38;0.36
1982;11;3;307;9;4.2;1.1;4.6;2.6;0.7;-0.4;0.2;0.12;1.3;1.9;0;339;86;117;73;98495;0.46;0;0.38;0.36
1982;11;4;308;10;4.7;1.1;5;2.9;1;0.1;0.3;0.12;1.3;1.9;0;370;85;111;64;98146;0.48;0.01;0.38;0.36
1982;11;5;309;7.8;5;2;6.1;2.7;-3.3;-0.3;-1;0.12;1.3;1.9;0;60;15;68;21;98074;0.49;0.95;0.38;0.36
1982;11;6;310;3.6;0.8;-2.3;-2.2;-4.6;-6.2;-1.1;-0.7;0.12;1.3;1.9;0;329;79;123;80;98418;0.51;0;0.37;0.36
1982;11;7;311;2.3;-0.8;-2.9;-3.1;-4.3;-5.7;-0.8;0.6;0.12;1.3;1.9;0;234;57;85;63;98440;0.28;0.02;0.37;0.36
1982;11;8;312;7.9;3.5;-2.4;5.7;0.2;-4.9;-0.4;2.8;0.12;1.3;1.9;0;327;72;89;52;97934;0.33;0;0.37;0.36
1982;11;9;313;15.4;10.1;6;10;7.7;5.3;0.6;2;0.12;1.3;1.9;0;316;64;73;48;97496;0.43;0.59;0.37;0.36
1982;11;10;314;13.9;10.1;6.7;10.4;8.7;6.1;-0.3;-0.1;0.12;1.2;1.9;0;218;48;52;26;97968;0.42;3.38;0.37;0.36
1982;11;11;315;11.9;9.6;7.7;9.2;8.4;7.6;-0.3;-0.5;0.12;1.2;1.9;0;141;32;34;20;98623;0.36;0.23;0.37;0.36
1982;11;12;316;11.1;7.3;4.2;7.4;5.6;3.4;-0.3;0.8;0.12;1.2;1.9;0;294;64;95;56;98321;0.38;0.03;0.37;0.36
1982;11;13;317;13.6;9.4;4;9.9;7.4;3.1;0.4;2.8;0.11;1.2;1.9;0;215;41;54;37;97053;0.64;2.12;0.37;0.36
1982;11;14;318;11.6;5.8;2.7;10.1;4.7;2.1;0.8;-0.2;0.11;1.2;1.9;0.04;28;7;41;20;96418;0.74;34.56;0.39;0.36
1982;11;15;319;7;2.7;-2.9;2.5;0.8;-3.2;0.1;0;0.11;1.2;1.9;0.04;314;65;102;60;96740;0.39;0.12;0.4;0.36
1982;11;16;320;6.1;4.1;2.8;2.5;1.5;0.7;-0.6;-0.9;0.11;1.2;1.9;0.01;152;34;57;28;97269;0.37;0.51;0.4;0.36
1982;11;17;321;5.9;2.9;0.7;1;-1.3;-4.9;1.2;-1;0.11;1.2;1.9;0.01;160;38;87;52;96658;0.38;0.25;0.4;0.36
1982;11;18;322;7.4;2.5;-2.6;-0.9;-3.3;-5.7;1.1;0.8;0.11;1.2;1.9;0.01;330;75;105;65;97138;0.43;0;0.39;0.36
1982;11;19;323;10.8;5.5;1.8;3.5;1.1;-1.4;0.6;0.7;0.11;1.2;1.9;0.01;249;53;92;42;97689;0.35;0.03;0.39;0.36
1982;11;20;324;9.9;5.3;1.5;5.8;3.2;0.4;0.4;0;0.11;1.2;1.9;0;243;52;69;46;98380;0.29;0.2;0.39;0.36
1982;11;21;325;7.8;2.9;-1.5;4.7;1.7;-2.2;0.2;0.6;0.11;1.2;1.9;0;269;53;94;56;98740;0.2;0;0.39;0.36
1982;11;22;326;10.2;3.4;-0.3;5.6;1.8;-0.9;0.8;0.8;0.11;1.2;1.9;0;312;64;112;60;98484;0.29;0.01;0.39;0.37
1982;11;23;327;10.2;3.1;-1.5;5.2;1.1;-2.4;1.3;0.8;0.11;1.2;1.9;0;318;71;113;75;98486;0.25;0;0.39;0.37
1982;11;24;328;11.8;4.9;0;6.5;2.9;-0.8;1.8;1.3;0.11;1.2;1.9;0;318;70;107;74;97646;0.24;0;0.38;0.37
1982;11;25;329;11.1;5.5;0.1;7.4;3.9;-0.5;0.5;0.9;0.11;1.2;1.9;0;230;49;77;52;97505;0.14;0;0.38;0.37
1982;11;26;330;13.2;7.5;3.4;8;5.8;3.3;0.7;1.8;0.11;1.2;1.9;0;228;46;82;48;97041;0.27;0;0.38;0.37
1982;11;27;331;11.8;7.5;5;8.1;6.3;4.9;-0.6;1.4;0.11;1.2;1.9;0;172;34;56;33;96900;0.2;0.06;0.38;0.37
1982;11;28;332;7.7;5.5;3.7;4.9;4.2;3.4;-0.7;-0.7;0.11;1.2;1.9;0;181;37;57;30;97095;0.23;0.1;0.38;0.37
1982;11;29;333;6.6;5.7;4.7;4.9;4.4;3.8;-0.8;-1.9;0.11;1.2;1.9;0;52;10;23;11;97725;0.56;7.07;0.38;0.37
1982;11;30;334;6.5;5.5;3.8;5.5;4.4;2.6;-0.8;-2;0.11;1.2;1.9;0;48;8;14;9;98439;0.63;8.04;0.39;0.37
1982;12;1;335;3.6;2.9;2.5;2.4;1.8;1.4;-0.7;-1.9;0.11;1.2;1.9;0.04;51;9;19;11;98674;0.7;7.58;0.39;0.37
1982;12;2;336;5.5;4.5;3.3;4;3.5;2.5;-0.1;-1.3;0.11;1.2;1.9;0.15;41;8;21;9;98650;0.24;1.08;0.4;0.37
1982;12;3;337;7.1;4;1.6;4.7;3.1;1.5;-0.1;-0.6;0.11;1.2;1.9;0.09;199;41;59;30;98782;0.3;0.06;0.39;0.37
1982;12;4;338;3.6;2.5;1.4;2.1;1.1;0.1;-0.5;0;0.11;1.2;1.9;0.05;70;16;29;16;99455;0.22;0.54;0.39;0.37
1982;12;5;339;3.5;0.5;-1.9;-0.1;-1.1;-3.1;0;1;0.11;1.2;1.9;0.05;230;51;100;62;99478;0.25;0.01;0.39;0.37
1982;12;6;340;4.4;0.2;-2.5;-0.7;-2.3;-3.7;0;0.7;0.11;1.2;1.9;0.03;283;60;107;69;98487;0.19;0;0.39;0.37
1982;12;7;341;5.4;1.2;-1.4;1.3;-0.7;-2.3;0.3;-0.2;0.11;1.2;1.9;0.01;252;55;95;50;97816;0.18;0;0.39;0.37
1982;12;8;342;8.8;3.5;-1.2;5.8;2;-1.9;1.3;1.2;0.1;1.2;1.9;0;225;47;79;49;97353;0.01;0;0.39;0.37
1982;12;9;343;12.1;9.1;5.8;9.1;7.2;5.1;1;2.2;0.1;1.2;1.9;0;109;24;59;21;96795;0.39;3.03;0.39;0.37
1982;12;10;344;11.6;7.2;1.4;7.1;4.9;1.2;1.1;1.7;0.1;1.2;1.9;0;196;38;71;44;96235;0.38;4.15;0.39;0.37
1982;12;11;345;7;1.5;-3.2;5.8;0.1;-4.9;1.3;0.5;0.2;1.2;1.9;6.52;105;23;90;43;95653;0.3;19.06;0.4;0.37
1982;12;12;346;3.4;-1.3;-5.4;-1.2;-4.3;-8.2;0.5;1;0.21;1.2;1.9;7.06;244;52;110;64;96037;0.22;0.6;0.4;0.37
1982;12;13;347;4.3;0.1;-4.1;0.4;-2;-5.6;0.3;0;0.21;1.2;1.9;6.82;236;50;98;53;96183;0.23;0.5;0.4;0.37
1982;12;14;348;4.1;0.9;-1.1;0.6;-1.1;-2.4;0.4;-0.3;0.2;1.2;1.9;6.16;106;22;50;30;97200;0.1;0.15;0.4;0.37
1982;12;15;349;3.2;0.2;-2.1;-1.2;-2;-2.5;1.2;1.3;0.19;1.2;1.9;5.74;205;39;97;35;97155;0.26;0.24;0.4;0.37
1982;12;16;350;5.5;3.2;1.4;1.1;-0.1;-1.6;2.2;1.2;0.18;1.2;1.9;5.17;77;18;57;37;96065;0.19;0;0.4;0.37
1982;12;17;351;9.6;6.8;3.3;6.9;4.2;1.3;1;1.5;0.15;1.2;1.9;3.48;162;35;54;29;95443;0.12;0.07;0.4;0.38
1982;12;18;352;11.6;7;1.6;8.6;5.2;0.3;0;1;0.13;1.2;1.9;2.12;122;23;53;31;95058;0.5;20.36;0.4;0.38
1982;12;19;353;2.4;1.5;0;0;-3;-5.4;1.1;-2.8;0.23;1.2;1.9;9.28;88;16;39;22;96224;1.15;7.64;0.41;0.38
1982;12;20;354;2.5;-0.6;-4.7;-1.6;-4.7;-7.8;1.2;1.3;0.25;1.1;1.9;10.08;156;37;85;55;96107;0.25;0;0.41;0.38
1982;12;21;355;2.4;1.1;-1.3;1.3;0.1;-2;0.9;-0.1;0.25;1.1;1.9;10.4;17;5;47;12;95810;0.04;13.41;0.41;0.38
1982;12;22;356;1;-0.2;-2.1;0.5;-0.7;-3;0.3;-0.6;0.29;1.1;1.9;14.05;52;9;27;11;96398;0.03;11.99;0.41;0.38
1982;12;23;357;1.7;0.7;-1.4;0;-0.9;-2.1;0.6;-1.3;0.34;1.1;1.9;21.98;89;16;44;23;96739;0.12;3.88;0.41;0.38
1982;12;24;358;2.2;1.6;0.9;-1.4;-1.9;-2.3;0.5;-3.3;0.34;1.1;1.9;24.67;54;11;22;16;97307;0.5;7.48;0.41;0.38
1982;12;25;359;3.3;0.7;-1;-1.9;-3.6;-5;1.3;-1.5;0.34;1.1;1.9;27.15;163;32;80;43;97676;0.47;1.05;0.41;0.38
1982;12;26;360;3.6;0.8;-5.4;-2.4;-4;-7.5;0.7;-2.1;0.34;1.1;1.9;26.41;159;31;72;49;98254;0.46;0;0.41;0.38
1982;12;27;361;2.4;-3;-8.5;-1.4;-6.1;-11.6;1.3;0.4;0.33;1.1;1.9;25.52;133;27;69;36;98264;0.14;0;0.41;0.39
1982;12;28;362;4.6;-0.8;-4.5;1.2;-3.9;-8.3;1.7;-0.3;0.33;1.1;1.9;24.51;163;31;105;49;97726;0.05;1.52;0.4;0.39
1982;12;29;363;3.2;-1.2;-5.5;-4.5;-6.6;-8.8;2;-2;0.33;1.1;1.9;23.15;174;37;106;61;98144;0.57;0.12;0.4;0.39
1982;12;30;364;2.5;-2;-5.2;-4.4;-7;-9.5;1.1;-1.4;0.32;1.1;1.9;22.27;175;33;102;52;98790;0.38;0.12;0.4;0.39
1982;12;31;365;0.6;-4.4;-8.2;-4.6;-8.5;-12;1.1;0.2;0.31;1.1;1.9;21.59;207;44;101;56;99058;0.29;0;0.4;0.39
1983;1;1;1;3.1;-2.8;-6.9;-3.5;-7.9;-11.8;0.9;0.1;0.31;1.1;1.9;20.7;181;36;76;43;98451;0.19;0;0.4;0.39
1983;1;2;2;3.4;-1;-4.9;-0.8;-3.8;-7.9;1.2;-0.3;0.3;1.1;1.9;19.47;180;34;70;29;98303;0.12;0.37;0.4;0.39
1983;1;3;3;3;-0.1;-3.7;0.8;-1.6;-5;0.4;0.4;0.29;1.1;1.9;18.21;129;24;58;24;98580;0.06;0.22;0.4;0.39
1983;1;4;4;3.7;0.5;-1.4;0.8;-1.1;-2.7;1.3;0.5;0.28;1;1.9;17.08;83;16;60;26;97814;0.01;0;0.4;0.39
1983;1;5;5;3.6;0.6;-2.2;2.3;-0.6;-3.5;1;0.3;0.27;1;1.9;15.71;58;14;33;16;97862;0.01;2.81;0.4;0.39
1983;1;6;6;9.1;3.5;-1.1;5.9;2.1;-1.8;0.9;0.4;0.24;1;1.9;12.57;188;36;83;28;98356;-0.01;0;0.4;0.39
1983;1;7;7;6.7;1.5;-1.9;3.5;0;-2.7;0.7;0.1;0.21;1;1.9;9.84;221;47;96;41;98345;0.13;0;0.4;0.39
1983;1;8;8;4.2;0.6;-2.3;1.2;-1.3;-3.5;0.9;-0.2;0.19;1;1.9;8.48;176;35;66;39;98919;0.1;0;0.4;0.39
1983;1;9;9;5.6;-0.5;-3.5;-1.1;-3.8;-5.7;1.2;0.3;0.18;1;1.9;7.63;231;52;112;69;99192;0.15;0;0.4;0.39
1983;1;10;10;4.8;-0.3;-3.6;-0.9;-3.8;-6.8;1.3;0;0.17;1;1.9;6.95;187;43;85;50;99141;0.09;0;0.4;0.39
1983;1;11;11;5.8;0.2;-3.2;0.7;-2.6;-5.3;1.4;-0.1;0.17;1;1.9;6.25;184;40;63;44;99251;0.06;0;0.4;0.39
1983;1;12;12;6.7;0.4;-3.5;1.2;-3.1;-5.4;0.7;-0.2;0.16;1;1.9;5.41;274;60;110;65;99117;0.09;0;0.4;0.39
1983;1;13;13;5.3;-1;-4.1;-1.8;-5;-7.4;1;0.4;0.15;1;1.9;4.81;278;62;115;73;98244;0.08;0;0.4;0.39
1983;1;14;14;1.8;-1.2;-4;-1;-3.6;-6.4;0.8;0.7;0.15;1;1.9;4.68;90;24;63;38;97238;0.04;0.73;0.4;0.39
1983;1;15;15;4.8;0.3;-3.2;-1.2;-3;-4.5;1.5;0.8;0.15;1;1.9;4.9;267;56;92;62;96002;0.13;0.1;0.39;0.39
1983;1;16;16;7.2;2.1;-1.5;0.3;-2.7;-4.4;2.4;-0.4;0.15;1;1.9;4.75;233;50;95;52;96227;0.46;2.23;0.39;0.39
1983;1;17;17;7.4;2.7;-0.8;4.1;0.8;-2.1;1.7;0.7;0.15;1;1.9;4.25;156;36;64;40;97207;0.19;2.22;0.4;0.39
1983;1;18;18;10;1.4;-3;4.1;-1.2;-4.5;1.3;-0.2;0.14;1;1.9;3.33;307;68;112;71;96816;0.26;0;0.39;0.39
1983;1;19;19;4.2;0;-2.6;-2.7;-5.7;-9.5;1.5;-1.3;0.13;0.9;1.9;2.84;298;58;119;62;96978;0.21;0;0.39;0.39
1983;1;20;20;1.9;-1;-2.7;-7.4;-9.2;-10.9;1;-2.6;0.13;0.9;1.9;2.74;301;65;108;81;98101;0.22;0.19;0.39;0.39
1983;1;21;21;2.5;-0.6;-3.5;-6.7;-8.3;-10.2;1.5;0.7;0.13;0.9;1.9;2.71;217;43;84;58;98751;0.09;0;0.39;0.39
1983;1;22;22;8.4;3.5;-0.3;2;-2.9;-7;1.1;0.1;0.13;0.9;1.9;2.46;274;54;96;48;98892;0.11;0;0.39;0.39
1983;1;23;23;6.3;1.7;-2.2;-0.1;-1.8;-3.8;0.4;0;0.12;0.9;1.9;2.07;297;69;111;69;99102;0.11;0;0.39;0.39
1983;1;24;24;5.6;1.2;-2.2;0.4;-2.1;-4.4;-0.1;0.1;0.12;0.9;1.9;1.74;326;74;117;75;99330;0.07;0;0.39;0.39
1983;1;25;25;5.5;0.1;-2.8;-0.5;-2.6;-4.2;0.5;0.8;0.12;0.9;1.9;1.47;331;75;116;75;99415;0.06;0;0.39;0.39
1983;1;26;26;8;2.2;-2;1.9;-1.9;-6;0.9;0.3;0.12;0.9;1.9;1.22;262;53;72;29;99103;0.08;0.03;0.39;0.39
1983;1;27;27;12.2;5.2;0;6.6;2.8;-0.7;1.5;0.3;0.11;0.9;1.9;0.92;273;60;79;35;98433;0.2;0.1;0.38;0.39
1983;1;28;28;11.6;4.8;0.5;5.8;1.9;-0.6;1.3;0;0.11;0.9;1.9;0.61;304;57;81;46;97677;0.21;0;0.38;0.39
1983;1;29;29;9.9;3.3;-1.3;4;0.7;-2.3;1.4;0.3;0.11;0.9;1.9;0.43;205;55;72;50;97337;0.2;0;0.38;0.39
1983;1;30;30;8.4;3.3;-0.3;3.3;1.2;-0.9;1.4;0.9;0.1;0.9;1.9;0.32;176;45;91;38;96555;0.19;2.76;0.38;0.39
1983;1;31;31;5.9;2.1;-1.6;1;-5.1;-7.8;1.7;-0.9;0.11;0.9;1.9;0.35;293;61;113;66;96595;0.64;3.49;0.39;0.39
1983;2;1;32;8;2.7;-1.2;-1.9;-4.8;-7.6;1.4;1.5;0.11;0.9;1.9;0.36;328;66;98;58;96608;0.37;0.11;0.38;0.39
1983;2;2;33;5.7;2;0.1;0.6;-4.1;-9.6;1.8;-0.1;0.11;0.9;1.9;0.34;200;44;94;59;97074;0.4;0.44;0.38;0.39
1983;2;3;34;5.2;1.1;-2.1;-6.1;-7.6;-8.5;1.7;0.3;0.1;0.9;1.9;0.26;345;80;117;89;97994;0.43;0;0.38;0.39
1983;2;4;35;2.9;-0.2;-2.1;-7.4;-9.2;-10.8;1.7;-2;0.11;0.9;1.9;0.34;393;94;133;92;98144;0.35;0.11;0.38;0.39
1983;2;5;36;2.9;-0.3;-4.4;-6.3;-9.5;-11.5;1;1.9;0.11;0.9;1.9;0.29;395;93;138;83;97536;0.25;0.28;0.38;0.39
1983;2;6;37;1.2;-0.3;-2.6;-1.9;-2.9;-5.8;-0.7;1.4;0.14;0.8;1.9;2.78;120;25;34;24;95442;0.11;5.15;0.38;0.39
1983;2;7;38;3.7;-1.1;-5.3;-1.7;-3.7;-7;-0.3;-0.2;0.19;0.8;1.9;5.45;329;76;91;54;95281;0.23;0.34;0.38;0.39
1983;2;8;39;2.2;-1.1;-3.8;-2.2;-3.3;-4.4;-0.7;-0.3;0.21;0.8;1.9;6.73;265;55;62;36;96211;0.22;2.52;0.38;0.39
1983;2;9;40;-0.1;-2;-3.6;-1.9;-3.2;-4.5;-0.5;-1.1;0.3;0.8;1.9;12.56;109;21;30;16;96668;0.13;11.42;0.38;0.39
1983;2;10;41;1.5;-2.4;-8.4;-1.1;-3.9;-9.4;0;-0.2;0.35;0.8;1.9;19.95;228;54;82;36;96272;0.19;5.95;0.38;0.39
1983;2;11;42;0.6;-0.8;-2.8;-1.6;-2.6;-3.6;0.4;-1.5;0.35;0.8;1.9;27.53;106;23;29;18;95572;0.32;14.63;0.37;0.39
1983;2;12;43;4.1;-1.2;-5.4;-2.2;-4;-6.7;0.2;-0.2;0.35;0.8;1.9;35.78;311;72;115;59;96272;0.29;0.51;0.38;0.39
1983;2;13;44;0.8;-2.2;-5.8;-2.3;-4.2;-7.3;-0.5;-0.2;0.35;0.8;1.9;33.97;222;49;78;27;97384;0.29;0.63;0.38;0.39
1983;2;14;45;-0.6;-1.7;-2.6;-2.4;-3;-3.6;-1;-1;0.35;0.8;1.9;36.71;112;24;22;13;97313;0.23;5.91;0.37;0.39
1983;2;15;46;-1;-4.1;-10.4;-3.4;-7.7;-13.5;-1;-1.9;0.35;0.8;1.9;39.67;276;70;106;60;97913;0.59;0.4;0.37;0.39
1983;2;16;47;-3.7;-10;-16.4;-9.8;-14.3;-18.8;-0.3;-1.1;0.34;0.8;1.9;39.39;336;86;116;74;98447;0.33;0.01;0.37;0.39
1983;2;17;48;-1.9;-7;-13;-9.7;-12.3;-16;0.3;-3;0.34;0.8;1.9;39.11;303;75;99;58;98641;0.54;0.01;0.37;0.39
1983;2;18;49;2.9;-5.2;-15.8;-4.2;-9.4;-17.9;0.9;-1.2;0.34;0.8;1.9;38.7;323;81;105;60;98625;0.43;0;0.37;0.39
1983;2;19;50;1.3;-4.1;-10.4;-3.6;-6.9;-12;-0.2;0.1;0.34;0.8;1.9;38.01;337;83;113;64;98316;0.37;0.05;0.37;0.39
1983;2;20;51;1.8;-3.9;-9.3;-4.1;-7.1;-10.8;0.8;0.2;0.34;0.8;1.9;37.32;307;67;97;49;98006;0.4;0.18;0.37;0.39
1983;2;21;52;3.1;-5;-12.3;-5;-9.5;-13.8;1.4;-1.3;0.33;0.9;1.9;36.13;300;79;100;64;97948;0.6;0.07;0.37;0.39
1983;2;22;53;-2.8;-8.3;-15.4;-11.4;-13.9;-18.4;0.5;-2.2;0.33;0.9;1.9;35.11;325;86;102;81;98930;0.53;0.11;0.37;0.39
1983;2;23;54;-2;-11.2;-21.3;-8.7;-15.4;-23.5;0.9;0;0.33;0.9;1.9;34.76;366;98;120;73;99440;0.39;0;0.37;0.39
1983;2;24;55;1.4;-7.3;-17.5;-5;-11.5;-19.7;0.5;0.5;0.33;0.9;1.9;33.88;374;100;124;73;99474;0.42;0;0.37;0.39
1983;2;25;56;2;-5.9;-16;-4;-9.4;-17.7;0.3;1.1;0.33;0.9;1.9;32.59;380;102;124;76;99133;0.41;0;0.37;0.39
1983;2;26;57;5.5;-3;-13.8;-1.1;-6.4;-15.2;1.2;1.2;0.33;0.9;1.9;30.05;376;101;107;66;98021;0.24;0;0.37;0.39
1983;2;27;58;7.3;1;-4.5;0.7;-1.9;-5.8;0.6;0.1;0.33;0.9;1.9;25.27;284;69;75;35;97381;0.03;0.86;0.37;0.39
1983;2;28;59;9.2;2.8;-2.5;1.6;-0.1;-3.2;0.4;0.6;0.3;0.9;1.9;19.35;367;95;111;52;97200;0.09;0.23;0.38;0.39
1983;3;1;60;6.4;0.8;-3.6;0.9;-2;-4.6;-0.1;-0.6;0.26;0.9;1.9;14.08;363;91;92;50;97504;0.35;0.56;0.38;0.39
1983;3;2;61;5.7;2;-1.6;-0.6;-1.6;-2.9;-0.2;-1.9;0.23;0.9;1.9;11.05;236;65;57;35;98148;0.38;0.32;0.39;0.39
1983;3;3;62;6.3;2.4;-0.2;-1.1;-2;-2.8;-0.9;-1.5;0.21;0.9;1.9;9;308;88;85;47;98914;0.59;0.23;0.39;0.39
1983;3;4;63;5.3;0.6;-3;-2.6;-3.9;-5.7;-0.4;-0.2;0.19;1;1.9;7.47;283;83;105;57;98955;0.41;0.1;0.39;0.39
1983;3;5;64;9.4;1.3;-5.2;-0.7;-4.1;-8.3;1;0.6;0.18;1;1.9;5.84;462;128;121;81;98653;0.4;0;0.39;0.39
1983;3;6;65;11.4;3;-2.9;3.8;-2.3;-6.2;1.3;0.2;0.17;1;1.9;4.25;403;87;95;47;98191;0.4;0;0.39;0.39
1983;3;7;66;12.9;5.6;-0.1;2.2;0.4;-1.9;2;-0.5;0.15;1;1.9;2.92;340;85;101;46;97899;0.54;0.05;0.39;0.39
1983;3;8;67;14.6;7.3;0.4;6.1;1.6;-1;1.1;-0.3;0.14;1;1.9;1.66;478;127;120;63;98284;0.81;0;0.39;0.39
1983;3;9;68;18.2;7.5;-1.2;6;1.5;-2.6;1.4;0.1;0.13;1;1.9;0.84;531;149;138;83;97780;0.98;0;0.39;0.39
1983;3;10;69;17;8.5;-0.3;6.6;2.4;-1.2;0.6;-0.4;0.13;1;1.9;0.42;538;153;139;83;97725;1.06;0;0.38;0.39
1983;3;11;70;17.3;8.3;-0.6;3.9;1.4;-1.8;0.5;-1.4;0.13;1;1.9;0.21;544;150;141;77;97345;1.3;0.42;0.38;0.39
1983;3;12;71;5;2.6;-0.2;-2.1;-5;-8;-1.9;-1.4;0.13;1;1.9;0.16;456;117;105;68;98745;0.98;0.54;0.38;0.39
1983;3;13;72;6.3;1.3;-3.6;-6;-6.9;-8.5;-0.7;1.5;0.13;1;1.9;0.15;571;165;135;102;98869;0.81;0;0.38;0.39
1983;3;14;73;8.4;2.5;-2.4;-1.4;-4.2;-7.2;-0.8;1.5;0.13;1.1;1.9;0.15;539;154;116;89;98256;0.77;0;0.38;0.39
1983;3;15;74;12.3;6;0;3.9;1;-3.7;0.6;2.5;0.13;1.1;1.9;0.06;504;131;102;62;97348;0.79;0.01;0.38;0.39
1983;3;16;75;14.5;7.7;1.5;4;2.7;0.7;-0.4;0.5;0.13;1.1;1.9;0;535;145;117;69;97431;1.13;0.41;0.37;0.39
1983;3;17;76;13.9;7.6;2;4;2.3;0.6;-0.4;-1.1;0.13;1.1;1.9;0;575;169;138;87;97975;1.16;0;0.37;0.39
1983;3;18;77;14.3;8.2;0.7;4.4;2.7;-0.1;0.9;-0.2;0.13;1.1;1.9;0;476;127;103;59;98080;1.02;0.09;0.37;0.39
1983;3;19;78;15.8;9.9;2.9;6.3;4.5;2;0.4;-0.2;0.13;1.1;1.9;0;502;137;105;59;97711;1.15;1.89;0.37;0.39
1983;3;20;79;14.7;9.6;4.4;7.4;4.9;3.5;0.4;-0.4;0.13;1.2;1.9;0;507;134;109;66;97560;1.26;0.83;0.37;0.39
1983;3;21;80;16.5;9.3;1.5;6.7;4.4;1.4;0.6;1.1;0.13;1.2;1.9;0;558;145;120;71;97199;1.19;0;0.37;0.39
1983;3;22;81;11.7;7.4;3.2;7.5;4.8;2.6;0.5;0.6;0.13;1.2;1.9;0;252;56;69;37;96423;1.15;11.26;0.37;0.39
1983;3;23;82;12;6.1;1.6;2.5;0.3;-4.7;0.8;2;0.13;1.2;1.9;0;557;154;118;75;96806;1.5;0.68;0.37;0.39
1983;3;24;83;14.9;8.2;0.8;5.6;2.4;-1.3;1.2;3;0.13;1.2;1.9;0;567;156;112;77;96272;1.33;0.86;0.37;0.39
1983;3;25;84;11.8;8.3;4.7;7.8;5.5;-1.4;0.3;-0.5;0.13;1.2;1.9;0;195;46;45;24;95570;1.05;6.86;0.38;0.39
1983;3;26;85;4.4;2.7;1.6;1.9;0.1;-2;0.6;-0.6;0.15;1.3;1.9;1.12;143;36;46;33;95426;0.88;6.25;0.38;0.39
1983;3;27;86;8.6;3.7;-0.8;-2.8;-4.8;-7.1;0.5;-1.4;0.15;1.3;1.9;1.46;504;144;109;73;95927;1.28;0;0.38;0.39
1983;3;28;87;11.4;5.2;-0.7;0.4;-2.3;-5.2;1.1;2.1;0.15;1.3;1.9;0.99;473;131;99;74;96145;1.08;0;0.38;0.39
1983;3;29;88;6.9;4.7;2.4;5.5;3;0.1;0.3;-0.3;0.15;1.3;1.9;0.58;132;35;60;27;96694;0.42;11.82;0.38;0.39
1983;3;30;89;9.5;5.7;2.2;4.8;3.3;1.7;0.1;0.5;0.14;1.3;1.9;0.3;270;69;90;33;97142;0.68;2.14;0.39;0.39
1983;3;31;90;12.8;6.9;-1;7.8;4;-1.2;0.6;-0.9;0.14;1.4;1.9;0.16;353;100;58;32;96520;0.79;0.15;0.39;0.39
1983;4;1;91;11.6;8.4;5.5;8.8;7.1;4.7;0.3;0.6;0.14;1.4;1.9;0.02;200;47;65;31;95514;0.63;6.99;0.39;0.39
1983;4;2;92;12.1;7.3;1.9;7.5;3.8;1.3;0.8;2.5;0.14;1.4;1.9;0;380;130;104;69;95459;1.59;1.55;0.39;0.39
1983;4;3;93;11.4;7;3.2;4.7;3.2;2.5;0.4;0.8;0.14;1.4;1.9;0;405;127;89;63;95898;1.28;1.75;0.39;0.39
1983;4;4;94;11.1;6.5;2.7;5.7;4.1;2.3;-0.3;0.4;0.14;1.4;1.9;0;424;114;89;50;96113;1.25;1.33;0.39;0.39
1983;4;5;95;10;5.3;0;3.6;1.7;-1.5;0.6;-0.6;0.14;1.4;1.9;0;424;118;97;64;96194;1.27;2.3;0.39;0.39
1983;4;6;96;14.1;6.6;-1.6;2.8;0;-3.2;1.8;1.9;0.14;1.5;1.9;0;593;173;107;77;96320;1.7;0;0.39;0.39
1983;4;7;97;11.5;7.7;3.6;6;3.8;2.1;0.2;0.3;0.14;1.5;1.9;0;309;106;86;52;96692;1.25;2.7;0.39;0.39
1983;4;8;98;17.7;11;4.8;8.2;5.7;4;1.8;2;0.14;1.5;1.9;0;538;144;104;63;97049;1.53;0;0.39;0.39
1983;4;9;99;20;12.7;5.1;9.5;7.4;4.1;1.3;0.9;0.15;1.5;1.9;0;602;179;121;78;97119;1.82;0;0.38;0.39
1983;4;10;100;19.9;12.8;6.2;10.3;8.3;5.6;0.4;0.5;0.15;1.5;1.9;0;541;149;94;62;97356;1.61;0.22;0.38;0.39
1983;4;11;101;20.3;13.7;5.9;9.7;7.2;5.5;2.3;2.6;0.15;1.6;1.9;0;651;203;126;88;96902;2.29;0;0.38;0.39
1983;4;12;102;13.1;9.9;5.8;8.9;4.7;-0.4;0.7;-0.7;0.15;1.6;1.9;0;387;114;96;66;96640;1.71;6.98;0.38;0.39
1983;4;13;103;10.9;7.1;4;-0.1;-2.4;-3.6;0.9;-3.3;0.15;1.6;1.9;0;532;170;105;77;97306;1.77;0;0.38;0.39
1983;4;14;104;9.5;5.7;0.9;-1.9;-3.8;-6.2;1.7;-1.5;0.15;1.6;1.9;0;552;182;105;84;97820;1.77;0.14;0.38;0.39
1983;4;15;105;10.5;6.3;1.7;2.2;0;-2.3;1.5;-0.8;0.15;1.6;1.9;0;496;147;91;62;97712;1.53;0.95;0.38;0.39
1983;4;16;106;12.2;7.3;1.9;6.1;3.4;0.6;0.3;0.1;0.15;1.7;1.9;0;546;167;100;66;97831;1.76;1.57;0.37;0.39
1983;4;17;107;14.9;8.9;2.3;5.3;4;2.3;-0.3;1.7;0.15;1.7;1.9;0;432;128;99;56;97361;1.48;0.01;0.37;0.39
1983;4;18;108;18.8;11.6;4.5;7.3;4.7;3;0.9;2.1;0.15;1.7;1.9;0;644;215;125;94;96653;2.38;0;0.37;0.39
1983;4;19;109;19.3;13.5;7.5;8.1;6.2;3.1;3.3;2.9;0.15;1.8;1.9;0;660;213;119;91;96510;2.46;0;0.37;0.39
1983;4;20;110;20.3;15.1;10.7;10;8.5;7.2;0.9;1.7;0.15;1.8;1.9;0;570;174;99;82;97560;2.21;0.02;0.36;0.39
1983;4;21;111;22.4;15.8;8.2;11.2;9;6.1;0.2;2.5;0.15;1.8;1.9;0;684;225;131;92;97427;2.69;0;0.36;0.39
1983;4;22;112;14.7;12.9;9.8;11.3;9.8;7.9;1;0.7;0.16;1.8;1.9;0;252;72;51;34;96838;1.64;9.05;0.36;0.39
1983;4;23;113;19.5;12.8;6.6;10.5;7.6;4.8;1;1.3;0.16;1.9;1.9;0;423;145;114;65;96828;2.1;0.07;0.37;0.39
1983;4;24;114;20.9;14.4;7.9;8.6;6.8;4.4;1.9;1.8;0.16;1.9;1.9;0;681;222;126;95;96740;2.88;0.34;0.36;0.39
1983;4;25;115;19.7;13.7;6.8;8.1;5.4;3.5;1.5;1.8;0.16;1.9;1.9;0;699;236;139;106;97040;3;0;0.36;0.39
1983;4;26;116;21.2;14.9;7.6;8;6.5;3.9;1.5;2.1;0.16;2;1.9;0;691;222;133;91;97201;2.95;0;0.35;0.39
1983;4;27;117;21.4;15.9;10.7;9.3;7;5.7;2;2.7;0.16;2;1.9;0;650;231;130;97;97147;3.17;0.13;0.35;0.39
1983;4;28;118;20.5;15.5;10;9.3;7.5;5.7;0.6;1.4;0.16;2;1.9;0;642;182;123;81;97453;2.54;0;0.35;0.39
1983;4;29;119;22.1;15.8;8.8;10.2;8.2;6;1.3;1.2;0.16;2.1;1.9;0;563;206;118;85;97238;2.76;0;0.35;0.39
1983;4;30;120;20.3;15.6;11.5;9.9;8.6;7.1;0.1;1.2;0.16;2.1;1.9;0;499;158;101;65;97148;2.21;0.22;0.34;0.39
1983;5;1;121;22.5;16.6;11.3;10.9;9.5;7.5;2.2;3.1;0.16;2.1;1.9;0;624;190;101;75;96276;2.71;1.95;0.34;0.39
1983;5;2;122;19;13.7;8.1;10.8;5.4;1.5;2;-0.2;0.16;2.1;1.9;0;661;207;132;83;96447;3.3;5.19;0.34;0.39
1983;5;3;123;18.6;11.6;5;8.9;6.4;3.1;0.6;-0.1;0.16;2.2;1.9;0;666;201;122;79;97079;2.73;3.89;0.34;0.38
1983;5;4;124;19.4;12.7;5.6;10.2;8.1;5.1;1;1.1;0.16;2.2;1.9;0;641;206;108;74;97261;2.76;1.74;0.34;0.38
1983;5;5;125;17;11.7;5.7;10;7.6;5;0.2;-0.6;0.17;2.2;1.9;0;574;194;102;74;97586;2.69;3.06;0.34;0.38
1983;5;6;126;15.9;11.5;6.3;8.2;6.8;5.2;-0.7;-0.5;0.17;2.3;1.9;0;531;169;101;63;97627;2.44;1.11;0.34;0.38
1983;5;7;127;16.8;12.3;7.4;6;5;3.8;-0.9;1.3;0.17;2.3;1.9;0;490;173;90;65;97543;2.36;0;0.34;0.38
1983;5;8;128;14.8;12.2;9.6;12.6;9.5;4.8;-0.9;0.6;0.17;2.3;1.9;0;237;76;55;30;96607;1.48;10.81;0.34;0.38
1983;5;9;129;12.9;10.9;7.8;10.1;7.9;5.1;0.8;-1.6;0.17;2.4;1.9;0;332;76;76;34;96287;1.61;18.03;0.36;0.38
1983;5;10;130;18.4;12.5;4.5;7.4;5.4;3.5;0.3;1.3;0.17;2.4;1.9;0;646;201;121;86;96333;2.83;0;0.36;0.38
1983;5;11;131;18.6;14.2;8.9;9.9;7.8;5;1;2.6;0.17;2.4;1.9;0;486;171;87;72;96182;2.61;0.29;0.36;0.38
1983;5;12;132;20.9;15.5;10;12.2;10.7;8.6;0.5;2.2;0.17;2.5;1.9;0;541;181;98;72;96730;2.66;0.54;0.35;0.38
1983;5;13;133;22.8;17.2;11;11.5;9.8;8.1;1.8;2.4;0.17;2.5;1.9;0;689;241;120;95;96959;3.76;0;0.35;0.38
1983;5;14;134;24.5;18.4;10.8;12.8;10.9;8.8;1.3;2;0.17;2.5;1.9;0;689;242;122;90;97183;3.84;0.06;0.35;0.38
1983;5;15;135;27.2;21;15.1;15.2;12.3;9.7;1.3;2.3;0.17;2.5;1.9;0;682;238;124;88;97150;4.16;0;0.34;0.38
1983;5;16;136;26.1;19.7;13.2;13.1;11;9.2;0.4;2.1;0.17;2.6;1.9;0;583;186;105;79;96982;3.32;0;0.34;0.38
1983;5;17;137;25.4;19.4;12.3;13.3;11.1;9.8;1;2;0.17;2.6;1.9;0;710;247;126;97;97147;3.98;0;0.33;0.38
1983;5;18;138;24.4;18;9.8;11.6;9.5;7.8;0.5;0.8;0.17;2.6;1.9;0;720;255;139;107;97122;3.83;0;0.33;0.38
1983;5;19;139;22.8;17;10.2;10.7;7.8;5.9;1.8;0.7;0.17;2.6;1.9;0;718;257;136;100;96995;3.89;0;0.33;0.38
1983;5;20;140;21.8;16.1;9.3;9.4;8;7;0.1;1.2;0.17;2.7;1.9;0;578;226;122;92;97330;3.3;0;0.32;0.38
1983;5;21;141;26.9;19.6;12.3;12.4;10;8.5;0.6;2.3;0.17;2.7;1.9;0;673;230;134;92;96771;3.68;0;0.32;0.38
1983;5;22;142;27.3;21.2;14.4;13.2;10.8;7.4;-0.1;0.7;0.17;2.7;1.9;0;595;207;120;75;96764;3.35;0;0.32;0.38
1983;5;23;143;22.7;18.5;13.6;16.2;14;11.2;-0.9;-0.6;0.17;2.7;1.9;0;489;153;82;52;96461;2.63;7.8;0.31;0.38
1983;5;24;144;17.2;14.1;9;14.3;12.3;7.9;0.3;0.2;0.17;2.7;1.9;0;212;76;81;45;96178;1.58;10.22;0.32;0.38
1983;5;25;145;15;11.5;7.4;9.9;8.5;6.1;0.1;-0.4;0.17;2.8;1.9;0;424;136;79;58;96700;2.27;6.9;0.33;0.38
1983;5;26;146;16.5;12.3;8.5;9.2;8;6.7;0.1;-0.5;0.17;2.8;1.9;0;543;140;102;55;97044;2.24;1.67;0.33;0.38
1983;5;27;147;12.2;10.6;8.4;9.2;8.3;7.1;0.8;-0.7;0.17;2.8;1.9;0;177;63;64;34;97264;1.36;7.18;0.34;0.38
1983;5;28;148;17;12.8;7.4;10.2;8.2;6.5;0;0.9;0.17;2.8;1.9;0;419;151;85;61;97313;2.19;0.07;0.34;0.38
1983;5;29;149;19.3;14;6.9;11.9;9.5;6.4;0.3;0.1;0.17;2.9;1.9;0;581;207;106;73;97010;2.92;1.05;0.33;0.38
1983;5;30;150;20;15;8;12.1;9.3;7.5;-0.2;-0.1;0.17;2.9;1.9;0;581;208;102;74;97237;3.21;0.25;0.33;0.38
1983;5;31;151;23.1;17.4;8.8;12.8;10.1;8;-0.2;0.4;0.17;2.9;1.9;0;689;238;119;86;97678;3.71;0;0.33;0.38
1983;6;1;152;25.5;19.5;12.2;13;11;8.8;-0.4;1.3;0.17;2.9;1.9;0;707;250;121;90;97782;4.09;0;0.32;0.38
1983;6;2;153;26.8;20.4;13.7;15.2;12.8;10.2;0.3;0.3;0.17;2.9;1.9;0;684;230;116;78;97774;3.86;2.61;0.32;0.38
1983;6;3;154;24.4;19.6;14;15.6;13.8;12.9;0.2;-0.9;0.17;3;1.9;0;633;210;105;68;98105;3.68;0.42;0.32;0.38
1983;6;4;155;26.3;20.8;12.7;15.3;12.7;11.4;0.2;-0.6;0.17;3;1.9;0;660;238;119;84;98209;3.93;0;0.32;0.38
1983;6;5;156;28.3;21.4;13.1;16.3;14.1;12;1;0.5;0.17;3;1.9;0;650;229;115;78;97753;3.85;0.39;0.31;0.38
1983;6;6;157;21.2;17.3;12.7;14.7;12.8;6.2;-0.9;-1.3;0.17;3;1.9;0;556;141;85;53;97617;3.01;6.87;0.31;0.37
1983;6;7;158;17.9;13.9;10.3;6.8;4.9;3.2;-1.2;-2.5;0.17;3;1.9;0;633;225;133;90;98365;3.69;0;0.31;0.37
1983;6;8;159;21.7;15.7;8.5;9.7;6.3;3.1;-0.2;0.8;0.17;3.1;1.9;0;730;268;138;104;98472;3.93;0;0.31;0.37
1983;6;9;160;27.4;19.6;10.2;16.8;11.9;6.7;0.7;0.6;0.17;3.1;1.9;0;723;246;123;83;97938;3.84;0.11;0.3;0.37
1983;6;10;161;26.3;20.1;13.7;17.4;14.8;12.8;1;-0.4;0.17;3.1;1.9;0;606;204;104;68;97536;3.39;1.82;0.3;0.37
1983;6;11;162;21.9;17.7;14.5;15.3;14.3;12.4;0.4;-0.9;0.17;3.1;1.9;0;510;153;92;54;97268;2.88;14.13;0.31;0.37
1983;6;12;163;22.4;18.1;12.3;12.4;11;9.3;-0.6;-1.4;0.17;3.2;1.9;0;533;205;100;74;97375;3.71;0.32;0.31;0.37
1983;6;13;164;21.8;17.5;12.9;13.2;11.2;9.7;0.4;-0.9;0.17;3.2;1.9;0;421;152;91;59;97217;2.74;0.58;0.31;0.37
1983;6;14;165;20.7;16.6;12.2;13.3;11.6;8.9;0.8;-1.4;0.17;3.2;1.9;0;550;179;86;66;97424;3.18;2.66;0.31;0.37
1983;6;15;166;20.7;16;11.8;10.8;8.1;4.8;1.3;-2.1;0.17;3.2;1.9;0;567;185;96;68;97661;3.47;0.51;0.31;0.37
1983;6;16;167;15.3;12.7;10.1;6;4.6;3.9;0.6;-3.6;0.17;3.2;1.9;0;531;185;89;72;97760;3.15;0.79;0.3;0.37
1983;6;17;168;16.5;13.1;9.8;6.4;5.4;4.5;0;-2.9;0.17;3.2;1.9;0;438;138;90;57;97776;2.76;0.26;0.3;0.37
1983;6;18;169;16.2;13;8.3;7.9;6.3;4.4;0.3;-2.5;0.17;3.3;1.9;0;442;132;88;52;97881;2.14;0;0.3;0.37
1983;6;19;170;17.3;13.8;11.2;12.5;10;7.4;1.2;-0.8;0.17;3.3;1.9;0;352;72;69;30;97526;1.46;14.29;0.3;0.37
1983;6;20;171;19.7;15.7;11.8;15.7;13.2;10.4;0.3;-0.7;0.17;3.3;1.9;0;314;107;67;27;97453;2.2;11.52;0.31;0.37
1983;6;21;172;21.4;17.5;13.1;15.3;13.7;12.1;-0.2;0.1;0.17;3.3;1.9;0;549;164;72;47;97611;2.84;0.92;0.32;0.37
1983;6;22;173;20.7;16.8;12.6;16.2;14.5;11.9;-0.1;-1.2;0.17;3.3;1.9;0;413;133;68;44;97386;2.32;14.26;0.32;0.37
1983;6;23;174;21.8;17.6;13.8;13.7;12.2;10.5;-1;-0.4;0.17;3.3;1.9;0;599;215;114;71;97511;3.83;0.32;0.33;0.37
1983;6;24;175;23.2;18.2;12.2;14.3;12.2;10.8;-0.5;1.4;0.17;3.3;1.9;0;579;225;108;81;97653;3.74;0;0.32;0.37
1983;6;25;176;25.6;20;13.3;16.6;14;11;0.1;1.1;0.17;3.4;1.9;0;625;230;99;77;97621;3.89;0.3;0.32;0.37
1983;6;26;177;25.1;19.8;13.1;18.9;15.7;12.5;0.6;0.3;0.17;3.4;1.9;0;599;199;93;68;97508;3.36;0.36;0.32;0.37
1983;6;27;178;26.4;20.1;13.7;16.8;15.1;13.3;1.2;1.3;0.17;3.4;1.9;0;601;206;95;66;97014;3.84;1.41;0.31;0.37
1983;6;28;179;22;18.4;15.6;15.9;14.7;12;0.3;-0.3;0.17;3.4;1.9;0;320;111;63;44;96868;2.45;9.45;0.31;0.37
1983;6;29;180;19.8;16.5;13.2;11.2;9;7.5;-0.8;-1.5;0.17;3.4;1.9;0;503;192;106;71;97381;3.8;0.19;0.32;0.37
1983;6;30;181;21.9;17.2;10.6;14.2;10;8.5;0;0.1;0.17;3.4;1.9;0;539;197;104;72;97303;3.35;0;0.32;0.37
1983;7;1;182;24.2;19;13.1;14.9;12.1;9.8;0.2;0.1;0.17;3.4;1.9;0;627;220;102;70;97291;4.23;2.45;0.31;0.37
1983;7;2;183;23.5;19.2;14.4;13.6;12.5;10.5;0.4;-2.2;0.17;3.5;1.9;0;666;204;99;67;97745;4.19;0.46;0.31;0.37
1983;7;3;184;24.8;20;14.3;14.9;13.1;12.1;-0.2;-1.5;0.17;3.5;1.9;0;564;213;95;73;97808;3.8;0.09;0.31;0.37
1983;7;4;185;25.8;21;14.3;16.8;13.8;11.9;-0.1;-0.8;0.17;3.5;1.9;0;605;208;98;67;97710;3.71;0;0.3;0.37
1983;7;5;186;26.6;22.3;16.1;17.7;15.1;13.6;-0.2;-0.4;0.17;3.5;1.9;0;567;195;92;61;97836;3.52;0.02;0.3;0.37
1983;7;6;187;27.8;23.5;17.9;18.9;16.2;14.5;-0.6;0.7;0.17;3.5;1.9;0;627;218;100;69;97671;3.87;0.06;0.3;0.36
1983;7;7;188;26.4;22.7;18.6;20.2;17.7;15.7;-0.3;0.4;0.17;3.5;1.9;0;615;200;92;63;97242;3.44;1.8;0.29;0.36
1983;7;8;189;25.9;21.1;16.8;19.2;17.6;15.8;0.4;-1.1;0.17;3.5;1.9;0;603;189;87;59;97141;3.53;8.49;0.29;0.36
1983;7;9;190;27.5;22.3;16.5;17.2;13.9;10.7;-0.1;-1.8;0.17;3.6;1.9;0;674;251;123;88;97430;4.86;0;0.3;0.36
1983;7;10;191;26.8;22.2;15.6;16.3;13.9;11.6;0.2;-1.2;0.17;3.6;1.9;0;577;216;99;75;97649;3.92;0.01;0.29;0.36
1983;7;11;192;28;22;16.8;16.2;14.4;12.6;0.6;-1.5;0.17;3.6;1.9;0;630;217;110;75;97568;4.09;1.53;0.29;0.36
1983;7;12;193;25.6;21;14.4;15.7;14.6;13.5;1.5;-1.2;0.17;3.6;1.9;0;521;175;84;62;97351;3.43;0.84;0.29;0.36
1983;7;13;194;27;22.6;18.2;16.2;14.3;12.5;1.8;-1.1;0.17;3.6;1.9;0;592;204;96;67;97101;4.15;1.17;0.29;0.36
1983;7;14;195;25;20.8;17.1;14.2;12.7;11.9;0.7;-2;0.17;3.6;1.9;0;682;226;113;76;97225;4.13;1.62;0.28;0.36
1983;7;15;196;24.2;19.9;14.1;15.2;13.1;12.2;0.3;-1.3;0.17;3.6;1.9;0;560;193;94;70;97455;3.52;0.37;0.28;0.36
1983;7;16;197;25.8;21.2;14.4;16.2;13.7;12.6;0.5;-0.2;0.17;3.6;1.9;0;547;197;100;72;97499;3.3;0.1;0.28;0.36
1983;7;17;198;28.2;22.6;14.7;17.5;14.5;13;0.5;-0.1;0.17;3.6;1.9;0;618;217;105;76;97643;3.6;0;0.28;0.36
1983;7;18;199;31.3;24.5;15.4;17.1;14.7;13.1;0.4;1.3;0.17;3.6;1.9;0;684;237;118;83;97638;4.05;0;0.27;0.36
1983;7;19;200;32;25.5;17.4;19.3;16.7;14.4;0.5;-0.3;0.17;3.6;1.9;0;657;222;105;75;97650;3.8;0.39;0.27;0.36
1983;7;20;201;30.3;23.5;18.1;18.7;17.3;15.5;0.2;-0.4;0.17;3.6;1.9;0;580;179;91;66;97520;3.28;2.62;0.27;0.36
1983;7;21;202;22;17.8;13.2;13.9;11.1;8.5;-0.7;-0.4;0.17;3.6;1.9;0;411;147;102;52;97788;3.32;5.84;0.27;0.36
1983;7;22;203;25.6;19.3;12.5;15.1;10.5;4.1;-0.1;0.8;0.17;3.6;1.9;0;692;248;118;90;97651;3.78;0;0.27;0.36
1983;7;23;204;30.9;23.6;14;17.8;14.8;13.1;0.2;-0.1;0.17;3.6;1.9;0;689;238;117;83;97065;3.78;0;0.27;0.36
1983;7;24;205;28;21.7;17.1;19.1;16.1;13.2;0.2;-0.8;0.17;3.6;1.9;0;625;168;99;64;96904;2.81;2.24;0.26;0.36
1983;7;25;206;27;21.8;15.2;17.5;15.1;13.1;-0.3;-0.8;0.17;3.6;1.9;0;571;200;97;71;97318;3.36;0.09;0.26;0.36
1983;7;26;207;28.8;23.7;17.3;18.9;15.1;12.5;-0.6;0;0.17;3.6;1.9;0;607;221;102;75;97697;3.47;0;0.26;0.36
1983;7;27;208;34.5;27.1;17.7;20.9;18.3;15.7;0.4;0.4;0.17;3.6;1.9;0;679;231;117;78;97603;3.68;0;0.26;0.36
1983;7;28;209;35.3;27.3;20;20.4;18.1;15.3;0.9;-0.7;0.17;3.6;1.9;0;681;213;127;79;97412;3.66;1.69;0.25;0.36
1983;7;29;210;27.6;23;18.5;18.4;17.2;15;0;-1.3;0.17;3.6;1.9;0;545;156;87;59;97327;2.71;2.68;0.25;0.35
1983;7;30;211;28.9;23;17;16.3;14.7;12.9;0.7;-0.8;0.17;3.6;1.9;0;467;165;101;60;97535;2.97;0.03;0.25;0.35
1983;7;31;212;29.6;23.8;17;16.3;15;13.8;-1;0.4;0.17;3.6;1.9;0;674;229;116;79;97490;3.55;0;0.25;0.35
1983;8;1;213;33.6;26.7;19.6;17;15.2;13.5;0.7;2.1;0.17;3.6;1.9;0;675;236;120;87;96919;3.64;0;0.25;0.35
1983;8;2;214;25.1;22.1;18.3;18;16.9;15.8;0.9;-0.6;0.17;3.6;1.9;0;427;128;74;54;96980;2.37;26.25;0.25;0.35
1983;8;3;215;19.2;16.9;12.8;17.6;11.9;8;1.3;-2;0.17;3.6;1.9;0;369;98;53;34;96994;3.08;10.61;0.28;0.35
1983;8;4;216;18.8;15;12.2;8.5;6.8;4.4;1.2;-2;0.17;3.6;1.9;0;507;147;106;54;97601;3.41;0.8;0.28;0.35
1983;8;5;217;21.6;16.7;12.8;12.2;9.4;7.8;0.6;0.2;0.17;3.6;1.9;0;525;177;99;62;97371;3.17;2.1;0.27;0.35
1983;8;6;218;19.1;15.5;12.1;12.1;10.9;9.5;0;0;0.17;3.6;1.9;0;457;134;80;55;97460;2.44;1.01;0.27;0.35
1983;8;7;219;20.4;16.2;11.4;13.5;11.8;10.4;0.2;-1.1;0.17;3.5;1.9;0;500;172;93;61;97614;2.86;2.92;0.27;0.35
1983;8;8;220;22.8;18.4;14.3;15.5;13.9;12.5;0.5;-1.4;0.17;3.5;1.9;0;435;142;89;47;97869;2.84;1.91;0.27;0.35
1983;8;9;221;24.7;20.7;14.8;15.1;13.8;13.1;0.3;-0.6;0.17;3.5;1.9;0;562;192;100;70;97934;3.2;0.19;0.27;0.35
1983;8;10;222;26.4;20.6;13.8;16.4;15;12.8;0.3;-0.3;0.17;3.5;1.9;0;590;195;98;66;97380;3.29;0.8;0.27;0.35
1983;8;11;223;25.7;20.5;15.2;16.9;14.4;11.9;0.7;-0.8;0.17;3.5;1.9;0;593;180;102;66;96830;3.29;0.85;0.27;0.35
1983;8;12;224;25.7;20.5;14.8;15.9;14.2;12.1;0.5;-1.2;0.17;3.5;1.9;0;560;180;92;68;96682;3.08;0.42;0.26;0.35
1983;8;13;225;25.2;18.8;14.3;16.4;12.4;6.6;1;-1.5;0.17;3.5;1.9;0;487;136;96;65;96757;2.69;1.13;0.26;0.35
1983;8;14;226;20.7;16.8;11.9;12.1;8.2;6.2;0.4;-0.7;0.17;3.5;1.9;0;424;141;97;70;97683;2.37;0.13;0.26;0.35
1983;8;15;227;23.8;18.6;13.8;10.9;9.9;8.6;-0.5;0.9;0.17;3.5;1.9;0;600;201;112;80;98049;3.15;0;0.26;0.35
1983;8;16;228;25.6;19.7;13.4;12.5;10.9;9;-0.3;1.9;0.17;3.5;1.9;0;660;224;128;94;97715;3.39;0;0.26;0.35
1983;8;17;229;25.2;19.8;14.4;15.9;13.5;11.4;0.5;-0.4;0.17;3.5;1.9;0;559;170;94;66;97300;2.78;2.26;0.25;0.35
1983;8;18;230;25.5;19.9;14.4;15.5;14.4;13.4;0.6;-1.3;0.16;3.4;1.9;0;548;177;93;64;97606;3.14;1.37;0.25;0.35
1983;8;19;231;26.2;21.1;14.7;16;14.6;13.2;0;-0.7;0.16;3.4;1.9;0;595;194;103;74;97778;3.01;0.16;0.25;0.35
1983;8;20;232;26.4;21.9;14.6;17.5;13;11.5;0;-0.1;0.16;3.4;1.9;0;558;182;110;74;97726;2.78;0;0.25;0.35
1983;8;21;233;27.4;22;14.2;18;13.5;12;0.3;0.4;0.16;3.4;1.9;0;544;181;107;73;97602;2.72;0;0.25;0.35
1983;8;22;234;27.8;22.2;15.4;15.7;13.6;11.5;0.6;-0.6;0.16;3.4;1.9;0;548;164;106;70;97605;2.51;0.01;0.25;0.35
1983;8;23;235;27.8;22.7;16.1;16.3;14.5;12.5;0;-0.1;0.16;3.3;1.9;0;593;187;108;71;97666;2.74;0.06;0.24;0.35
1983;8;24;236;27.1;22.2;17.4;15.6;14.2;12.6;0;0.6;0.16;3.3;1.9;0;503;135;81;54;97458;2.09;0.12;0.24;0.35
1983;8;25;237;20.3;18.8;16.6;17.5;16;13.8;0.4;-0.8;0.16;3.3;1.9;0;188;52;49;31;97374;1.16;11.22;0.25;0.34
1983;8;26;238;24.5;20;14.8;17;15.7;13.9;0.3;-1;0.16;3.3;1.9;0;484;158;87;60;97556;2.6;0.51;0.25;0.34
1983;8;27;239;26.3;21.3;14.6;17;14.4;13.1;0.5;-0.6;0.16;3.2;1.9;0;566;172;99;69;97630;2.61;0.01;0.25;0.34
1983;8;28;240;26.7;21.2;14.5;16.5;15;13.5;-0.2;0.4;0.16;3.2;1.9;0;543;168;96;66;97609;2.54;0.08;0.25;0.34
1983;8;29;241;26.8;20.5;16.1;17.9;15.8;14.3;0.4;-0.2;0.16;3.2;1.9;0;596;172;110;63;97399;2.67;8.94;0.25;0.34
1983;8;30;242;20.4;18.1;16.5;16;15.4;14.8;-0.4;-1.3;0.16;3.2;1.9;0;178;61;58;28;97669;1.46;2.61;0.25;0.34
1983;8;31;243;21.7;18.7;15.7;17.6;16;14.3;-0.3;-0.8;0.16;3.1;1.9;0;247;79;59;33;97706;1.36;2.25;0.25;0.34
1983;9;1;244;24.5;20;15.5;14.7;13.8;12.6;-1.1;0.6;0.16;3.1;1.9;0;560;172;102;65;97537;2.71;0;0.25;0.34
1983;9;2;245;24.9;20.3;15.5;16;14.3;11.8;-0.9;1.5;0.16;3.1;1.9;0;403;134;72;55;97311;2.23;0.54;0.25;0.34
1983;9;3;246;26.1;19.1;12.7;17.9;14.2;7.6;0.4;0.2;0.16;3.1;1.9;0;482;149;90;51;97188;2.85;16.91;0.25;0.34
1983;9;4;247;19.3;15.5;11.3;9.9;7.6;6.4;1;-1.3;0.16;3.1;1.9;0;458;126;101;66;97733;2.62;1.22;0.26;0.34
1983;9;5;248;21.3;15.8;8.2;12.3;9.2;6.1;0.8;0.3;0.16;3;1.9;0;495;168;108;74;98066;2.4;0;0.26;0.34
1983;9;6;249;22.1;18.3;14.1;14;12.5;10.7;0.7;0.1;0.16;3;1.9;0;443;141;93;57;97846;2.1;0.19;0.26;0.34
1983;9;7;250;19.1;15.5;11.4;13.5;9.6;4.1;0.5;-0.7;0.16;3;1.9;0;458;119;120;61;97502;2.31;2.87;0.26;0.34
1983;9;8;251;19;14.2;8.7;10.3;7.9;6.8;0.6;1.6;0.16;3;1.9;0;497;158;116;83;97572;2.25;0.04;0.26;0.34
1983;9;9;252;24.5;17.2;9.4;14.1;11.1;6.8;1.6;1.7;0.15;2.9;1.9;0;585;180;115;83;97049;2.46;0;0.26;0.34
1983;9;10;253;26.5;20.2;14.1;16.2;13.7;12.5;2;2.6;0.15;2.9;1.9;0;582;181;112;85;96726;2.69;0;0.26;0.34
1983;9;11;254;24;19.8;15.5;16.1;14.8;13.2;0.3;2.2;0.15;2.9;1.9;0;295;97;73;57;96462;1.48;0.63;0.25;0.34
1983;9;12;255;15.9;13.6;9.8;13.5;8.6;6.6;0.6;-1.6;0.15;2.9;1.9;0;186;56;73;35;96885;1.86;8.75;0.26;0.34
1983;9;13;256;18.3;13.5;7.6;9.3;7;5.9;0.6;0.2;0.15;2.9;1.9;0;502;158;118;79;97706;2.18;0.06;0.26;0.34
1983;9;14;257;20.8;14.7;7.8;11.2;9.2;6.7;0.4;0.9;0.15;2.8;1.9;0;569;173;120;83;97955;2.15;0;0.26;0.34
1983;9;15;258;23.3;17;9.9;13.4;11.5;8.9;0.4;1.5;0.15;2.8;1.9;0;572;174;119;86;97305;2.24;0;0.26;0.34
1983;9;16;259;23.7;18.2;12;13.3;11.8;10.7;1.3;2.1;0.15;2.8;1.9;0;516;149;95;76;96475;2.16;0.24;0.26;0.34
1983;9;17;260;16.9;12;10;11.9;8.5;4.9;1.1;-0.7;0.15;2.7;1.9;0;141;43;63;40;96387;1.66;19.26;0.27;0.34
1983;9;18;261;17.8;13.9;10.2;6.9;6.1;5.1;1.5;-2.8;0.15;2.7;1.9;0;425;130;96;74;97223;2.24;0;0.27;0.34
1983;9;19;262;20.6;14.1;6.7;11.1;8.2;5.1;0.5;-0.5;0.15;2.6;1.9;0;545;166;121;86;97804;2.06;0;0.27;0.34
1983;9;20;263;23.4;16.1;8.6;12.8;10.4;7.7;0.4;-1;0.15;2.6;1.9;0;549;160;121;77;97945;2.18;0.02;0.27;0.34
1983;9;21;264;21.4;15.7;9.3;12.1;10.3;8.3;0.1;0.4;0.15;2.6;1.9;0;558;162;125;82;97897;2.02;0;0.27;0.34
1983;9;22;265;23.8;17.4;11;15;12.4;10.2;0.1;-0.6;0.15;2.5;1.9;0;533;142;111;71;97843;1.85;0.03;0.26;0.34
1983;9;23;266;17.4;14.4;11.7;11.6;9.7;8.6;-0.8;0.1;0.15;2.5;1.9;0;288;83;75;50;98645;1.05;0;0.26;0.34
1983;9;24;267;19;14.5;11.4;11;9.2;7.4;0;0.6;0.15;2.4;1.9;0;491;140;109;70;98574;1.62;0;0.26;0.34
1983;9;25;268;18.4;13.4;8.6;13.8;8.1;3.7;0.6;-1.6;0.15;2.4;1.9;0;423;91;126;66;98121;1.58;2.42;0.26;0.34
1983;9;26;269;16.9;12.3;8;5.8;3.9;1.8;-0.5;-0.6;0.15;2.4;1.9;0;547;154;135;84;98817;1.72;0;0.26;0.34
1983;9;27;270;18.4;11.9;4.5;8;5.5;3.3;0.3;0.6;0.15;2.3;1.9;0;547;160;136;94;98614;1.68;0;0.26;0.34
1983;9;28;271;20.4;13.7;5.9;12.2;8.7;4.6;0.1;0.5;0.15;2.3;1.9;0;534;154;125;85;98114;1.55;0;0.26;0.34
1983;9;29;272;20.1;13.9;6.8;12.8;10.4;6.4;-0.3;0.3;0.15;2.2;1.9;0;515;146;118;79;97806;1.39;0;0.26;0.34
1983;9;30;273;22.7;15.9;8.9;12.8;11.1;8.4;0.7;0;0.15;2.2;1.9;0;506;142;113;68;97281;1.51;0.04;0.26;0.34
1983;10;1;274;15;12.3;6.1;11.3;5.4;-1.9;-1.6;-1.7;0.15;2.2;1.9;0;315;87;105;65;98167;1.14;0.11;0.26;0.34
1983;10;2;275;13.6;9;4.7;4;1.5;-1.9;0.1;0.9;0.14;2.1;1.9;0;495;142;131;87;98696;1.16;0;0.25;0.33
1983;10;3;276;21.6;13.5;6.7;10.9;7.9;3.8;0.2;0.3;0.14;2.1;1.9;0;452;124;101;63;98269;1.26;0;0.25;0.33
1983;10;4;277;23.9;16.1;8.5;13.5;11.1;7.9;0.5;0.4;0.14;2;1.9;0;497;140;119;75;98152;1.42;0;0.25;0.33
1983;10;5;278;24.4;16.4;9;14;11.9;8.6;0.5;0.6;0.14;2;1.9;0;497;139;120;80;98030;1.33;0;0.25;0.33
1983;10;6;279;22.9;16.2;9.4;13.9;11.6;8.9;0.4;-0.2;0.14;2;1.9;0;443;122;106;68;97751;1.19;0.21;0.25;0.33
1983;10;7;280;15.7;12.9;9.9;9.8;8.1;6.9;0;1.2;0.14;1.9;1.9;0;283;71;79;60;98085;0.69;0;0.25;0.33
1983;10;8;281;17.3;12.3;7.1;10.4;8.2;6;0.4;0;0.14;1.9;1.9;0;357;98;93;62;97546;0.8;0;0.25;0.33
1983;10;9;282;17.2;11.6;7.2;11.2;7.3;3.5;1;-0.7;0.14;1.8;1.9;0;279;73;98;53;96969;0.99;1.64;0.25;0.33
1983;10;10;283;18.6;13.6;10.2;9.9;7.8;5.1;0.1;1.6;0.14;1.8;1.9;0;421;105;97;55;97666;1;0.06;0.25;0.33
1983;10;11;284;16.7;12.3;8.7;14.4;10.6;7.4;0.1;-0.7;0.14;1.8;1.9;0;226;54;55;35;97479;0.91;25.35;0.26;0.33
1983;10;12;285;14;10;6;6.6;2.7;0.1;1.5;-1.2;0.14;1.7;1.9;0;463;118;120;81;97953;1.59;0.34;0.27;0.33
1983;10;13;286;15.9;9.5;3.2;6;3.5;1.3;0.2;1.2;0.14;1.7;1.9;0;471;127;122;86;98190;1.17;0;0.27;0.33
1983;10;14;287;17.6;11.2;5.6;8.5;6.4;3.8;0.5;1.6;0.14;1.6;1.9;0;464;125;118;87;97965;1.07;0;0.27;0.33
1983;10;15;288;19.6;13.1;7.6;9.5;8.1;6;1.5;2.3;0.14;1.6;1.9;0;440;119;109;83;97678;1.13;0;0.27;0.33
1983;10;16;289;19.7;14.9;10.7;11.9;9.8;8.2;1.2;3.2;0.14;1.6;1.9;0;433;114;121;77;97038;1.19;0.01;0.27;0.33
1983;10;17;290;13.3;9.2;6.5;11.4;7.4;4.3;0.1;-1.4;0.14;1.6;1.9;0;27;7;36;17;97003;1.17;39.25;0.29;0.33
1983;10;18;291;13.2;9.2;4.5;4.1;2.3;1.1;0.6;-2;0.14;1.6;1.9;0;376;101;118;71;98027;1.28;0.01;0.3;0.33
1983;10;19;292;15;8.7;2.7;6;3.6;0.7;0.8;0.8;0.14;1.5;1.9;0;433;112;111;72;98337;0.98;0;0.3;0.33
1983;10;20;293;15;10.4;6;9.2;7.2;4.8;0.4;0.2;0.13;1.5;1.9;0;189;53;72;45;98207;0.41;0.01;0.3;0.33
1983;10;21;294;8.9;7.8;4.3;7.7;6.2;0.6;-0.5;-0.3;0.13;1.5;1.9;0;86;23;68;30;98409;0.58;5.03;0.3;0.33
1983;10;22;295;9.1;5.2;0.4;1.2;-0.3;-2;-0.4;-1.7;0.13;1.5;1.9;0;277;74;87;66;99246;0.81;0.03;0.31;0.33
1983;10;23;296;8.7;4.5;0.8;1.9;0.4;-0.8;0.3;0.2;0.13;1.5;1.9;0;384;98;108;76;99177;0.66;0;0.31;0.33
1983;10;24;297;8;3.5;0.1;2;0.2;-1.5;0.3;0.1;0.13;1.5;1.9;0;433;112;127;86;98475;0.61;0;0.3;0.33
1983;10;25;298;8.3;3.3;-1.2;2.3;0.4;-2.2;-0.1;-0.6;0.13;1.5;1.9;0;320;81;88;63;98548;0.49;0;0.3;0.33
1983;10;26;299;11;5.2;-1.2;3.6;1.6;-1.9;0.8;0.5;0.13;1.4;1.9;0;331;80;99;55;98419;0.53;0;0.3;0.33
1983;10;27;300;15.8;8.6;2.2;6.8;3.7;0.7;0.4;0.5;0.13;1.4;1.9;0;411;104;118;74;98180;0.81;0;0.3;0.33
1983;10;28;301;14.8;8.4;2.1;8.3;4.9;1.2;0.1;-0.1;0.13;1.4;1.9;0;404;102;114;73;97630;0.69;0;0.3;0.33
1983;10;29;302;12.3;7.6;2.6;6.1;4.6;2.1;-0.3;-0.8;0.13;1.4;1.9;0;314;73;91;48;97807;0.54;0.14;0.3;0.33
1983;10;30;303;10.1;8.3;7.3;7.2;6.3;5.4;-0.5;0;0.13;1.4;1.9;0;121;24;29;14;98078;0.27;0.44;0.3;0.33
1983;10;31;304;12.4;8.6;5;7;5.3;2.8;0.3;-0.9;0.13;1.4;1.9;0;285;69;75;49;97772;0.55;0;0.3;0.33
1983;11;1;305;10.7;6.8;3;3.2;1.3;0.2;-0.1;-1.3;0.12;1.4;1.9;0;285;67;86;62;98504;0.53;0;0.3;0.33
1983;11;2;306;10.9;5.2;-0.8;3.9;1.6;-1.6;0.5;0.4;0.12;1.4;1.9;0;377;91;115;79;98893;0.52;0;0.3;0.33
1983;11;3;307;8.8;6.2;2.7;6.2;4.3;1.5;-0.2;0.1;0.12;1.3;1.9;0;206;47;55;29;98612;0.22;0;0.3;0.33
1983;11;4;308;11.1;8;5;6.8;6.3;4.9;-0.3;0.3;0.12;1.3;1.9;0;256;63;72;39;97971;0.37;0.1;0.3;0.33
1983;11;5;309;10.2;6.3;3;6.4;4.9;2.8;0.4;0;0.12;1.3;1.9;0;198;50;58;36;97923;0.29;0.02;0.3;0.33
1983;11;6;310;11.5;6.6;2.4;6.4;4.5;2.3;0.2;0.4;0.12;1.3;1.9;0;341;71;92;49;98289;0.42;0;0.3;0.33
1983;11;7;311;10.8;6.4;3;6.6;4.8;2.9;0.4;0.3;0.12;1.3;1.9;0;278;60;70;40;98539;0.34;0;0.3;0.33
1983;11;8;312;9.5;5.5;3;5.7;4.3;2.8;0.1;0.5;0.12;1.3;1.9;0;297;63;86;45;98514;0.29;0.01;0.3;0.33
1983;11;9;313;9.5;5.1;2.3;4.7;3.5;1.9;0.1;0.6;0.12;1.3;1.9;0;329;74;108;60;98514;0.39;0.01;0.3;0.33
1983;11;10;314;8.3;3.4;-0.5;3.9;2;-0.7;0;0.6;0.12;1.2;1.9;0;318;70;99;61;98209;0.33;0;0.3;0.33
1983;11;11;315;9.3;4.6;0.1;4.2;2.2;-0.1;-0.4;-0.2;0.12;1.2;1.9;0;317;73;100;51;97763;0.35;0.02;0.3;0.33
1983;11;12;316;3.9;1.4;-1.3;-0.4;-4.4;-6.6;-1.4;-1.1;0.12;1.2;1.9;0;317;74;119;78;98347;0.42;0;0.3;0.33
1983;11;13;317;2.4;-0.7;-2.7;-5.2;-7.2;-11.4;-0.9;-0.9;0.11;1.2;1.9;0;335;76;104;76;98263;0.36;0.01;0.3;0.33
1983;11;14;318;-1.9;-3.2;-5.1;-8.4;-9.5;-11.6;-0.9;-0.6;0.13;1.2;1.9;0.85;198;41;81;52;98479;0.24;1.28;0.3;0.33
1983;11;15;319;-0.1;-3.6;-7.1;-8.8;-9.9;-11;0.5;1.2;0.13;1.2;1.9;1.26;352;78;120;81;97412;0.06;0;0.3;0.33
1983;11;16;320;4.4;-0.7;-4.1;-5;-7;-8.8;0.2;0.3;0.13;1.2;1.9;1.17;316;70;103;67;96789;0.05;0;0.3;0.33
1983;11;17;321;3.7;-0.1;-3.3;-1.9;-4;-5.9;0.1;-0.3;0.13;1.2;1.9;1.03;296;65;93;64;97207;0.05;0;0.3;0.33
1983;11;18;322;1.5;-1.2;-3.5;-2.3;-3.5;-4.6;0.3;-0.5;0.13;1.2;1.9;1;139;33;65;44;97729;0.05;0.12;0.3;0.33
1983;11;19;323;2.1;-1.3;-3.6;-3.3;-4;-4.8;0.3;0.4;0.13;1.2;1.9;1.04;217;51;74;58;98046;0.06;0;0.3;0.33
1983;11;20;324;2.3;-2.4;-5.3;-4.9;-5.5;-6.5;0.2;1.1;0.13;1.2;1.9;0.97;335;76;116;79;97536;0.07;0;0.3;0.33
1983;11;21;325;3.7;-1.4;-5.1;-3.2;-5.1;-6.8;0.5;-0.4;0.12;1.2;1.9;0.86;321;71;110;71;97002;0.03;0;0.3;0.33
1983;11;22;326;3.9;-0.8;-3.1;-4.5;-6.4;-9.1;0.6;0;0.12;1.2;1.9;0.76;287;66;116;80;97818;0.05;0;0.3;0.33
1983;11;23;327;3.4;-1;-4.1;-4.6;-5.4;-6.4;0.4;0.6;0.12;1.2;1.9;0.7;322;73;120;83;98162;0.06;0;0.3;0.33
1983;11;24;328;2.9;-2.2;-6;-4.5;-6.1;-8;0.2;0.3;0.12;1.2;1.9;0.61;292;65;112;77;98665;0;0;0.3;0.33
1983;11;25;329;2.8;-1.9;-5.4;-5.1;-6.2;-7.2;0.2;0.6;0.12;1.2;1.9;0.58;207;49;87;47;98248;0;0;0.3;0.33
1983;11;26;330;4.7;1.1;-2.1;-1.4;-3.5;-5.9;1.4;1;0.12;1.2;1.9;0.54;116;25;57;27;97043;0.02;0.01;0.3;0.33
1983;11;27;331;9.5;5;1.6;7.5;3.6;-1.1;1.1;1;0.11;1.2;1.9;0.39;171;26;29;11;95241;0.09;16.44;0.3;0.33
1983;11;28;332;8.7;3;-0.1;5.4;1.4;-1.2;1.7;0.1;0.11;1.2;1.9;0.25;191;41;81;49;95199;0.13;0.27;0.31;0.33
1983;11;29;333;8.2;2.5;-1.1;3.6;-0.1;-3.5;1.3;-0.3;0.11;1.2;1.9;0.18;233;50;71;45;96640;0.26;0.16;0.31;0.33
1983;11;30;334;4.7;0.7;-2.2;-0.7;-5;-7.3;1.3;-1.1;0.11;1.2;1.9;0.17;226;50;109;62;97334;0.43;0.8;0.31;0.33
1983;12;1;335;-0.6;-2.3;-3.7;-7.7;-10.9;-12.4;-0.3;-4.4;0.11;1.2;1.9;0.47;224;44;101;71;98535;0.27;0.13;0.31;0.33
1983;12;2;336;-1.9;-3.3;-4.7;-9.7;-11.4;-13.5;-1.4;-3.7;0.11;1.2;1.9;0.51;224;49;113;69;99145;0.08;0.02;0.31;0.33
1983;12;3;337;-2.2;-4.1;-5.5;-10;-12.5;-14.8;-0.7;-1.1;0.11;1.2;1.9;0.57;184;41;96;56;99183;0;0.05;0.31;0.33
1983;12;4;338;0.9;-2;-3.9;-4;-7.3;-11;0.6;0.2;0.11;1.2;1.9;0.61;240;51;87;55;99035;0.01;0;0.31;0.33
1983;12;5;339;2.2;-1.8;-4.1;-3.4;-4.8;-6.1;0.2;0.7;0.11;1.2;1.9;0.52;277;60;101;70;98711;0.01;0;0.31;0.33
1983;12;6;340;2.1;-1.4;-4.2;-2.3;-3.6;-5.1;0.1;0.2;0.11;1.2;1.9;0.46;262;57;95;59;97834;0.03;0.14;0.31;0.33
1983;12;7;341;3.1;-0.7;-3;-2.6;-5.6;-7.9;0.9;-1.5;0.11;1.2;1.9;0.76;273;56;107;64;97870;0.05;0.17;0.31;0.33
1983;12;8;342;1.1;-1.1;-2.9;-7.6;-8.7;-9.4;0.4;-2.3;0.11;1.2;1.9;0.77;188;40;78;63;98268;0.05;0.04;0.31;0.33
1983;12;9;343;0.9;-2.4;-4.7;-5.6;-7.8;-9.6;0.1;1.1;0.11;1.2;1.9;0.74;268;59;111;75;97321;0;0;0.31;0.33
1983;12;10;344;2.7;-1.5;-3.7;-4.4;-5.3;-5.9;0.8;1.1;0.11;1.2;1.9;0.69;166;39;77;54;96241;0;0.13;0.31;0.33
1983;12;11;345;0.2;-2.1;-4.9;-3.2;-6.1;-8;0;-0.6;0.12;1.2;1.9;0.88;169;35;76;50;97190;0.16;0.45;0.31;0.33
1983;12;12;346;-1.7;-4;-5.6;-6.6;-7.7;-8.8;-0.6;0;0.12;1.2;1.9;0.99;208;42;77;55;97999;0.01;0.1;0.31;0.33
1983;12;13;347;-2.7;-4.6;-6.7;-6.8;-8.4;-9.2;-0.7;0.8;0.12;1.2;1.9;1.13;169;35;88;49;98596;0;0.11;0.31;0.33
1983;12;14;348;-3.8;-5.8;-7.5;-9.1;-9.3;-9.5;-0.6;0.4;0.12;1.2;1.9;1.16;228;47;76;48;98625;0.01;0.06;0.31;0.33
1983;12;15;349;-3.7;-4.8;-6.2;-6.3;-8.5;-10.2;-0.3;-0.7;0.12;1.2;1.9;1.49;102;18;31;21;98253;0;1.02;0.31;0.33
1983;12;16;350;-0.5;-2.7;-4.4;-4.4;-5.7;-7.4;-0.7;1.7;0.14;1.2;1.9;2.65;165;32;47;26;97362;0.04;0.6;0.31;0.33
1983;12;17;351;1.3;-0.9;-3.5;-0.8;-2.4;-4.5;-0.7;0.4;0.14;1.2;1.9;2.78;91;18;40;11;96776;0.04;0.52;0.31;0.33
1983;12;18;352;6;2.2;-1.8;4.4;1.4;-2.4;0.2;1.6;0.14;1.2;1.9;2.42;189;39;72;27;96374;-0.12;1.31;0.31;0.33
1983;12;19;353;9;6.6;3.9;6.7;5.1;3.2;0.2;3;0.12;1.2;1.9;1.32;205;37;57;29;95908;-0.02;2.15;0.32;0.33
1983;12;20;354;7;3.9;-0.3;6;3.4;-0.5;0.2;0.2;0.11;1.1;1.9;0.56;51;10;32;7;96200;-0.04;5.74;0.32;0.33
1983;12;21;355;7.1;3;-0.7;5.2;2.3;-0.9;0.5;1.5;0.11;1.1;1.9;0.43;132;27;45;25;96373;0;1.22;0.32;0.33
1983;12;22;356;6.6;2.8;0.2;5.5;2.2;0;0.4;-0.8;0.11;1.1;1.9;0.33;136;26;40;15;96495;0.07;5.11;0.33;0.33
1983;12;23;357;8.1;2.5;-1.6;4.6;1.4;-2.2;1;0.4;0.1;1.1;1.9;0.23;246;49;97;41;97066;0.19;0.42;0.33;0.33
1983;12;24;358;8.5;3.9;0.3;6.6;3;-0.1;1;0.3;0.1;1.1;1.9;0.2;193;30;53;20;97573;0.08;0.89;0.33;0.33
1983;12;25;359;9.1;2.4;-1.1;6.4;1.1;-1.7;1.6;0.5;0.1;1.1;1.9;0.14;218;40;80;52;97617;0.09;0;0.33;0.33
1983;12;26;360;8.7;2.7;-1.4;4.2;0.6;-2.6;1.4;0.3;0.1;1.1;1.9;0.11;263;52;94;51;97316;0.21;1.97;0.33;0.33
1983;12;27;361;5.9;2.8;-1.5;0;-3.4;-5;1.5;-2.1;0.1;1.1;1.9;0.08;253;52;106;72;98597;0.61;0;0.33;0.33
1983;12;28;362;9;2.6;-0.5;3.3;-1.6;-4.8;1.4;0.4;0.1;1.1;1.9;0.07;256;54;87;48;98799;0.12;0;0.33;0.33
1983;12;29;363;8.2;2.2;-1.2;4.5;0.5;-2.1;1.1;0;0.1;1.1;1.9;0.07;265;56;96;57;98970;0.14;0;0.33;0.33
1983;12;30;364;6.9;1.1;-1.8;4.3;0.1;-2.4;1;0.6;0.1;1.1;1.9;0.03;270;56;97;55;98319;0.08;0.14;0.33;0.33
1983;12;31;365;6.1;1.6;-1.3;3.2;0.1;-2.2;0.6;0.6;0.1;1.1;1.9;0;203;45;84;46;98059;0.09;0;0.33;0.33
1984;1;1;1;9;2.2;-1.4;3.8;0.2;-2.8;1.6;0.4;0.1;1.1;1.9;0;237;51;102;57;97686;0.14;0;0.33;0.33
1984;1;2;2;7.9;1.1;-2.4;4;-1.1;-3.8;1.2;-0.2;0.1;1.1;1.9;0;253;52;101;65;97646;0.13;0;0.33;0.33
1984;1;3;3;9.6;5;-1.6;4.3;2.2;-2.3;2;2.3;0.1;1.1;1.9;0;225;47;79;52;96734;0.16;0.13;0.33;0.33
1984;1;4;4;5.8;1.3;-2.8;4;0.5;-3.8;0.6;0.6;0.12;1;1.9;1.32;68;13;55;25;96740;0.18;11.25;0.34;0.33
1984;1;5;5;2.7;-1.8;-4.8;-2;-5;-8.6;1.3;-0.7;0.13;1;1.9;1.8;169;38;90;64;97660;0.32;0.45;0.34;0.33
1984;1;6;6;1.5;-3.1;-6.9;-5.8;-7.8;-10.9;1;0.4;0.13;1;1.9;1.72;280;61;117;77;97806;0.11;0;0.34;0.33
1984;1;7;7;3.6;-1.1;-3.4;-4.8;-6.4;-7.9;0.5;1.2;0.12;1;1.9;1.64;276;60;113;71;96966;0.05;0.07;0.34;0.33
1984;1;8;8;1.4;-0.9;-2.5;-0.2;-2.9;-6.1;0.3;0.2;0.15;1;1.9;3.51;95;18;28;17;96526;0.05;8.5;0.34;0.33
1984;1;9;9;2.3;-1.8;-8.5;-1.1;-3.2;-10.1;1;-0.2;0.32;1;1.9;13.36;132;29;74;40;97052;0.05;5.22;0.34;0.33
1984;1;10;10;1.7;-5.9;-11.7;-5;-9.8;-14.1;1.2;-1.4;0.31;1;1.9;13.2;223;47;103;61;97979;0.32;0;0.34;0.33
1984;1;11;11;-1.9;-9.2;-16.4;-6;-12.1;-17.7;1.2;0;0.3;1;1.9;12.69;232;50;107;62;98277;0.24;0.01;0.34;0.33
1984;1;12;12;-5.4;-12.5;-19;-8.1;-14.5;-21.1;0.6;0.1;0.3;1;1.9;12.49;198;42;70;43;97323;0.18;0.11;0.34;0.33
1984;1;13;13;0.3;-6.2;-13.5;-4.2;-9;-15.2;0.7;0.9;0.29;1;1.9;12.29;238;52;108;44;97387;0.22;0.04;0.34;0.33
1984;1;14;14;3.8;-0.3;-5.9;-1.5;-3.9;-8.1;1.3;1.8;0.29;1;1.9;11.85;174;35;66;39;96420;0.26;0.11;0.34;0.33
1984;1;15;15;2.9;0;-3.4;1;-1.5;-4.4;1;0.8;0.27;1;1.9;11.36;86;18;71;39;96650;-0.06;1.79;0.34;0.33
1984;1;16;16;5.6;-1.9;-7.1;-2.6;-5.5;-8.4;1.3;0.4;0.26;1;1.9;10.79;252;56;110;64;97748;0.19;0;0.34;0.33
1984;1;17;17;4.7;0.3;-3.9;0;-2.4;-6.2;1.2;1.3;0.24;1;1.9;9.64;166;28;56;28;97190;0.09;1.13;0.34;0.33
1984;1;18;18;5;-0.2;-5.6;0.9;-2;-6.9;1;0.4;0.23;1;1.9;8.85;203;50;105;55;97542;0.08;1.11;0.35;0.33
1984;1;19;19;1.7;-3.3;-7;-2.4;-6;-9.9;0.2;1;0.21;0.9;1.9;7.91;255;59;110;59;97484;0.23;0;0.35;0.33
1984;1;20;20;0.9;-2;-6.1;-1.1;-3.9;-7.4;0.6;0;0.23;0.9;1.9;8.87;97;22;52;30;96886;0.09;2.08;0.35;0.33
1984;1;21;21;-1.2;-4.8;-11;-2.6;-6.5;-13.1;-0.3;-0.1;0.26;0.9;1.9;10.39;89;21;48;21;97690;0.11;4.26;0.35;0.33
1984;1;22;22;-0.8;-2.5;-3.5;-3.3;-3.8;-4.4;-0.7;0;0.35;0.9;1.9;18.08;149;29;49;19;96766;0.14;5.87;0.35;0.33
1984;1;23;23;1.5;-1.9;-5.3;-1.3;-3.5;-6.4;0;1.2;0.35;0.9;1.9;19.34;212;42;85;42;95838;0.07;0.51;0.35;0.33
1984;1;24;24;0.8;-1.1;-3.3;-0.8;-2.5;-5.6;0.6;-0.4;0.35;0.9;1.9;27.34;67;12;49;24;94817;0.04;13.3;0.35;0.33
1984;1;25;25;2.8;-2.8;-9.2;-5.4;-7.7;-11.4;2.3;-1.3;0.35;0.9;1.9;31.47;244;55;103;71;96197;0.46;0;0.35;0.33
1984;1;26;26;1.9;-4.8;-10;-5.9;-9.4;-12.8;1.1;0.1;0.35;0.9;1.9;30.32;267;62;125;80;97662;0.28;0;0.35;0.33
1984;1;27;27;2.1;-5.8;-13.8;-2.6;-8.8;-16.2;0.5;1;0.34;0.9;1.9;29.75;258;58;95;52;97832;0.22;0;0.35;0.33
1984;1;28;28;2.1;-2.9;-10;-1;-5;-11.5;0.1;-0.2;0.34;0.9;1.9;28.62;223;50;78;36;98266;0.11;0.29;0.35;0.33
1984;1;29;29;1.5;-0.6;-5.4;-0.1;-1.6;-5.9;0;-0.1;0.34;0.9;1.9;29.74;133;32;96;32;98143;0;5.31;0.35;0.33
1984;1;30;30;1.2;-4.4;-11.3;-1.8;-6;-12.4;0.1;0.3;0.34;0.9;1.9;29.59;206;46;82;39;97887;0.16;0.05;0.35;0.33
1984;1;31;31;3;-3.1;-11.2;-0.3;-4.8;-12.1;0.6;0.5;0.34;0.9;1.9;28.15;238;52;88;42;96950;0.1;0.09;0.36;0.33
1984;2;1;32;0.6;-2.6;-9.8;-0.1;-3.7;-11.2;0.4;-0.6;0.34;0.9;1.9;31.03;108;22;55;18;96695;0.07;12.73;0.36;0.33
1984;2;2;33;3;0.5;-2.2;0.3;-0.7;-3.1;-0.2;0.1;0.35;0.9;1.9;37.56;255;58;104;43;96730;0.01;0.7;0.36;0.33
1984;2;3;34;2.5;-0.3;-3;0.2;-1.3;-3.7;0.3;0.4;0.34;0.9;1.9;35.83;88;21;63;19;97389;-0.03;2.08;0.36;0.33
1984;2;4;35;5.9;0.4;-8;0.1;-2.6;-8.9;1;0.1;0.34;0.9;1.9;34.25;272;64;113;58;97429;0.08;1.05;0.36;0.33
1984;2;5;36;4.2;-2.7;-10.5;-0.2;-4.9;-11.4;0.9;0.6;0.34;0.9;1.9;31.31;235;48;92;37;97737;0.08;0.39;0.37;0.33
1984;2;6;37;4;-0.8;-6.5;0.3;-2.5;-7.6;0.8;1;0.33;0.8;1.9;29.19;236;42;109;42;97285;-0.06;3.55;0.37;0.33
1984;2;7;38;6;0.5;-3.9;0.9;-2.1;-5.1;1.7;0.8;0.33;0.8;1.9;25.9;205;51;96;49;95617;-0.02;0.34;0.38;0.33
1984;2;8;39;2.7;-3.1;-11.3;-2.9;-6.2;-12.7;0.7;1.1;0.33;0.8;1.9;22.98;240;55;86;48;95548;0.28;0.54;0.38;0.33
1984;2;9;40;4.3;-0.1;-5.6;-2.8;-4.6;-7;0.4;-3.3;0.33;0.8;1.9;21.58;277;66;99;56;96236;0.56;0.23;0.38;0.33
1984;2;10;41;1.9;0.3;-1;-5.2;-6.4;-7.4;0.6;-6.6;0.32;0.8;1.9;20.12;257;62;92;55;97837;1.19;0.02;0.38;0.33
1984;2;11;42;1.2;-1.4;-4.8;-5.9;-7.4;-9.2;-0.5;-4.5;0.32;0.8;1.9;19.14;284;74;109;78;98328;0.83;0;0.38;0.33
1984;2;12;43;-1.2;-3.9;-6;-8.6;-9.4;-10.5;-0.2;-4.5;0.31;0.8;1.9;18.49;259;62;86;62;98889;0.71;0.11;0.38;0.33
1984;2;13;44;-1.6;-3.7;-5.3;-7.4;-8.8;-10.1;-0.6;-3.4;0.31;0.8;1.9;18.43;216;48;66;36;98757;0.59;1.19;0.38;0.33
1984;2;14;45;-2.5;-4.8;-7.5;-7.4;-8.4;-9.3;-1;-1.6;0.33;0.8;1.9;19.38;175;43;53;33;98915;0.35;1.42;0.38;0.33
1984;2;15;46;-1.8;-5.3;-9;-8.1;-9;-10.5;-1.2;-1.5;0.33;0.8;1.9;21.04;229;51;59;33;98933;0.37;2.12;0.37;0.33
1984;2;16;47;-2.1;-5.6;-9.4;-7.4;-9.5;-11.5;-0.5;-1.2;0.34;0.8;1.9;21.7;214;52;63;36;98763;0.38;0.9;0.37;0.33
1984;2;17;48;-2.2;-6.3;-11.4;-6.5;-9.2;-13.4;0;-1.2;0.34;0.8;1.9;21.96;178;43;41;22;98774;0.29;0.58;0.37;0.33
1984;2;18;49;-0.4;-4.1;-10.9;-4.1;-6.8;-12.3;-0.3;-1.3;0.34;0.8;1.9;22.26;236;50;44;26;98623;0.34;1.84;0.37;0.33
1984;2;19;50;0.2;-1.8;-3.3;-2.3;-3.5;-4.2;-1.2;-0.5;0.34;0.8;1.9;26.14;152;37;36;18;98088;0.24;4.86;0.37;0.33
1984;2;20;51;0.9;-1.9;-4.6;-3.4;-4.5;-5.9;-0.3;0.4;0.34;0.8;1.9;27.8;199;47;53;31;97955;0.32;0.43;0.37;0.33
1984;2;21;52;1.5;-4.1;-13.4;-3.3;-6.6;-14.7;-0.1;0.4;0.34;0.8;1.9;26.9;274;66;73;46;98178;0.29;0.08;0.37;0.33
1984;2;22;53;1.5;-2.9;-9.2;-1;-4.6;-10.1;-0.6;0.9;0.34;0.9;1.9;26.25;235;53;48;24;97980;0.24;1.09;0.37;0.33
1984;2;23;54;0.8;-0.7;-2.3;0;-1.2;-2.6;-0.7;-1.2;0.34;0.9;1.9;33.32;66;16;20;10;97664;0.03;22.41;0.37;0.34
1984;2;24;55;3.3;0.6;-2.8;0;-1.2;-3.7;-0.2;-0.4;0.35;0.9;1.9;48.75;300;83;108;49;97696;0.05;5.5;0.37;0.34
1984;2;25;56;3.1;1.1;0.5;0.9;0.4;0;-0.5;-1.1;0.35;0.9;1.9;53.64;122;26;32;12;97721;-0.04;13.61;0.38;0.34
1984;2;26;57;5.7;2.3;0.5;1.8;0.8;0.1;-1.7;-0.8;0.35;0.9;1.9;52.82;237;60;66;26;97426;-0.1;10.4;0.39;0.34
1984;2;27;58;6.2;1.7;-1.6;0.8;-0.6;-3.1;-0.2;1.5;0.34;0.9;1.9;47.57;273;76;109;54;97153;0.02;0.68;0.4;0.34
1984;2;28;59;4.5;-1.4;-8.1;-0.1;-3.4;-9;-0.3;-0.4;0.34;0.9;1.9;42.3;343;86;102;60;97282;0.02;0;0.4;0.34
1984;2;29;60;2.5;-0.7;-5.4;0.2;-1.9;-6.1;0;-0.5;0.34;0.9;1.9;38.76;156;41;29;11;97383;0.02;0.4;0.4;0.34
1984;3;1;61;4.6;1.6;0;0.7;0.2;-0.5;0;-0.9;0.33;0.9;1.9;35.69;208;44;46;15;96872;0;2.28;0.4;0.34
1984;3;2;62;4.6;1.5;-1.6;0.6;-0.2;-2.7;0;-0.7;0.33;0.9;1.9;34.02;145;33;48;20;96180;0.02;9.6;0.41;0.34
1984;3;3;63;3.5;-0.1;-4.1;-0.5;-2.8;-4.9;-0.2;-1.9;0.34;1;1.9;33.52;183;39;62;26;95881;0.35;4.4;0.41;0.34
1984;3;4;64;4.6;2.1;0.4;-2.6;-3.1;-3.8;-0.3;-4.6;0.34;1;1.9;33.44;273;66;82;39;96870;0.85;1.15;0.41;0.34
1984;3;5;65;4.1;0.7;-2.5;-3.6;-4.7;-6.5;-0.4;-2.7;0.33;1;1.9;32.1;267;69;88;52;97960;0.65;0.32;0.41;0.35
1984;3;6;66;6;1.8;-2.5;-2.4;-3.6;-6.3;0.2;-2.9;0.33;1;1.9;29.53;307;82;99;46;98277;0.54;0.04;0.41;0.35
1984;3;7;67;8.2;3.1;-2.3;-0.6;-2.1;-4.3;0.7;-1.5;0.31;1;1.9;24.54;334;82;79;44;98028;0.28;0.35;0.41;0.35
1984;3;8;68;4.1;0.8;-2.7;-1.4;-5.1;-8.2;-0.8;-2.8;0.3;1;1.9;21.4;406;101;109;64;98074;0.78;0.32;0.41;0.35
1984;3;9;69;2.7;-0.5;-3.5;-6;-6.9;-7.7;-0.7;-3.1;0.29;1;1.9;20.15;355;98;96;61;98349;0.79;0.35;0.41;0.35
1984;3;10;70;4.1;0.1;-3.7;-5.1;-6;-7.6;-0.3;-2.5;0.29;1;1.9;19.57;385;99;93;56;98086;0.76;0.55;0.41;0.35
1984;3;11;71;4.1;-0.1;-4.6;-4;-5.8;-8.5;0.6;-2;0.28;1;1.9;18.04;297;76;58;39;97841;0.55;0.13;0.4;0.35
1984;3;12;72;3.6;0.8;-2;-3;-3.6;-4.5;-0.6;-0.9;0.28;1;1.9;17.03;280;79;63;40;97794;0.48;1.42;0.4;0.36
1984;3;13;73;5.9;1.2;-3.7;-1;-3;-5.8;-0.1;-0.6;0.26;1;1.9;14.64;363;95;87;45;97883;0.36;0.17;0.4;0.36
1984;3;14;74;6.6;2.7;-1;0.4;-1.3;-2.3;-0.1;-0.9;0.23;1.1;1.9;11.54;311;89;73;41;97832;0.51;0.54;0.4;0.36
1984;3;15;75;6.1;2.5;-1.1;0.5;-1.3;-2.5;-0.5;0.6;0.21;1.1;1.9;8.95;326;81;60;32;97246;0.56;0.58;0.4;0.36
1984;3;16;76;6.9;3.5;0.2;-0.5;-1.7;-2.6;-0.8;0.6;0.19;1.1;1.9;6.97;318;91;67;44;96915;0.56;0.35;0.4;0.36
1984;3;17;77;8.4;4.1;-0.2;-0.1;-1.6;-2.9;-0.4;0.4;0.17;1.1;1.9;5.23;371;102;90;54;97008;0.55;0.03;0.4;0.36
1984;3;18;78;9.1;3.1;-2.8;1.2;-1.7;-5.2;-0.9;-1.2;0.16;1.1;1.9;3.67;517;137;118;66;97166;0.64;0.21;0.4;0.36
1984;3;19;79;2.4;-0.2;-2.4;-6.1;-7.7;-8.7;-1.6;-0.7;0.16;1.1;1.9;2.94;525;136;98;63;97737;0.76;0;0.4;0.36
1984;3;20;80;2.9;-0.7;-3.1;-6.3;-8.8;-10.7;-1.4;1.1;0.16;1.2;1.9;2.78;565;164;123;82;97693;0.69;0;0.4;0.36
1984;3;21;81;6.9;1.1;-3.7;-1.1;-4.7;-8.4;-0.7;0.2;0.15;1.2;1.9;2.33;594;177;134;91;97149;0.54;0;0.4;0.36
1984;3;22;82;6.6;1.9;-2.7;0;-1.7;-4.3;-0.8;-0.9;0.15;1.2;1.9;1.75;503;129;95;58;97009;0.45;0;0.39;0.37
1984;3;23;83;7.8;3.2;-0.7;-0.1;-1.4;-2.6;-0.4;-0.7;0.14;1.2;1.9;1.29;478;116;89;54;96942;0.72;0;0.39;0.37
1984;3;24;84;10.4;4.5;-1.6;-0.7;-1.7;-3.3;-0.1;1;0.14;1.2;1.9;0.87;596;156;121;78;96965;0.93;0;0.39;0.37
1984;3;25;85;13.3;7.1;0.5;4.2;1.1;-2.7;1.1;2.9;0.14;1.2;1.9;0.52;593;146;109;63;96388;1.02;0.23;0.39;0.37
1984;3;26;86;13.5;7.3;1.3;5;3.2;0.7;1.2;1.3;0.14;1.3;1.9;0.24;509;147;101;63;96167;1.27;0.78;0.39;0.37
1984;3;27;87;14.2;7.4;0.7;3;1.2;-0.8;1.3;1.3;0.14;1.3;1.9;0.1;593;169;127;85;96744;1.5;0.35;0.38;0.37
1984;3;28;88;15.3;9.2;2;4.7;3.3;1.1;2.2;2.4;0.14;1.3;1.9;0.03;620;189;127;93;96998;1.56;0;0.38;0.37
1984;3;29;89;15.7;10.7;6.9;6.7;4.2;3;1.6;1.9;0.14;1.3;1.9;0;552;147;101;66;96649;1.36;2;0.38;0.37
1984;3;30;90;7.4;5.4;3.3;5.6;1.6;-1.5;1.6;-1.4;0.14;1.3;1.9;0.46;243;48;44;24;96381;1.41;20.08;0.4;0.37
1984;3;31;91;11.6;6.1;0.7;-1.6;-3.3;-6.4;0.8;-0.4;0.14;1.4;1.9;0.39;598;179;131;86;96924;1.63;0.31;0.4;0.37
1984;4;1;92;12.7;7.1;0.4;2.1;-0.6;-3.6;1.6;3.1;0.14;1.4;1.9;0.22;503;137;83;62;96668;1.3;0;0.39;0.37
1984;4;2;93;8.7;7.5;5.9;7.8;5.6;2.4;-0.9;0.9;0.14;1.4;1.9;0.07;125;33;52;19;96006;0.53;19.59;0.39;0.37
1984;4;3;94;10.8;6.8;4;6.2;4.5;2.4;0;-1.5;0.14;1.4;1.9;0;355;89;49;26;96091;1.67;13.04;0.41;0.37
1984;4;4;95;8.3;5.2;2.4;2.6;1;0.2;0.3;-0.8;0.14;1.4;1.9;0;314;85;52;28;96598;1.2;1.17;0.41;0.37
1984;4;5;96;10;6.1;2.6;3.1;1.9;1;-1;0.5;0.14;1.4;1.9;0;437;109;88;45;97131;1.07;0.94;0.41;0.37
1984;4;6;97;11.9;7.4;1.9;4.7;3.3;1;-0.2;-1.4;0.14;1.5;1.9;0;362;97;61;39;97286;0.99;1.12;0.41;0.38
1984;4;7;98;14.5;9.7;6.1;6.6;4.8;2.7;0.5;-2.4;0.14;1.5;1.9;0;462;141;98;52;97232;1.98;4.59;0.41;0.38
1984;4;8;99;14.2;9.5;5.7;4.5;2.7;0.9;1;-2.8;0.14;1.5;1.9;0;594;180;115;77;97137;2.05;1.19;0.4;0.38
1984;4;9;100;12.4;8.6;4.7;2.9;1.9;0.9;0.2;-2.8;0.15;1.5;1.9;0;446;140;80;60;97279;1.57;1;0.4;0.38
1984;4;10;101;12.6;8.6;5;6.8;4.8;2.8;0;-0.7;0.15;1.5;1.9;0;483;146;84;51;97144;1.83;3.45;0.4;0.38
1984;4;11;102;12.4;8.2;4.3;6.6;5;3.3;0;0;0.15;1.6;1.9;0;479;136;82;51;96911;1.54;1.04;0.4;0.38
1984;4;12;103;13.9;8.4;2.8;6.5;4;1.8;-0.1;-1.5;0.15;1.6;1.9;0;551;181;109;68;97122;1.79;2.2;0.4;0.38
1984;4;13;104;9.8;7.4;5.7;6;3.9;2.3;0;-3.1;0.15;1.6;1.9;0;173;54;78;35;97640;1.88;7.65;0.4;0.38
1984;4;14;105;16;10.1;4.1;5.6;3.6;1.4;-0.2;-0.5;0.15;1.6;1.9;0;686;200;130;85;97916;1.96;0;0.4;0.38
1984;4;15;106;18.8;11.7;3.3;6.5;4.8;2.1;-0.1;1.8;0.15;1.6;1.9;0;689;227;140;98;97553;2.37;0;0.39;0.38
1984;4;16;107;19;12.8;6.1;7.6;4.8;2.4;0.2;1.6;0.15;1.7;1.9;0;658;205;132;87;97022;2.32;0;0.39;0.38
1984;4;17;108;10.3;7.3;5.3;4.2;0.9;-1;1.2;-3.6;0.15;1.7;1.9;0;325;92;78;44;97524;2.15;3.83;0.39;0.38
1984;4;18;109;11.6;7.9;4.8;-0.7;-2.6;-4.2;-0.1;-4.1;0.15;1.7;1.9;0;600;189;108;81;98143;2.17;0.05;0.39;0.38
1984;4;19;110;12.1;7.4;3.3;-1.5;-3.3;-4.8;-1;-2.9;0.15;1.8;1.9;0;674;217;122;102;98259;2.28;0;0.38;0.38
1984;4;20;111;12.8;7.8;0.8;1.1;-1.8;-3.4;-0.4;-0.7;0.15;1.8;1.9;0;713;240;148;107;98326;2.33;0;0.38;0.38
1984;4;21;112;15.3;9.9;2.1;4.6;1.6;-0.9;-0.2;-0.7;0.15;1.8;1.9;0;587;157;112;62;97907;1.9;0.01;0.38;0.38
1984;4;22;113;15.8;11.1;4.9;5.6;4;2.2;-0.3;0;0.16;1.8;1.9;0;528;190;119;78;97805;2.08;0.24;0.38;0.38
1984;4;23;114;18.9;12.3;4.5;10.7;7;3.1;0.5;-0.6;0.16;1.9;1.9;0;604;179;108;67;97575;2.24;2.07;0.37;0.38
1984;4;24;115;13.5;10;6.5;6.6;3.3;-1;-0.1;-3.4;0.16;1.9;1.9;0;483;145;101;69;97871;1.98;0.53;0.37;0.38
1984;4;25;116;15.6;10.4;4.8;2.9;1;-0.6;-0.4;-3.2;0.16;1.9;1.9;0;657;228;131;101;98167;2.65;0;0.37;0.38
1984;4;26;117;18.6;11.8;2.8;4.3;2.4;0.7;1;-1.5;0.16;2;1.9;0;704;219;140;87;97450;2.84;0.5;0.37;0.38
1984;4;27;118;9.9;6.5;3.1;1.1;-4.5;-7.8;-0.5;-2.9;0.16;2;1.9;0;598;204;119;86;97490;2.45;0.16;0.36;0.38
1984;4;28;119;7.9;4.7;0.7;0.9;-2.9;-7.7;0.2;-0.5;0.16;2;1.9;0.06;436;153;92;66;97478;1.75;3.32;0.36;0.38
1984;4;29;120;9.4;5.3;0.3;0.2;-1.2;-3.1;-0.8;-1;0.17;2.1;1.9;1.21;457;158;94;59;97944;1.88;1.04;0.36;0.38
1984;4;30;121;10.6;6.2;0.5;4.8;1;-3.3;-0.7;-0.3;0.17;2.1;1.9;0.7;394;117;75;44;97101;1.42;3.23;0.36;0.38
1984;5;1;122;15.2;9.6;5.4;6.6;5.3;4.3;-0.2;0.9;0.17;2.1;1.9;0.28;510;170;97;58;96672;2.09;2.71;0.36;0.38
1984;5;2;123;19.4;12.7;5;8.2;6.7;4.4;1.1;2.3;0.16;2.1;1.9;0.06;695;236;128;90;96813;2.88;0;0.36;0.38
1984;5;3;124;20.5;14.2;7;9.7;8;5.2;1.8;2.3;0.16;2.2;1.9;0;680;205;121;85;96961;2.66;0;0.36;0.38
1984;5;4;125;23.8;17.2;10.1;12;10.3;7.8;0.2;1.5;0.16;2.2;1.9;0;686;231;126;83;97024;3.2;0.02;0.35;0.38
1984;5;5;126;23.2;17.1;11.3;12.8;10.3;8;0.1;0.9;0.17;2.2;1.9;0;688;228;130;85;96710;3.19;0.19;0.35;0.38
1984;5;6;127;22.4;16.3;9.2;14.1;11.6;8.4;0.3;0.3;0.17;2.3;1.9;0;658;205;120;74;96902;2.78;3.07;0.35;0.38
1984;5;7;128;22.2;15.8;8.9;13.7;11.2;8.8;0.8;0.5;0.17;2.3;1.9;0;644;212;113;74;96620;3.03;1.59;0.35;0.38
1984;5;8;129;11.5;9.5;6.7;10.5;7.3;4.7;-0.8;-1;0.17;2.3;1.9;0;264;73;43;30;97064;2.14;11.84;0.35;0.38
1984;5;9;130;12.2;8.7;5.2;4.4;1.4;-0.2;-0.9;-1.5;0.17;2.4;1.9;0;501;170;84;56;97335;2.55;0.32;0.35;0.38
1984;5;10;131;7.9;6.9;6.2;5.7;4.5;2.8;-0.7;-1.7;0.17;2.4;1.9;0;256;63;30;22;96920;2.11;10.42;0.36;0.38
1984;5;11;132;10.2;8.2;6.2;6.1;4.5;3.5;-0.6;-1.3;0.17;2.4;1.9;0;273;87;37;25;96889;1.83;3.02;0.36;0.38
1984;5;12;133;13;9.6;6.5;8.1;6.4;4.7;-0.3;-0.5;0.17;2.5;1.9;0;269;73;36;21;97103;1.07;0.09;0.36;0.38
1984;5;13;134;14.4;11.2;8.4;9;8.3;7.6;-0.3;0.5;0.17;2.5;1.9;0;240;82;49;25;96940;1.1;1.65;0.36;0.38
1984;5;14;135;17.2;12.2;8.5;11;8.3;4.9;0.3;1.3;0.17;2.5;1.9;0;524;159;94;55;96678;2.38;1.24;0.36;0.38
1984;5;15;136;18.1;12.2;5.7;8.7;6.3;4.2;0.3;1.3;0.17;2.5;1.9;0;619;204;109;73;96570;2.86;0.29;0.36;0.38
1984;5;16;137;20;14.1;10;11.2;8.6;6.3;0.2;1.8;0.17;2.6;1.9;0;471;142;111;53;96182;2.42;0.49;0.36;0.38
1984;5;17;138;19.1;14;8.5;8.4;6.3;4.6;1.6;2.7;0.17;2.6;1.9;0;683;238;124;100;96570;3.5;0;0.35;0.38
1984;5;18;139;20.7;14.6;7.7;8.6;6.9;5.3;1.6;1.7;0.17;2.6;1.9;0;694;234;123;92;97121;3.54;0.04;0.35;0.38
1984;5;19;140;21.6;15.8;9.6;8.9;7.3;5.9;1.4;2.8;0.17;2.6;1.9;0;691;229;118;93;96696;3.74;0.27;0.34;0.38
1984;5;20;141;23.6;17.2;8.9;13;9.9;7.2;-0.9;0.8;0.17;2.7;1.9;0;693;247;128;88;96257;3.83;3.73;0.34;0.38
1984;5;21;142;17.7;15.4;12.3;13.4;10.4;7.7;0.9;3.2;0.17;2.7;1.9;0;458;154;85;52;95530;3.29;5.12;0.34;0.38
1984;5;22;143;19;14.5;10.5;9.3;7.4;5.2;1.5;2.7;0.17;2.7;1.9;0;610;218;118;84;96634;3.52;0.32;0.34;0.38
1984;5;23;144;15;12.1;9.4;11;7.9;5.4;0.8;2.6;0.17;2.7;1.9;0;380;136;87;65;96251;2.47;3.51;0.34;0.38
1984;5;24;145;18.3;13;8.4;10.7;8;6.1;0.8;0.8;0.17;2.7;1.9;0;570;197;106;71;96096;3.02;2.1;0.34;0.38
1984;5;25;146;18.8;13;6.2;10;7.7;5.8;1.2;1.6;0.17;2.8;1.9;0;632;222;114;82;96097;3.28;0.42;0.34;0.38
1984;5;26;147;18.7;13.2;7.3;10.5;8.5;6.2;0.5;0.9;0.17;2.8;1.9;0;520;187;107;72;96548;2.81;1.36;0.34;0.38
1984;5;27;148;19.7;14.7;8.6;10;8.1;7.1;1.5;2.8;0.17;2.8;1.9;0;589;211;103;73;96650;3.38;1.28;0.33;0.38
1984;5;28;149;17;13.4;11.1;10.6;9.5;7.3;-0.1;0.1;0.17;2.8;1.9;0;517;125;72;41;96363;2.3;7.73;0.34;0.38
1984;5;29;150;16.2;11.8;7.7;10.2;8.9;7.2;0.3;-0.2;0.17;2.9;1.9;0;537;168;100;61;96554;2.65;5.59;0.34;0.38
1984;5;30;151;15.7;11.4;5.8;8.9;7.4;5.3;0.7;0.5;0.17;2.9;1.9;0;567;180;97;75;96823;2.65;1.08;0.34;0.38
1984;5;31;152;18.7;13.1;5.1;9.4;7.5;4.7;0.5;1.2;0.17;2.9;1.9;0;635;199;107;73;97006;3.01;0;0.34;0.38
1984;6;1;153;20.4;15.6;7.1;11.3;8.8;6.2;0.3;-0.4;0.17;2.9;1.9;0;558;197;101;75;96923;2.98;0.03;0.34;0.38
1984;6;2;154;24.6;17.8;8.4;13;10.6;7.8;0.4;0.9;0.17;2.9;1.9;0;723;259;132;91;97273;4.06;0;0.33;0.38
1984;6;3;155;25.1;18.8;11;13.5;11.9;9.6;-0.5;2;0.17;3;1.9;0;709;265;120;91;97030;4.14;0;0.33;0.37
1984;6;4;156;21.1;17.3;12.9;13.7;10.1;4.9;0.9;2.1;0.17;3;1.9;0;451;164;114;74;96401;2.91;0.25;0.32;0.37
1984;6;5;157;20.3;16.2;10.9;10.8;8.2;4.9;1.8;3.3;0.17;3;1.9;0;592;212;102;77;96625;3.56;0.26;0.32;0.37
1984;6;6;158;20.1;15.8;12.2;10.9;8.2;5.5;1.9;2.4;0.17;3;1.9;0;634;220;103;80;96891;3.61;0.12;0.32;0.37
1984;6;7;159;15.3;12.7;9.2;11.1;9.4;7.7;0.3;-0.2;0.17;3;1.9;0;334;126;78;57;96721;2.13;5.28;0.32;0.37
1984;6;8;160;19.4;13.6;6.8;10.7;7.7;5.7;1.5;0.4;0.17;3.1;1.9;0;602;203;107;68;96424;3.33;0.74;0.32;0.37
1984;6;9;161;20.1;15.7;11;10.3;7.8;6.5;1.8;-0.9;0.17;3.1;1.9;0;614;220;109;76;96972;3.58;0.02;0.31;0.37
1984;6;10;162;22.6;16.8;9.9;10.9;8.7;5.9;-0.1;-0.3;0.17;3.1;1.9;0;736;242;130;83;97674;3.77;0;0.31;0.37
1984;6;11;163;21.9;16.8;11.5;12.2;9.2;7.2;-0.1;-0.9;0.17;3.1;1.9;0;606;196;110;74;97882;3.1;0.24;0.31;0.37
1984;6;12;164;17.8;14.1;10.9;8.3;5.3;3.5;-1.7;-1.4;0.17;3.2;1.9;0;543;190;102;76;98315;3.09;0.08;0.31;0.37
1984;6;13;165;20.2;15.1;8.1;10.2;6.2;1.8;0.5;0.8;0.17;3.2;1.9;0;584;210;114;80;98334;3.08;0;0.3;0.37
1984;6;14;166;26.4;19.1;9.9;13.8;11.1;8.2;1.4;1.1;0.17;3.2;1.9;0;674;235;118;80;97771;3.79;0.29;0.3;0.37
1984;6;15;167;20.6;16.5;11.6;15;12.6;8.3;0.1;-0.5;0.17;3.2;1.9;0;498;150;91;58;97477;2.66;14.01;0.3;0.37
1984;6;16;168;18.8;14.9;9.6;8.7;6.8;5.3;0.1;-1;0.17;3.2;1.9;0;433;178;95;71;97675;3.19;0.05;0.31;0.37
1984;6;17;169;19.8;15.9;11;11.8;7.8;6.4;-0.3;-0.2;0.17;3.2;1.9;0;516;197;104;75;97812;2.97;0.09;0.3;0.37
1984;6;18;170;21.8;17;10.4;12.8;9.5;7.9;-0.2;-0.4;0.17;3.3;1.9;0;624;217;106;72;98182;3.38;0.03;0.3;0.37
1984;6;19;171;23.2;18.1;10.6;15.6;11.4;9.6;0.3;-0.5;0.17;3.3;1.9;0;665;212;108;73;98339;3.33;0.17;0.3;0.37
1984;6;20;172;26.7;20.1;11.5;14.9;12.8;10.6;0.5;0.7;0.17;3.3;1.9;0;677;240;115;80;97907;3.86;0;0.3;0.37
1984;6;21;173;27.7;21.4;13.7;17;15.3;12.3;1.3;0.6;0.17;3.3;1.9;0;677;217;108;71;96994;3.56;0.62;0.29;0.37
1984;6;22;174;23;19.5;15.7;16.8;15.5;14.5;1.1;-0.1;0.17;3.3;1.9;0;352;126;71;48;96893;2.31;2.19;0.29;0.37
1984;6;23;175;24.8;18.1;12.6;16.2;13.3;10.4;0.6;-0.2;0.17;3.3;1.9;0;569;178;99;59;96963;3.26;10.6;0.29;0.37
1984;6;24;176;14.9;12.7;9.1;10.1;8.8;7.2;0.4;0.9;0.17;3.3;1.9;0;324;99;82;54;97139;2.29;5.6;0.3;0.37
1984;6;25;177;18.6;13.8;7.6;9;5.8;3.2;0.9;-0.2;0.17;3.4;1.9;0;501;189;105;70;97520;3.13;0.07;0.3;0.37
1984;6;26;178;19.6;15.7;11.3;10.3;8.6;6.8;0.7;-1.2;0.17;3.4;1.9;0;545;173;107;60;97594;2.99;0.42;0.3;0.37
1984;6;27;179;22.7;17.6;11.6;13;10.7;8.8;0.2;2.1;0.17;3.4;1.9;0;557;191;100;66;97801;3.24;0.09;0.3;0.37
1984;6;28;180;25.4;19.4;12.6;15.1;13.2;11;1.2;1.5;0.17;3.4;1.9;0;643;212;95;72;97038;3.67;1.56;0.29;0.37
1984;6;29;181;16.2;14.8;11.7;15.3;13;10;-0.1;-0.8;0.17;3.4;1.9;0;119;44;41;26;97058;1.31;18.99;0.3;0.37
1984;6;30;182;16.7;13.9;10.4;12.1;10.1;9.2;0.4;0.2;0.17;3.4;1.9;0;275;86;59;36;97466;1.57;1.34;0.31;0.37
1984;7;1;183;21.6;16.9;10.4;13.2;11.5;9.6;0.1;1.5;0.17;3.4;1.9;0;568;201;99;67;97798;3.61;0.39;0.31;0.37
1984;7;2;184;23;17.5;13.4;16.4;13.6;11.7;1;0.1;0.17;3.5;1.9;0;577;159;89;56;97282;2.91;6.05;0.31;0.37
1984;7;3;185;19.5;13.8;8.4;13.6;8.9;4.2;1.1;-0.8;0.17;3.5;1.9;0;480;132;88;63;97342;2.77;3.42;0.31;0.36
1984;7;4;186;17.3;12.8;7;7.3;5.6;4.1;1.8;-1.3;0.17;3.5;1.9;0;661;218;117;83;97704;3.65;0.32;0.31;0.36
1984;7;5;187;19.5;14.8;9.8;10.6;6.4;4.6;1.2;-1.2;0.17;3.5;1.9;0;572;204;104;71;97830;3.45;0.08;0.3;0.36
1984;7;6;188;17.7;14.2;11.9;11.7;9.7;6.8;0.2;0.2;0.17;3.5;1.9;0;408;127;91;48;97803;2.25;5.37;0.31;0.36
1984;7;7;189;17.9;14.4;10.5;11.4;10.1;7.8;-0.7;-0.6;0.17;3.5;1.9;0;470;167;92;60;97953;2.87;3.28;0.31;0.36
1984;7;8;190;20.6;15.1;7.6;10.9;8.7;6.7;-0.2;0.5;0.17;3.5;1.9;0;729;259;131;95;98121;3.98;0;0.31;0.36
1984;7;9;191;23.7;17.9;10.6;14.6;11.5;8.1;-0.3;1.2;0.17;3.6;1.9;0;714;255;119;88;97756;4.04;0;0.3;0.36
1984;7;10;192;28.2;21.6;13.1;18.4;15.6;11.3;-0.1;0.6;0.17;3.6;1.9;0;711;251;116;78;97677;4.15;0;0.3;0.36
1984;7;11;193;30.7;23.8;15.3;20.3;18.5;14.7;0;1;0.17;3.6;1.9;0;702;254;113;81;97611;4.29;0;0.29;0.36
1984;7;12;194;32;24.9;16.6;21;18.6;14.5;0.1;1.1;0.17;3.6;1.9;0;692;251;105;84;97535;4.42;0;0.29;0.36
1984;7;13;195;31.7;24.8;17.2;18.9;16.2;13.2;0.5;0.9;0.17;3.6;1.9;0;684;251;113;90;97449;4.57;0;0.29;0.36
1984;7;14;196;24.8;21.4;17.7;15.3;12.7;10.7;-0.6;-0.8;0.17;3.6;1.9;0;638;208;99;76;97471;3.73;0;0.28;0.36
1984;7;15;197;26.2;20;14.7;16.6;13.4;11.2;0.3;0.2;0.17;3.6;1.9;0;514;171;79;54;96778;3.32;9.86;0.28;0.36
1984;7;16;198;20.2;15.8;11.9;13.9;10.6;7.7;0.6;-0.4;0.17;3.6;1.9;0;440;135;106;65;96941;2.68;1.89;0.29;0.36
1984;7;17;199;19.8;15.6;10.1;8.7;7.3;6.5;1.2;-1.5;0.17;3.6;1.9;0;579;212;104;82;97310;3.55;0.24;0.29;0.36
1984;7;18;200;20.9;16.5;11.7;11.3;8;6.7;0.4;-0.7;0.17;3.6;1.9;0;472;163;84;62;97642;2.88;0.01;0.28;0.36
1984;7;19;201;22.3;17.2;13;14.8;11.8;9.4;-0.1;0.2;0.17;3.6;1.9;0;558;177;91;61;97637;2.87;4.04;0.28;0.36
1984;7;20;202;21.8;17.1;11.2;14.1;12.4;11.1;0.1;0;0.17;3.6;1.9;0;590;184;99;58;97618;3.09;0.26;0.28;0.36
1984;7;21;203;23.6;19;13.1;14.7;13.2;11.5;-0.1;0.4;0.17;3.6;1.9;0;520;194;98;70;97636;3.07;0.28;0.28;0.36
1984;7;22;204;26.1;20;13;17;14.6;11.7;0.3;-0.2;0.17;3.6;1.9;0;646;215;109;72;97634;3.51;2.17;0.28;0.36
1984;7;23;205;25.5;19.3;13.6;17.6;15.4;13.2;0.6;-0.3;0.17;3.6;1.9;0;611;189;99;66;97706;3.19;2.65;0.28;0.36
1984;7;24;206;22.3;18;13.8;14.9;13.1;12.1;-0.1;-0.1;0.17;3.6;1.9;0;479;152;76;62;97708;2.5;0.13;0.28;0.36
1984;7;25;207;24.2;18.5;11.9;16.8;14.4;11.7;-0.1;0.1;0.17;3.6;1.9;0;558;189;93;62;97440;2.84;1.63;0.27;0.36
1984;7;26;208;18.9;17;14.8;15.9;14.6;12;0;-1.1;0.17;3.6;1.9;0;342;92;58;38;97203;2.24;25.16;0.29;0.36
1984;7;27;209;19.9;16.2;11.8;12.5;9.3;7.6;1.2;-1.8;0.17;3.6;1.9;0;506;185;95;73;97758;3.41;0.09;0.3;0.36
1984;7;28;210;18.7;15.6;12.5;12.6;10;7.7;1.5;-0.3;0.17;3.6;1.9;0;357;104;70;46;97792;2.03;1.3;0.29;0.36
1984;7;29;211;20.6;17.3;13.2;17.1;13.7;10.4;0.6;0.2;0.17;3.6;1.9;0;428;126;65;42;97845;2.29;3.52;0.29;0.36
1984;7;30;212;26.8;19.7;10.9;17.3;14.8;10.7;0;0.9;0.17;3.6;1.9;0;640;217;108;71;97810;3.76;0;0.29;0.36
1984;7;31;213;29;22.4;16;17.8;16;13;0.3;1.8;0.17;3.6;1.9;0;679;234;109;81;97605;4.17;0;0.29;0.36
1984;8;1;214;27.9;21;15.2;19.6;16.9;13.8;0.9;-0.3;0.17;3.6;1.9;0;626;201;90;66;97555;3.66;8.09;0.29;0.35
1984;8;2;215;23.5;20.2;15.8;15.9;13.7;12.2;0.7;-0.4;0.17;3.6;1.9;0;490;166;91;63;97804;3.2;0;0.29;0.35
1984;8;3;216;25.5;20.6;14.3;15.6;13.7;11.8;-0.1;0.3;0.17;3.6;1.9;0;587;209;108;76;97898;3.58;0;0.29;0.35
1984;8;4;217;27.7;22.1;15.2;15.9;14.3;12.7;-0.3;1;0.17;3.6;1.9;0;686;240;124;88;97809;4.12;0;0.28;0.35
1984;8;5;218;28.3;23.2;15.6;17.7;15.3;13.2;-0.3;0.7;0.17;3.6;1.9;0;665;232;115;78;97606;3.97;0;0.28;0.35
1984;8;6;219;23.7;20.2;17.4;16.8;15.7;14.7;0.2;-1.5;0.17;3.6;1.9;0;385;136;67;43;97673;2.7;5.98;0.28;0.35
1984;8;7;220;22;18.6;15.6;16.2;14.8;14.4;0.1;-0.6;0.17;3.5;1.9;0;345;110;67;40;97460;2.25;4.11;0.28;0.35
1984;8;8;221;21.9;18.4;15.5;15.3;14.3;13.8;-0.5;-0.5;0.17;3.5;1.9;0;363;122;76;46;97369;2.3;1.32;0.28;0.35
1984;8;9;222;22.5;18.3;14;17.7;15.7;12.9;-0.3;-0.7;0.17;3.5;1.9;0;413;128;70;41;97332;2.18;15.44;0.28;0.35
1984;8;10;223;23;18.8;16;16.9;14.8;12.5;0.1;0.7;0.17;3.5;1.9;0;506;141;86;53;97165;2.89;8.03;0.3;0.35
1984;8;11;224;22.9;18.5;14.3;15.3;13.1;12.2;1.4;1.1;0.17;3.5;1.9;0;584;190;98;68;96982;3.34;0.2;0.3;0.35
1984;8;12;225;22.6;18.5;13.8;14.7;13.1;11.9;1.2;-0.8;0.17;3.5;1.9;0;456;145;80;56;97093;2.68;0.11;0.3;0.35
1984;8;13;226;21.1;17.8;15.1;14.3;13.2;12.3;0.2;-1.4;0.17;3.5;1.9;0;428;132;80;48;97277;2.48;1.17;0.3;0.35
1984;8;14;227;20.9;17.3;13.9;13.2;12.2;11;0.4;-0.8;0.17;3.5;1.9;0;394;126;69;48;97260;2.22;0.42;0.3;0.35
1984;8;15;228;22.1;17.8;13.4;14;11.6;9.4;0.5;-1;0.17;3.5;1.9;0;499;170;99;66;97334;3.08;0.34;0.29;0.35
1984;8;16;229;22;16.5;11.4;14.1;12.3;10.3;0.3;-0.7;0.17;3.5;1.9;0;519;156;95;66;97460;2.56;1.28;0.29;0.35
1984;8;17;230;21.6;16.3;10.4;13.7;11.6;10;0.3;-0.9;0.17;3.5;1.9;0;526;176;101;69;97729;2.92;1.48;0.29;0.35
1984;8;18;231;21.7;17;10.6;14.7;11.8;9.7;0.5;-0.2;0.16;3.4;1.9;0;490;165;91;68;97981;2.69;0.36;0.29;0.35
1984;8;19;232;20.7;17;13.7;12.1;9.9;7.4;-0.6;-1.7;0.16;3.4;1.9;0;534;156;102;61;98110;2.79;0.08;0.29;0.35
1984;8;20;233;20.4;15.9;11.4;11.2;9.1;7.2;-0.1;-0.8;0.16;3.4;1.9;0;549;181;111;79;98129;2.76;0.07;0.28;0.35
1984;8;21;234;21.9;16.4;8.6;11.5;8.1;6.6;0.4;-0.1;0.16;3.4;1.9;0;653;210;126;89;97933;3.14;0;0.28;0.35
1984;8;22;235;22.8;16.9;9.1;14.1;9.6;7.7;0.3;0.7;0.16;3.4;1.9;0;645;192;123;79;97622;2.87;0;0.28;0.35
1984;8;23;236;24.8;18.7;12.2;12.8;11.3;9.1;-0.1;1.7;0.16;3.3;1.9;0;597;195;107;80;97443;3.01;0;0.28;0.35
1984;8;24;237;25.5;19.4;13.9;14;12.6;11.5;0.8;2.5;0.16;3.3;1.9;0;612;182;102;72;96991;2.94;0.23;0.27;0.35
1984;8;25;238;21;17.8;14.2;15.6;14.7;13.1;1;-0.8;0.16;3.3;1.9;0;306;98;61;42;96704;1.79;2.34;0.27;0.35
1984;8;26;239;22.8;18.4;14.1;14.7;13.7;12.9;0.9;-1.5;0.16;3.3;1.9;0;534;150;82;55;96739;2.47;0.86;0.27;0.35
1984;8;27;240;20.1;16.8;14.1;13;9.9;6.6;-1.1;-1.2;0.16;3.2;1.9;0;409;124;88;56;97481;2.13;0.15;0.27;0.35
1984;8;28;241;20.1;16;10.9;10.2;7.6;6.4;-0.5;-0.1;0.16;3.2;1.9;0;585;171;111;78;98016;2.38;0;0.27;0.35
1984;8;29;242;21.9;16.7;9.6;11.8;9.1;7.3;0.2;0.6;0.16;3.2;1.9;0;620;193;117;84;97924;2.54;0;0.27;0.35
1984;8;30;243;23.3;17.6;9.6;13.2;10.5;8.7;0.6;0.1;0.16;3.2;1.9;0;545;170;101;72;97766;2.32;0;0.27;0.35
1984;8;31;244;24.3;18.5;12.1;15.4;12.5;10.5;1;-0.1;0.16;3.1;1.9;0;507;152;94;62;97689;2.16;0.03;0.26;0.35
1984;9;1;245;25.4;19.6;13.6;16.4;12.9;11.6;1.3;-0.2;0.16;3.1;1.9;0;518;159;103;67;97566;2.31;0.04;0.26;0.35
1984;9;2;246;26.4;20.1;12.3;16;12.5;11;0.7;0;0.16;3.1;1.9;0;526;169;111;76;97660;2.34;0.02;0.26;0.35
1984;9;3;247;28.4;20.6;12.2;16.2;14;11.2;0.8;0.9;0.16;3.1;1.9;0;618;197;127;87;97587;2.62;0;0.26;0.34
1984;9;4;248;26.4;20.6;13.9;16.1;14.7;13.3;0.8;1;0.16;3.1;1.9;0;532;157;95;70;97122;2.18;0.05;0.26;0.34
1984;9;5;249;26.4;21.3;16.6;15.5;13.5;12.2;1.5;2.9;0.16;3;1.9;0;541;171;107;79;96533;2.41;0;0.25;0.34
1984;9;6;250;23.2;18.6;14.6;16.3;14.1;12.1;-1;0.7;0.16;3;1.9;0;384;97;73;47;96800;1.55;5.67;0.25;0.34
1984;9;7;251;19.1;15.1;11.7;13.1;10.8;9.8;-0.3;-0.4;0.16;3;1.9;0;419;104;101;44;97513;2.11;2.56;0.26;0.34
1984;9;8;252;18.3;13.9;9.2;9.9;8.5;6.5;0.4;-0.2;0.16;3;1.9;0;488;151;110;68;97588;2.19;1.62;0.26;0.34
1984;9;9;253;18.5;13.9;8.6;9.5;8.8;8;0.2;1.5;0.15;2.9;1.9;0;442;142;96;66;97138;2.01;0.13;0.26;0.34
1984;9;10;254;19.1;12.7;8.8;12;9;7.1;1.1;0.9;0.15;2.9;1.9;0;429;90;87;51;96561;1.62;13.48;0.26;0.34
1984;9;11;255;18.3;13;6.6;9.1;7.2;5.3;0.9;0.2;0.15;2.9;1.9;0;522;154;112;74;97364;2.27;0.11;0.27;0.34
1984;9;12;256;21.4;15.4;9.6;13.6;10.1;7.4;-0.1;0;0.15;2.9;1.9;0;517;130;102;56;97555;1.71;0.01;0.27;0.34
1984;9;13;257;21.8;16.7;10.9;13.5;11.9;9.5;-0.7;0.1;0.15;2.9;1.9;0;490;144;97;66;97715;1.84;0.01;0.26;0.34
1984;9;14;258;23.2;16.9;12.2;14;12.5;11;0.2;0.4;0.15;2.8;1.9;0;504;142;89;63;97333;1.87;0;0.26;0.34
1984;9;15;259;21.4;15.7;10.9;13.1;11.7;10.2;0;1.3;0.15;2.8;1.9;0;372;102;79;57;96779;1.34;0.06;0.26;0.34
1984;9;16;260;16.2;13.7;11.3;14.8;12.6;10.9;0.1;-0.3;0.15;2.8;1.9;0;139;29;59;26;96678;0.5;14.07;0.27;0.34
1984;9;17;261;18.7;13.8;8.5;12.8;10.7;8.3;0.5;-0.4;0.15;2.7;1.9;0;457;115;83;51;96820;1.57;0.3;0.27;0.34
1984;9;18;262;19.5;14.9;10.4;12.9;11.3;9.9;-0.4;1.5;0.15;2.7;1.9;0;421;121;78;60;96658;1.53;0.15;0.27;0.34
1984;9;19;263;20.6;15;9;13.2;11.3;8.9;0.4;0.5;0.15;2.6;1.9;0;482;128;92;59;96712;1.61;0.01;0.27;0.34
1984;9;20;264;20;15.3;10.5;12.6;10.9;9.4;0;-1.2;0.15;2.6;1.9;0;380;107;83;51;96928;1.43;0.43;0.27;0.34
1984;9;21;265;17.9;15.3;12.4;14;12.6;10.8;0.1;-0.3;0.15;2.6;1.9;0;216;65;51;34;96538;1.15;2.42;0.27;0.34
1984;9;22;266;13.5;11.6;8.7;12;9.3;7.1;1.1;-0.5;0.15;2.5;1.9;0;113;31;62;24;96284;1.19;6.69;0.27;0.34
1984;9;23;267;18.9;12.9;5.8;12.7;9.5;5.6;0.8;2.2;0.15;2.5;1.9;0;511;129;96;52;95954;1.95;11.66;0.28;0.34
1984;9;24;268;15.5;11.9;9.2;12.7;7.9;5.6;0.4;0.1;0.15;2.4;1.9;0;495;92;121;50;95940;2.02;18.56;0.3;0.34
1984;9;25;269;10.9;9.1;8;8.4;7.1;5.7;0.1;-1.8;0.15;2.4;1.9;0;174;37;51;28;96458;1.7;17.69;0.31;0.34
1984;9;26;270;16;10.5;5.5;7.4;5.2;3.7;1;0.7;0.15;2.4;1.9;0;456;133;111;75;97113;1.85;0.5;0.32;0.34
1984;9;27;271;16.4;11.1;5.2;8.3;5.4;4.3;1;-0.5;0.15;2.3;1.9;0;459;128;102;66;97409;1.66;0.15;0.32;0.34
1984;9;28;272;17.4;12.1;6.5;9.8;7.6;4.9;0.4;0.7;0.15;2.3;1.9;0;433;111;91;62;97526;1.3;0;0.32;0.34
1984;9;29;273;20.3;13.2;6.6;12.9;9.4;6;0.7;0.7;0.15;2.2;1.9;0;505;135;106;73;97279;1.5;0;0.31;0.34
1984;9;30;274;21.1;14.2;6.9;13.2;10.7;6.6;1;1.4;0.15;2.2;1.9;0;512;136;109;70;97304;1.56;0;0.31;0.34
1984;10;1;275;20.7;15.8;10.5;15.9;13.6;9.9;-0.1;1.6;0.15;2.2;1.9;0;404;91;72;44;96955;1.07;1.4;0.31;0.34
1984;10;2;276;19.3;15.6;9.6;14.7;13.1;6.1;-0.3;2.3;0.14;2.1;1.9;0;318;75;63;38;96320;1.9;8.33;0.31;0.34
1984;10;3;277;16.9;12.1;5.8;11;8.1;4.7;-0.2;1.3;0.14;2.1;1.9;0;437;101;94;55;96808;1.4;3.7;0.32;0.34
1984;10;4;278;16.6;13.3;11.2;11.1;8.4;5.2;0.7;1.8;0.14;2;1.9;0;390;71;94;51;96540;1.35;0.46;0.32;0.34
1984;10;5;279;19.6;14.5;11;15.3;9.8;7.3;0;2.6;0.14;2;1.9;0;291;76;81;57;96090;1.16;0.53;0.32;0.34
1984;10;6;280;18.1;13.3;9.2;10.2;9;7.6;0.8;1;0.14;2;1.9;0;440;115;103;75;96856;1.31;0;0.32;0.34
1984;10;7;281;14.9;11.6;8.9;9.4;8;6.3;0.4;-1.9;0.14;1.9;1.9;0;221;55;57;36;97803;1.35;7.46;0.32;0.34
1984;10;8;282;15.7;10.7;4.7;8;5.7;4.2;0.5;-0.1;0.14;1.9;1.9;0;455;117;102;77;98297;1.4;0.04;0.32;0.34
1984;10;9;283;16.6;10.4;4.4;8.1;6.2;3.7;0.6;1.1;0.14;1.8;1.9;0;412;115;96;73;98632;1.18;0;0.32;0.34
1984;10;10;284;18.2;11.6;4.7;10.3;7.7;4.1;0.2;0.2;0.14;1.8;1.9;0;458;125;119;77;98622;1.21;0;0.32;0.34
1984;10;11;285;18.7;12.1;5.8;12.5;9.3;5.6;0.1;0.2;0.14;1.8;1.9;0;454;117;104;62;98183;1.11;0.02;0.32;0.34
1984;10;12;286;17.8;12.9;7.4;12.4;10.3;6.9;0;-0.4;0.14;1.7;1.9;0;338;87;72;47;98010;0.82;0.46;0.32;0.34
1984;10;13;287;15.3;12;8.8;10.9;9.1;7.3;-0.3;-0.1;0.14;1.7;1.9;0;324;78;87;53;98461;0.95;0.59;0.32;0.34
1984;10;14;288;17.1;10.7;5.8;9.4;7.6;5.2;1;0.6;0.14;1.6;1.9;0;457;116;120;74;98451;1.03;0;0.32;0.34
1984;10;15;289;18.2;11.6;5.5;9.2;6.9;4.8;0.9;-1;0.14;1.6;1.9;0;382;104;107;68;98020;1.09;0.03;0.32;0.34
1984;10;16;290;14.3;10.4;7.5;7.7;5.3;2.6;-0.8;-0.4;0.14;1.6;1.9;0;316;81;97;55;98297;1.08;0.9;0.32;0.34
1984;10;17;291;11.3;8.1;5.3;4.1;3.1;2.2;-0.3;1.4;0.14;1.6;1.9;0;290;79;86;60;98266;0.73;0;0.32;0.34
1984;10;18;292;16.5;9.8;3.1;8.5;5.5;1.9;1.5;1.6;0.14;1.6;1.9;0;462;120;119;87;97455;0.97;0;0.32;0.34
1984;10;19;293;17.8;11.8;5.5;8.5;6.9;4.5;1.8;2.3;0.14;1.5;1.9;0;453;119;121;93;97295;1.11;0;0.31;0.34
1984;10;20;294;18.6;14;10.7;11;9.2;8;1.3;2.5;0.13;1.5;1.9;0;402;96;102;72;97214;1;0;0.31;0.34
1984;10;21;295;13.4;11;8.4;10.2;8.9;7.2;0.3;-0.4;0.13;1.5;1.9;0;126;29;68;29;97802;0.34;0.77;0.31;0.34
1984;10;22;296;11.9;10;7.5;9.4;8.4;7.1;0.1;0.7;0.13;1.5;1.9;0;72;20;57;26;98199;0.31;0.11;0.31;0.34
1984;10;23;297;16.5;10.1;5.3;9.7;7.6;5.2;1;0.8;0.13;1.5;1.9;0;369;87;96;61;97743;0.7;0;0.31;0.34
1984;10;24;298;16.6;10.2;4.1;9.9;7.4;3.7;0.4;0.3;0.13;1.5;1.9;0;336;83;90;62;97845;0.66;0;0.31;0.34
1984;10;25;299;16.2;9.7;4.4;8.6;6.8;4.2;1.2;1;0.13;1.5;1.9;0;383;97;113;76;97572;0.69;0;0.31;0.34
1984;10;26;300;18.3;11.6;5.7;9.8;7.6;5;1.5;1.4;0.13;1.4;1.9;0;402;102;113;73;97255;0.84;0.05;0.31;0.34
1984;10;27;301;12.2;9.8;7.6;9.3;7.6;6.8;0.1;-0.7;0.13;1.4;1.9;0;141;27;44;24;97898;0.41;5.35;0.31;0.34
1984;10;28;302;9.5;8.6;7.7;6.8;5.7;4.1;-0.3;-1.8;0.13;1.4;1.9;0;114;23;48;21;98541;0.88;3.73;0.32;0.34
1984;10;29;303;11.9;7.6;3.8;4.9;3.8;2.5;-0.1;0.2;0.13;1.4;1.9;0;407;102;124;84;98921;0.71;0;0.32;0.34
1984;10;30;304;12;6.3;0.7;6.4;3.9;0.6;0.1;0.3;0.13;1.4;1.9;0;380;90;112;70;98836;0.56;0;0.32;0.34
1984;10;31;305;10.7;6.2;2;6.8;4.7;1.8;-0.3;0.4;0.13;1.4;1.9;0;315;78;93;57;98695;0.44;0.02;0.32;0.34
1984;11;1;306;10.4;6;2.7;5.9;4.5;2.6;-0.2;0.7;0.12;1.4;1.9;0;341;80;95;52;98476;0.47;0.05;0.32;0.34
1984;11;2;307;9.4;5.8;3.8;4.5;3.8;2.8;-0.2;0.8;0.12;1.4;1.9;0;288;73;111;52;98295;0.42;0.05;0.32;0.34
1984;11;3;308;6.6;4;1;2.9;2;0;-0.1;-0.2;0.12;1.3;1.9;0;274;60;112;51;98010;0.32;0;0.32;0.34
1984;11;4;309;6.9;3.5;0.4;2.8;1.5;-0.4;0;0.4;0.12;1.3;1.9;0;206;50;58;44;97576;0.27;0.01;0.31;0.34
1984;11;5;310;8.5;3.8;0;3.3;1.9;-0.1;-0.5;1.2;0.12;1.3;1.9;0;314;74;101;58;97129;0.39;0.03;0.31;0.34
1984;11;6;311;14;7.9;3.4;9;6;2.6;0.1;2;0.12;1.3;1.9;0;255;60;85;45;97060;0.29;0;0.31;0.34
1984;11;7;312;15.3;8.7;4;9.2;6.8;3.8;0.8;1.5;0.12;1.3;1.9;0;288;64;94;55;97234;0.39;0;0.31;0.34
1984;11;8;313;13.9;7.7;2.7;7.5;5.1;2.4;0.7;1;0.12;1.3;1.9;0;362;83;102;70;97359;0.43;0;0.31;0.34
1984;11;9;314;15.1;8;2.9;8.1;5.5;2.6;0.9;1.3;0.12;1.3;1.9;0;301;75;108;67;97157;0.41;0;0.31;0.34
1984;11;10;315;12.7;6.5;0.7;7.3;4.4;0.1;0.3;-0.3;0.12;1.2;1.9;0;342;81;106;73;97548;0.44;0;0.31;0.34
1984;11;11;316;8.6;5.6;1.7;5.7;3.9;1.5;-0.6;-0.2;0.12;1.2;1.9;0;184;38;54;27;98383;0.23;0.14;0.31;0.34
1984;11;12;317;5.6;3.5;1;2.2;1;0.1;-1.1;0.1;0.12;1.2;1.9;0;217;50;83;48;98435;0.27;0;0.31;0.34
1984;11;13;318;2.7;0.9;-0.6;0.1;-1.3;-2.1;-0.7;0;0.11;1.2;1.9;0;253;53;71;45;98236;0.23;0;0.31;0.34
1984;11;14;319;2.2;0.5;-1.1;-1.6;-2;-2.6;-0.7;0.6;0.11;1.2;1.9;0.01;211;48;64;33;97607;0.19;0.13;0.31;0.34
1984;11;15;320;0.5;-0.9;-1.6;-2.1;-2.9;-3.7;-1.2;-0.8;0.13;1.2;1.9;1.34;60;12;10;8;96748;0.74;5.68;0.31;0.34
1984;11;16;321;1;0.2;-0.9;0.1;-0.8;-2;-0.9;0;0.16;1.2;1.9;3.26;57;11;13;9;96632;0.32;2.92;0.31;0.34
1984;11;17;322;2.8;1.7;0.3;2;1.2;0.1;-0.2;-0.9;0.17;1.2;1.9;3.97;56;13;20;8;96340;0.2;5.16;0.32;0.34
1984;11;18;323;7.6;3;-0.2;2.6;1.2;-1;-0.2;0.1;0.16;1.2;1.9;3.04;267;57;84;47;96410;0.4;0.24;0.32;0.34
1984;11;19;324;4.8;2.8;0.4;3.4;2.2;0.3;-0.3;-1.1;0.15;1.2;1.9;2.28;106;21;27;11;96423;0.14;4.36;0.32;0.34
1984;11;20;325;7.2;3.8;0.3;3.3;2.1;-0.2;0.5;-0.2;0.13;1.2;1.9;1.52;159;32;80;32;96652;0.37;2;0.33;0.34
1984;11;21;326;8.9;3.2;-1.6;3.4;1.2;-2.1;0.4;0.3;0.13;1.2;1.9;1.13;293;65;105;52;96943;0.32;0.06;0.33;0.34
1984;11;22;327;10.1;4.7;-1.3;3.3;1.6;-2.2;0.7;1.1;0.12;1.2;1.9;0.76;303;65;102;55;97046;0.31;0.11;0.33;0.34
1984;11;23;328;11.7;6.8;2.9;4.8;3.3;2.1;2;1.3;0.12;1.2;1.9;0.42;306;62;106;60;96506;0.38;0.01;0.33;0.34
1984;11;24;329;13.5;7.6;2.6;7.3;5;1.8;2.1;1;0.11;1.2;1.9;0.2;295;60;103;60;96590;0.34;0.05;0.33;0.34
1984;11;25;330;12.6;5.8;0.7;6.9;3.2;0.2;0.8;0;0.11;1.2;1.9;0.1;287;60;99;60;97470;0.34;0;0.33;0.34
1984;11;26;331;10.6;5.5;1.9;6.4;3.7;1.3;0.3;-0.5;0.11;1.2;1.9;0.07;219;46;74;37;97492;0.21;0.96;0.33;0.34
1984;11;27;332;9;5.7;-0.1;5.1;2;-2.2;0;-1.7;0.11;1.2;1.9;0.03;229;47;113;55;98340;0.59;1.83;0.33;0.34
1984;11;28;333;6.4;1.5;-2;0.7;-1;-2.9;0.4;0.9;0.11;1.2;1.9;0;279;60;111;73;98732;0.26;0;0.33;0.34
1984;11;29;334;4;0.5;-1.4;0.8;-0.7;-1.9;-0.4;0.6;0.11;1.2;1.9;0;264;59;98;61;98443;0.17;0.05;0.33;0.34
1984;11;30;335;4.9;0.6;-1.6;1.5;-0.4;-1.8;-0.7;0.6;0.11;1.2;1.9;0.14;265;56;100;55;97917;0.2;0.11;0.33;0.34
1984;12;1;336;6.9;2.2;-0.9;4.3;1.2;-1.5;-0.2;1.1;0.11;1.2;1.9;0.13;238;53;88;43;97712;0.1;0;0.33;0.34
1984;12;2;337;4;2.6;1.4;2.2;1.6;1.1;-0.6;0;0.11;1.2;1.9;0.08;99;22;30;10;97824;0.11;0.04;0.33;0.33
1984;12;3;338;2.9;2.3;1.4;1.4;1.1;0.4;-0.5;-0.6;0.11;1.2;1.9;0.07;67;12;28;9;98125;0.09;0.34;0.33;0.33
1984;12;4;339;1.6;1.1;0.4;0.4;-0.3;-1.1;-0.5;-0.4;0.11;1.2;1.9;0.18;68;16;32;16;98635;0.15;0.39;0.33;0.33
1984;12;5;340;3.3;0.8;-0.9;-0.5;-1;-2.1;-0.4;0.5;0.11;1.2;1.9;0.34;208;42;80;47;98729;0.21;0.08;0.33;0.33
1984;12;6;341;3.9;0.2;-1.7;-0.6;-1.8;-2.6;-0.3;0.8;0.11;1.2;1.9;0.31;270;58;88;67;98656;0.15;0;0.33;0.33
1984;12;7;342;4.8;0.9;-1.5;0.6;-1.1;-2.4;0;0.5;0.11;1.2;1.9;0.27;269;57;94;57;99022;0.1;0;0.33;0.33
1984;12;8;343;4.8;1;-1.6;1.2;-0.6;-1.9;0.2;0.9;0.11;1.2;1.9;0.24;234;47;83;51;99093;0.1;0;0.33;0.33
1984;12;9;344;3.3;-0.8;-2.6;-0.4;-2.1;-3.4;0.4;0.5;0.11;1.2;1.9;0.19;243;52;104;52;98629;0.14;0;0.33;0.33
1984;12;10;345;4.5;0;-3.4;0.1;-2.2;-4.6;1;0.2;0.11;1.2;1.9;0.16;196;38;69;47;98448;0.05;0.01;0.33;0.33
1984;12;11;346;6.7;1.8;-0.7;2.5;-0.4;-2.4;1.4;0.1;0.1;1.2;1.9;0.16;168;37;69;33;97910;0.15;0.15;0.33;0.33
1984;12;12;347;3.8;1.9;-0.1;2.2;0.4;-0.7;-0.1;0.4;0.1;1.2;1.9;0.14;105;24;54;21;98275;0.21;0.79;0.33;0.33
1984;12;13;348;1.8;0;-1.8;-0.2;-0.9;-2.3;-0.7;0.1;0.1;1.2;1.9;0.14;129;27;53;28;97650;0.15;0.11;0.33;0.33
1984;12;14;349;0.8;-0.1;-0.7;-0.6;-1.3;-1.7;-0.9;-0.3;0.12;1.2;1.9;0.96;93;19;27;15;97601;0.1;1.58;0.33;0.33
1984;12;15;350;3.2;0.4;-1;-0.2;-1.1;-1.8;-0.7;0.8;0.13;1.2;1.9;1.88;173;37;74;34;98126;0.13;0.25;0.33;0.33
1984;12;16;351;1.2;0.1;-0.4;-0.7;-1.2;-1.8;-1;0.4;0.13;1.2;1.9;2.12;81;16;17;7;97896;0.08;0.55;0.33;0.33
1984;12;17;352;1;0.2;-0.8;0.3;-0.8;-1.8;-0.2;-0.2;0.14;1.2;1.9;2.46;29;7;15;6;97395;0.16;5.32;0.33;0.33
1984;12;18;353;5.9;3.1;0.6;4.8;2.5;0.1;-0.1;1;0.13;1.2;1.9;2.21;111;21;33;12;97632;0.04;0.35;0.33;0.33
1984;12;19;354;5.1;3.4;2;4.4;2.9;1.9;0.2;-0.5;0.12;1.2;1.9;1.56;83;14;23;9;98224;0.12;3.45;0.33;0.33
1984;12;20;355;5;3;1.2;2.4;1.6;0.7;0.2;0.3;0.12;1.1;1.9;1.2;99;21;52;21;98621;0.2;0.14;0.34;0.33
1984;12;21;356;3.9;1.4;-1.9;2.2;0.7;-2.8;0.4;0.1;0.12;1.1;1.9;1;130;23;58;29;97915;0.1;0.48;0.34;0.33
1984;12;22;357;4.8;0.2;-2.8;-0.8;-3.9;-5.4;1.1;-1.5;0.11;1.1;1.9;0.88;272;57;108;78;98516;0.37;0;0.34;0.33
1984;12;23;358;4;-0.3;-2.6;-1.3;-3.6;-5.4;0.1;-0.6;0.11;1.1;1.9;0.83;238;48;90;56;98543;0.06;0.54;0.34;0.33
1984;12;24;359;0.3;-1;-2.7;-2.7;-3.1;-3.8;-0.9;-1.4;0.12;1.1;1.9;1.57;87;17;64;26;98036;0.13;1.24;0.34;0.33
1984;12;25;360;0.4;-0.7;-1.3;-2;-2.8;-3.6;-0.7;-0.7;0.17;1.1;1.9;4.71;113;20;33;20;97381;0.06;5.22;0.34;0.33
1984;12;26;361;0.7;-1.3;-3.4;-0.8;-2.4;-4.2;0.1;1;0.26;1.1;1.9;10.39;81;17;47;22;97069;0.05;4.84;0.34;0.33
1984;12;27;362;-0.9;-4;-6.8;-3.4;-5.3;-8.1;-0.3;0;0.28;1.1;1.9;11.66;212;41;97;49;97348;0.12;0;0.34;0.33
1984;12;28;363;-1;-3;-5.3;-3.4;-4.7;-6;-0.6;-0.7;0.28;1.1;1.9;11.43;94;20;39;27;98499;0.12;0.17;0.34;0.33
1984;12;29;364;-0.8;-2.3;-3.9;-3.6;-4.6;-5.7;-0.9;-1.4;0.29;1.1;1.9;11.95;72;14;26;16;98957;0.14;1.41;0.34;0.33
1984;12;30;365;-1.3;-3;-4.4;-4.2;-5.2;-6.7;-0.8;-1.1;0.33;1.1;1.9;15.22;65;12;28;16;98828;0.12;5.21;0.34;0.33
1984;12;31;366;-2.5;-5.7;-18;-6.8;-9.6;-19.4;-0.7;-1.6;0.35;1.1;1.9;18.28;157;31;80;43;98493;0.29;0.71;0.34;0.33
1985;1;1;1;-4.6;-12.1;-19.9;-8.5;-14.8;-21.9;0.9;0.5;0.35;1.1;1.9;18.21;176;36;72;41;97259;0.14;0.06;0.34;0.33
1985;1;2;2;-3.4;-8.9;-13.2;-7.8;-12.2;-16.4;0.4;0.8;0.34;1.1;1.9;18.12;176;35;83;39;96008;0.2;0.21;0.34;0.33
1985;1;3;3;-3;-9.4;-13.6;-9.1;-13.3;-17;1.1;0.1;0.34;1.1;1.9;18.11;202;42;98;50;96168;0.26;0.04;0.34;0.33
1985;1;4;4;-5.6;-11;-16;-11.6;-15;-19.2;0.5;-0.1;0.34;1;1.9;18.02;130;28;59;35;96008;0.16;0.72;0.34;0.33
1985;1;5;5;-7.8;-10.6;-14.4;-13.2;-15.2;-19.1;0.5;-2;0.34;1;1.9;19.76;87;18;87;35;96131;0.24;2.6;0.34;0.33
1985;1;6;6;-9.9;-17;-25.4;-16.6;-21.6;-27.6;0.5;-0.2;0.35;1;1.9;20.75;223;49;112;71;96718;0.18;0;0.34;0.33
1985;1;7;7;-10.4;-19.9;-30.4;-17.4;-24.6;-33.5;0.6;-0.1;0.34;1;1.9;20.59;231;51;117;63;96788;0.18;0;0.34;0.33
1985;1;8;8;-11.8;-17.7;-24;-17.1;-21.6;-27.2;0;-0.2;0.34;1;1.9;20.43;228;50;109;51;97151;0.15;0.07;0.34;0.33
1985;1;9;9;-7.9;-11.9;-15;-13.9;-16.4;-19.6;0.3;-0.8;0.34;1;1.9;21.51;151;32;58;27;97104;0.19;2.18;0.34;0.33
1985;1;10;10;-4.9;-11.3;-18.3;-12.2;-16;-21.9;1.3;-0.8;0.35;1;1.9;22.5;176;37;89;48;97263;0.23;0.2;0.33;0.33
1985;1;11;11;-6;-15.1;-22.4;-12.3;-19.8;-26;1.1;0;0.34;1;1.9;22.32;226;49;99;56;98012;0.17;0;0.33;0.33
1985;1;12;12;-6;-14.5;-23.6;-12.2;-18.6;-26.6;0.8;0.5;0.34;1;1.9;22.12;232;50;101;51;97928;0.19;0.04;0.33;0.33
1985;1;13;13;-7.9;-10.3;-12.7;-10.4;-12.7;-15.5;-0.5;-0.7;0.34;1;1.9;23.38;109;20;31;14;97832;0.1;3.49;0.33;0.33
1985;1;14;14;-9.6;-10.8;-12.6;-11.8;-13.2;-14.5;-1;-1;0.35;1;1.9;25.77;163;35;54;25;97822;0.14;2.31;0.33;0.33
1985;1;15;15;-5;-7.2;-9.9;-7;-9.1;-12;-0.4;-1.1;0.35;1;1.9;28.84;79;17;25;10;98415;0.1;2.12;0.33;0.33
1985;1;16;16;-3.7;-5.5;-8.5;-6.4;-7.3;-9.7;-1;-1.1;0.35;1;1.9;30.53;109;22;32;19;98408;0.11;1.44;0.33;0.33
1985;1;17;17;-4.8;-8.4;-13;-10.4;-12.3;-14.2;-0.2;-0.8;0.35;1;1.9;30.87;214;46;97;46;97656;0.19;0.02;0.33;0.33
1985;1;18;18;-5.8;-9.8;-12.4;-10.1;-13.1;-14.9;-0.3;0.2;0.35;1;1.9;30.67;235;53;101;49;96500;0.18;0;0.33;0.33
1985;1;19;19;-5.7;-11.2;-17.1;-9.5;-13.6;-19;0.1;-0.4;0.35;0.9;1.9;30.48;227;51;89;39;96293;0.16;0;0.33;0.33
1985;1;20;20;-1.8;-8.6;-18;-5.2;-10.5;-20;-0.1;0.1;0.35;0.9;1.9;30.35;206;44;73;31;96739;0.2;0.02;0.33;0.33
1985;1;21;21;1;-3.6;-7.1;-2.1;-5;-7.8;-0.5;0.6;0.35;0.9;1.9;30.27;210;46;95;39;96726;0.13;0.06;0.33;0.33
1985;1;22;22;7.1;3.1;-2.7;3.7;1.5;-3.4;1.1;2.3;0.34;0.9;1.9;26.77;167;37;58;27;96246;-0.39;0.06;0.34;0.33
1985;1;23;23;8.2;4.7;2.5;4.8;3.3;2;0.6;1.7;0.32;0.9;1.9;17.65;155;35;51;26;96226;-0.41;0.08;0.35;0.33
1985;1;24;24;5.1;0.9;-6.5;3.6;-0.1;-7.5;1.1;0.5;0.31;0.9;1.9;17.28;49;10;64;30;96383;-0.02;16.14;0.36;0.33
1985;1;25;25;1.4;-5.5;-10.4;-3.8;-8;-11.5;1.2;0.9;0.34;0.9;1.9;21.03;227;48;87;52;97041;0.25;0;0.36;0.33
1985;1;26;26;6;-1.5;-10.7;1.6;-3.9;-12;1.5;2.2;0.33;0.9;1.9;18.81;237;51;90;47;96254;0.03;0.39;0.36;0.33
1985;1;27;27;6.6;1.8;-2.1;2.3;-0.2;-4.8;0.4;-0.6;0.29;0.9;1.9;15.1;160;36;73;39;96588;-0.02;0.18;0.36;0.33
1985;1;28;28;-0.4;-2.5;-4.7;-5.4;-6.7;-7.7;-0.6;-0.7;0.27;0.9;1.9;13.53;264;50;104;49;97728;0.26;0.02;0.37;0.33
1985;1;29;29;1.4;-1.9;-4.3;-3.6;-5.7;-6.9;0.1;-0.4;0.27;0.9;1.9;12.97;293;66;113;58;98406;0.19;0.01;0.37;0.33
1985;1;30;30;2.5;-2.4;-7.8;-2.6;-5.7;-9.6;0.8;0.6;0.26;0.9;1.9;12.15;287;60;101;46;98171;0.21;0.2;0.37;0.34
1985;1;31;31;6.4;-0.6;-6.5;-0.6;-3.6;-8.4;0.9;0.7;0.24;0.9;1.9;10.71;275;62;101;48;97906;0.12;0.07;0.37;0.34
1985;2;1;32;8;1.8;-2.9;1.5;-1;-4.3;1.5;0.6;0.22;0.9;1.9;8.8;254;51;66;48;97245;0.11;0.46;0.37;0.34
1985;2;2;33;11.6;3.3;-1;3.5;-0.1;-2.1;1.9;-0.3;0.19;0.9;1.9;6.53;324;74;96;58;96914;0.19;0.02;0.37;0.34
1985;2;3;34;6.5;2.4;-1;-0.7;-5.4;-10.7;1.9;-3.3;0.16;0.9;1.9;4.93;345;80;114;85;97465;0.61;0.02;0.37;0.34
1985;2;4;35;3.3;-0.8;-4.3;-8.7;-10.4;-12.4;0.4;0;0.16;0.9;1.9;4.39;379;92;135;94;98395;0.28;0;0.37;0.34
1985;2;5;36;7;0.5;-3.2;-0.5;-5.9;-11.3;0.8;0.5;0.15;0.9;1.9;3.85;359;87;111;70;97607;0.09;0;0.37;0.34
1985;2;6;37;5.8;1.2;-2.5;1.9;-1.7;-4.8;1.3;0.1;0.14;0.8;1.9;3.19;169;43;67;34;97021;0.04;0;0.37;0.34
1985;2;7;38;4.1;0.3;-1.5;2.1;-1;-2.9;-0.2;0.4;0.14;0.8;1.9;2.93;154;38;42;30;97085;0.27;3.31;0.37;0.34
1985;2;8;39;-1.6;-2.8;-4;-3.6;-8.2;-10.9;-1.6;1.3;0.16;0.8;1.9;4.32;160;33;40;22;97388;0.35;1.54;0.37;0.34
1985;2;9;40;2.3;-1.1;-3.1;-1.8;-3.8;-6.1;-0.8;0.4;0.18;0.8;1.9;5.35;227;54;57;28;96238;0.14;3.57;0.37;0.34
1985;2;10;41;-1.1;-3.5;-7.6;-2.4;-7.2;-12.5;-1.9;-0.9;0.21;0.8;1.9;7.46;210;41;42;19;95958;0.47;6.65;0.37;0.34
1985;2;11;42;-5.5;-9;-13;-12.4;-15.1;-18.2;-1.6;-1.1;0.31;0.8;1.9;12.56;327;79;113;62;96502;0.41;2.19;0.37;0.34
1985;2;12;43;-7.9;-12.6;-17.7;-16.1;-18.7;-21.9;-0.8;0.3;0.3;0.8;1.9;12.47;348;86;116;74;96984;0.3;0;0.37;0.34
1985;2;13;44;-5.9;-11.2;-15;-13.4;-16.5;-19.2;-0.1;0.7;0.29;0.8;1.9;12.13;358;90;119;72;97031;0.34;0;0.37;0.34
1985;2;14;45;-2.2;-9.8;-18.6;-10.9;-15.1;-21.6;0.1;1.5;0.29;0.8;1.9;11.67;350;87;106;64;97262;0.35;0;0.37;0.34
1985;2;15;46;-1.9;-5.9;-8.9;-7.2;-11.8;-16.1;-1;-0.8;0.28;0.8;1.9;11.29;252;54;90;45;97281;0.28;0.46;0.37;0.34
1985;2;16;47;-0.6;-7.4;-15;-11.8;-14.9;-18.2;0.2;0.8;0.27;0.8;1.9;10.9;382;96;134;80;98487;0.33;0;0.37;0.34
1985;2;17;48;1.1;-6.1;-11.9;-7.7;-13.3;-17.3;-0.1;0.1;0.26;0.8;1.9;10.22;366;92;120;67;98044;0.31;0.15;0.37;0.34
1985;2;18;49;-4;-7.7;-11.3;-12.6;-15.8;-17.4;0.5;-2.1;0.25;0.8;1.9;9.76;380;93;106;77;98158;0.38;0.04;0.37;0.34
1985;2;19;50;-2.8;-8.5;-15.6;-14.1;-16.7;-20.9;1.4;-1.6;0.24;0.8;1.9;9.22;397;101;115;75;98332;0.34;0;0.37;0.34
1985;2;20;51;0.1;-5.6;-11.9;-11.3;-14.4;-17.6;0.3;-0.2;0.23;0.8;1.9;8.58;409;104;128;77;98791;0.26;0;0.37;0.34
1985;2;21;52;1.3;-4.5;-10.8;-9.7;-12.4;-16.2;0.4;0.9;0.22;0.9;1.9;7.88;391;101;115;71;98547;0.26;0;0.37;0.34
1985;2;22;53;3.6;-2.1;-8.8;-5.2;-8.8;-12.8;0.1;-0.3;0.21;0.9;1.9;7.12;393;96;117;59;98576;0.2;0.57;0.37;0.34
1985;2;23;54;1.4;-2.2;-4.6;-5;-6.3;-7.1;-0.7;0.8;0.23;0.9;1.9;7.87;285;77;111;56;98921;0.24;1.12;0.37;0.34
1985;2;24;55;3.4;-0.8;-4.8;-0.1;-4;-8.4;0.2;0.7;0.23;0.9;1.9;8.28;168;43;34;17;98465;0.16;2.8;0.37;0.34
1985;2;25;56;9.9;2.8;-2.4;2.3;0;-3;0.2;0.7;0.22;0.9;1.9;7.52;384;97;100;53;98732;0.15;0.08;0.37;0.34
1985;2;26;57;5.2;2.4;0;2.6;1.1;-1.2;-0.5;0.4;0.19;0.9;1.9;5.06;163;44;37;12;98717;0.01;0.14;0.37;0.34
1985;2;27;58;3.7;1;-0.8;-0.1;-1.2;-2.9;-1;0.8;0.17;0.9;1.9;4.27;192;48;39;17;98719;0.18;0.69;0.37;0.34
1985;2;28;59;5.1;0.5;-2.1;-0.8;-2.5;-4.1;-1;0.6;0.17;0.9;1.9;3.7;332;85;73;39;98419;0.15;0.05;0.37;0.34
1985;3;1;60;7.2;1.2;-1.9;1.2;-1.2;-3;-0.8;0.5;0.16;0.9;1.9;3.07;416;91;83;42;98142;0.19;0.26;0.37;0.34
1985;3;2;61;9.3;3.3;-1.3;4.4;1.6;-1.5;-0.4;1.2;0.15;0.9;1.9;2.08;347;69;47;18;97597;0.13;3.26;0.37;0.34
1985;3;3;62;4;2.1;-0.1;2.4;1.5;-0.2;-0.7;-0.6;0.14;0.9;1.9;1.27;125;30;21;9;97531;0.33;6.61;0.38;0.34
1985;3;4;63;9.9;3.3;-1.3;3;1.2;-1.4;0.1;1.5;0.13;1;1.9;0.94;328;77;85;32;97706;0.39;0.01;0.38;0.34
1985;3;5;64;13.2;6.1;0.5;4.1;2.5;0.1;0.6;1.6;0.13;1;1.9;0.51;354;98;83;55;98035;0.5;0.26;0.38;0.34
1985;3;6;65;14.2;6.7;0.4;5.4;2.8;-0.4;0.7;1.5;0.12;1;1.9;0.22;444;118;97;63;98405;0.74;0.04;0.38;0.34
1985;3;7;66;11.2;5.2;0.1;6.1;3;-0.7;-0.5;-0.1;0.12;1;1.9;0.11;368;99;65;47;98483;0.42;0.02;0.38;0.34
1985;3;8;67;6.2;3.9;2.2;3.5;2.6;1.6;-0.7;-0.4;0.12;1;1.9;0.03;144;35;27;12;98756;0.24;0.47;0.38;0.34
1985;3;9;68;6.5;3;0.4;1.5;-0.2;-2.4;-0.8;-0.8;0.12;1;1.9;0.06;218;60;79;34;98810;0.76;2.49;0.38;0.34
1985;3;10;69;5.6;1.6;-1.2;-2.3;-3.9;-5.1;-1.2;-1;0.12;1;1.9;0.12;408;113;85;60;98700;0.62;0.1;0.38;0.34
1985;3;11;70;1.3;0;-1.4;-0.9;-2.4;-4.2;-1.4;-2;0.17;1;1.9;3.86;161;39;52;22;98425;0.27;12.73;0.38;0.35
1985;3;12;71;3;1;-0.3;0.1;-0.6;-1.2;-0.9;-1.7;0.34;1;1.9;15.59;154;38;30;15;98581;0.19;5.96;0.38;0.35
1985;3;13;72;4.8;1.7;-0.6;-0.5;-0.9;-1.5;-0.1;-0.1;0.31;1;1.9;13.77;274;78;72;30;98046;0.43;0.05;0.38;0.35
1985;3;14;73;4.7;1.3;-1.3;0.4;-0.9;-2.3;0.2;0.2;0.27;1.1;1.9;10.46;234;69;43;28;97056;0.37;0.94;0.38;0.35
1985;3;15;74;5.7;1.6;-2.5;2;-0.3;-3.2;0.9;0;0.23;1.1;1.9;7.95;216;61;44;30;96589;0.41;3.12;0.39;0.35
1985;3;16;75;6.6;1.8;-4.4;0.3;-1.8;-5.2;-0.3;1.3;0.2;1.1;1.9;5.9;361;101;85;52;96322;0.76;0.36;0.39;0.35
1985;3;17;76;5.4;1.9;-0.3;3;0.7;-2.4;-0.3;0.4;0.2;1.1;1.9;6.25;206;56;40;27;95511;0.59;16.7;0.39;0.35
1985;3;18;77;5.8;1.8;-1;-1.9;-2.9;-3.9;0;-0.2;0.3;1.1;1.9;12.37;384;114;102;50;95521;0.93;2.9;0.4;0.35
1985;3;19;78;1.6;0.7;0;-0.9;-1.3;-2.1;0.6;-2.4;0.34;1.1;1.9;24.34;101;24;21;14;95878;0.28;20.93;0.4;0.35
1985;3;20;79;6.5;1.6;-2.8;0.1;-1.5;-5.2;0.1;1.2;0.35;1.2;1.9;30.18;349;90;107;49;96189;0.5;1.63;0.4;0.35
1985;3;21;80;6.6;1;-5.5;2.9;-1;-6.6;-0.3;0;0.35;1.2;1.9;24.8;187;55;42;18;96242;0.1;6.63;0.4;0.35
1985;3;22;81;8.7;4.5;1.6;6.7;3.4;1;-0.7;0.5;0.32;1.2;1.9;17.69;180;49;38;9;96116;-0.1;16.71;0.42;0.35
1985;3;23;82;7.1;4.5;3;4.5;3.5;2.7;-1;-0.1;0.25;1.2;1.9;10.08;230;58;45;11;96199;0.22;0.99;0.43;0.35
1985;3;24;83;8.4;5.1;2.1;5.2;3.7;1.7;0.2;-0.2;0.2;1.2;1.9;5.57;264;85;64;27;96633;0.79;4.26;0.43;0.36
1985;3;25;84;12.7;5.8;-1.5;4;0.9;-1.8;0.1;0.8;0.17;1.2;1.9;2.98;584;167;136;76;97068;1.3;0.16;0.42;0.36
1985;3;26;85;14.7;7.7;0.5;4.1;1.5;-1;1.6;1.7;0.15;1.3;1.9;1.41;565;158;118;82;96884;1.27;0;0.42;0.36
1985;3;27;86;15.3;7.9;0.3;5.1;2.2;-0.4;2;1.6;0.14;1.3;1.9;0.6;561;158;105;73;96210;1.28;2;0.41;0.37
1985;3;28;87;7.7;4.6;0.2;3.3;-2.3;-8.6;1.2;-1.6;0.14;1.3;1.9;0.28;365;100;119;54;96518;1.24;8.49;0.42;0.37
1985;3;29;88;10;3.8;-2.9;-4.2;-5.5;-7;1.5;1;0.14;1.3;1.9;0.2;601;188;127;93;97580;1.36;0;0.41;0.37
1985;3;30;89;15.6;6.9;-1.6;1.9;-0.9;-4.8;1.2;1.4;0.14;1.3;1.9;0.11;648;199;144;97;97440;1.62;0;0.41;0.37
1985;3;31;90;16.9;8.8;-0.3;4.9;2.1;-1.7;1.5;0.9;0.14;1.4;1.9;0.03;624;183;125;84;97109;1.63;0;0.4;0.37
1985;4;1;91;16.7;10.6;3.6;5.4;3;1.3;1;-0.1;0.14;1.4;1.9;0;596;186;133;87;97658;1.72;0;0.4;0.37
1985;4;2;92;20;12.1;3.5;8;4.8;1.6;0.5;-0.4;0.14;1.4;1.9;0;641;189;138;75;97454;1.98;1.6;0.39;0.38
1985;4;3;93;15.3;10.5;3.6;7;4;2.1;0.7;-0.7;0.14;1.4;1.9;0;432;135;88;67;97926;1.52;0.08;0.39;0.38
1985;4;4;94;18.8;11.4;3.1;5.8;4.1;1.8;1.2;1.8;0.14;1.4;1.9;0;649;206;135;94;97413;2.04;0;0.39;0.38
1985;4;5;95;19.5;12.7;5.3;6.4;4.4;2.8;2.4;2.5;0.14;1.4;1.9;0;658;210;137;102;96559;2.2;0;0.39;0.38
1985;4;6;96;17.5;12.7;9.3;7.3;5.4;4.4;2.9;3.3;0.14;1.5;1.9;0;632;188;124;91;96346;1.98;0.02;0.38;0.38
1985;4;7;97;16.2;11;5.5;6.9;3.8;1.6;1;1;0.14;1.5;1.9;0;603;163;127;82;96760;1.84;0.43;0.38;0.38
1985;4;8;98;18;12.2;6.3;8.1;6.3;3.4;2.2;2;0.14;1.5;1.9;0;559;157;98;70;96235;1.79;0.89;0.38;0.38
1985;4;9;99;19;12.6;6.1;9.2;7.7;5.4;1.6;1.4;0.15;1.5;1.9;0;382;130;110;65;96092;1.56;0.24;0.37;0.38
1985;4;10;100;12.7;9.5;6.8;8.7;7.1;5.2;0;-0.8;0.15;1.5;1.9;0;303;82;56;29;96442;1.76;11.91;0.37;0.38
1985;4;11;101;15.1;9.5;2.7;6.8;3.7;2;0.8;1.5;0.15;1.6;1.9;0;621;191;123;86;97049;2.14;0.39;0.38;0.38
1985;4;12;102;8.5;6.2;5;6;3.8;0.9;0.9;-0.1;0.15;1.6;1.9;0;129;46;86;41;96452;1.26;13.25;0.38;0.38
1985;4;13;103;14.3;8.7;3.1;1.1;-1.1;-2;1.8;0.3;0.15;1.6;1.9;0;628;199;127;98;96597;2.25;0;0.39;0.38
1985;4;14;104;7.9;5.5;2.3;5.1;2.7;-1;0.5;-0.2;0.15;1.6;1.9;0;209;57;69;40;96737;0.98;8.05;0.39;0.38
1985;4;15;105;13.3;7.1;1.6;4.6;2.3;0.4;0.9;-0.7;0.15;1.6;1.9;0;624;187;117;74;97391;2.01;1.1;0.39;0.38
1985;4;16;106;12.6;7.9;2.2;1.9;-0.1;-1.4;-0.4;-1.8;0.15;1.7;1.9;0;424;152;112;70;98002;1.63;0.05;0.39;0.38
1985;4;17;107;10.3;7.2;3.3;1.9;0.9;-0.4;-1.4;-4.6;0.15;1.7;1.9;0;500;152;81;52;98168;1.66;0.74;0.39;0.38
1985;4;18;108;9.4;7.2;5.1;5.4;4.1;2.3;-0.7;-2.7;0.15;1.7;1.9;0;180;57;30;21;98125;1.91;8.84;0.39;0.38
1985;4;19;109;14.1;9.8;6;4.7;2.9;1;-0.5;-1.8;0.15;1.8;1.9;0;563;192;127;67;97790;2.32;0.57;0.39;0.38
1985;4;20;110;16;10;2.2;4.7;3.2;0.8;-0.3;1;0.15;1.8;1.9;0;701;234;143;98;97276;2.43;0;0.39;0.38
1985;4;21;111;16.8;11;4.7;6.2;4.8;3;-0.9;1.6;0.15;1.8;1.9;0;615;197;118;84;97399;2.17;0;0.39;0.38
1985;4;22;112;19.4;12.8;6;7.4;5.3;3.1;0.2;1.9;0.16;1.8;1.9;0;643;215;117;90;97171;2.52;0;0.38;0.38
1985;4;23;113;19.1;12.1;4.9;10.7;7.3;3.2;0.8;0.1;0.16;1.9;1.9;0;631;190;124;77;96336;2.23;1.33;0.38;0.38
1985;4;24;114;9.6;6.9;1.7;7.6;1.7;-6.2;0.3;-2;0.16;1.9;1.9;0;291;72;99;46;96833;2.15;4.72;0.38;0.38
1985;4;25;115;12.6;6.5;-1.2;0.6;-2;-5.5;0.7;1.6;0.16;1.9;1.9;0;708;237;134;101;97202;2.34;0;0.38;0.38
1985;4;26;116;12.6;7.6;1.1;3.4;1.5;-0.9;-1.5;-0.7;0.16;2;1.9;0;640;169;115;60;96929;1.77;0.24;0.38;0.38
1985;4;27;117;9.3;6.5;4.2;3.2;1;-1.2;-0.2;1.4;0.16;2;1.9;0;352;99;56;39;96753;1.16;0.14;0.38;0.38
1985;4;28;118;5.6;3.8;1.2;4.4;2.4;-0.8;0.3;-1;0.16;2;1.9;0.33;70;25;33;20;96129;0.87;17.05;0.38;0.38
1985;4;29;119;9.3;5.2;0.4;-1.2;-3.8;-6.5;2.3;-1.2;0.17;2.1;1.9;0.7;652;223;124;83;96493;2.53;0.13;0.39;0.38
1985;4;30;120;14.1;7;-1.1;2.4;-0.4;-4;2.1;0.2;0.17;2.1;1.9;0.37;676;211;121;85;96667;2.32;0.32;0.38;0.38
1985;5;1;121;16.5;10.1;2.2;7.8;4.4;0.7;1.2;0.3;0.16;2.1;1.9;0.13;525;181;101;69;96688;2.14;0.35;0.38;0.38
1985;5;2;122;10.9;7.7;4.4;8.4;6.1;3.5;-0.5;-0.9;0.16;2.1;1.9;0.02;215;64;45;22;96323;1.18;18.69;0.38;0.38
1985;5;3;123;11.6;6;1.7;3.2;1;-2.3;1;-0.7;0.17;2.2;1.9;1.02;484;151;114;58;96310;2.07;10.02;0.4;0.38
1985;5;4;124;13.8;7.5;-1.3;3.6;0;-3.5;-0.2;1.2;0.17;2.2;1.9;0.5;674;234;132;88;96814;2.5;0;0.4;0.38
1985;5;5;125;9.4;7.7;5.7;7.2;5.4;3.3;-0.2;-0.4;0.17;2.2;1.9;0.22;172;48;61;22;96832;0.88;5.43;0.4;0.38
1985;5;6;126;12.8;9.8;4;11.1;8.3;3.8;-0.3;-0.6;0.17;2.3;1.9;0.08;278;66;43;21;96547;0.71;5.43;0.4;0.38
1985;5;7;127;14.5;11.5;7.6;13.1;10;3.9;-0.8;1.5;0.17;2.3;1.9;0;156;53;88;27;96224;1.3;11.24;0.41;0.38
1985;5;8;128;15.3;10.9;6.8;5.5;4.4;3.5;0.4;3.8;0.17;2.3;1.9;0;689;221;115;85;96863;2.96;0.61;0.41;0.38
1985;5;9;129;16.7;11.9;7.5;8.1;6.5;5.1;0.7;2.4;0.17;2.4;1.9;0;514;174;103;68;96940;2.61;1.25;0.41;0.38
1985;5;10;130;17.5;12.3;4.4;10;6.8;3.8;-0.4;-0.1;0.17;2.4;1.9;0;575;192;107;76;97108;2.45;0.13;0.4;0.38
1985;5;11;131;19.4;14.3;5.8;11.6;8.8;5;-0.1;-0.5;0.17;2.4;1.9;0;506;186;97;71;97215;2.47;0.29;0.4;0.38
1985;5;12;132;23.4;16.3;7.1;12.9;10.1;6.8;0.7;1.6;0.17;2.5;1.9;0;651;238;123;85;97147;3.47;0.1;0.39;0.38
1985;5;13;133;24.7;17.9;9;15.5;12;7.6;-0.3;1.1;0.17;2.5;1.9;0;633;223;113;82;97168;3.28;0.02;0.39;0.39
1985;5;14;134;25.5;19.4;13.3;16.4;14.2;11.9;-0.2;0.7;0.17;2.5;1.9;0;677;232;107;79;96841;3.43;0.13;0.38;0.39
1985;5;15;135;25.4;18.9;10.1;15.4;12.2;9.5;-0.1;0.2;0.17;2.5;1.9;0;683;239;126;88;96779;3.7;0;0.38;0.39
1985;5;16;136;21.6;16.9;12.3;16;14.2;11.5;0.7;-0.4;0.17;2.6;1.9;0;450;161;85;57;97118;2.43;10.19;0.38;0.39
1985;5;17;137;21.7;16.8;12.4;15.7;14.2;12;0.4;0;0.17;2.6;1.9;0;512;162;77;52;97312;2.63;4.71;0.38;0.39
1985;5;18;138;23.2;17;11.6;16.7;13.2;10.7;0.4;0.6;0.17;2.6;1.9;0;590;185;98;59;97283;2.93;0.89;0.38;0.39
1985;5;19;139;22.3;16.7;9.9;14.2;11.8;9.4;0.3;-0.1;0.17;2.6;1.9;0;597;213;105;73;97348;3.41;1.72;0.38;0.39
1985;5;20;140;20.6;16.2;12;14.7;12.7;11.3;-0.8;1.3;0.17;2.7;1.9;0;491;148;67;44;97195;2.67;1.63;0.38;0.38
1985;5;21;141;22.7;17.5;12.4;13.2;11.8;9.6;0.9;0.4;0.17;2.7;1.9;0;655;214;107;74;96567;3.48;1.48;0.37;0.38
1985;5;22;142;19.3;15.1;11.1;14.1;12.1;9.4;0.3;0.1;0.17;2.7;1.9;0;508;149;86;52;96305;2.57;6.61;0.38;0.38
1985;5;23;143;18.4;14.4;10.5;12.7;9.9;7.9;0.4;0.4;0.17;2.7;1.9;0;444;166;90;60;96600;2.67;4.51;0.38;0.38
1985;5;24;144;20.6;15.9;9.8;11;9.3;7.7;0;0.9;0.17;2.7;1.9;0;635;218;117;81;97236;3.65;0.86;0.38;0.38
1985;5;25;145;22.4;17.4;12.2;12.9;11.2;8.9;-1.1;0.7;0.17;2.8;1.9;0;632;231;109;83;97686;3.53;0.12;0.37;0.38
1985;5;26;146;22.7;17.5;10.6;13.4;11.3;9.5;-1;-0.7;0.17;2.8;1.9;0;583;227;113;80;97723;3.64;0;0.37;0.38
1985;5;27;147;24;18.7;11.9;14;12.3;10.7;-0.8;0.7;0.17;2.8;1.9;0;605;211;107;75;97576;3.54;0;0.37;0.38
1985;5;28;148;24.7;19.9;14.6;14.7;12;10;-0.7;0.3;0.17;2.8;1.9;0;624;234;112;81;97346;3.78;0;0.36;0.38
1985;5;29;149;23.6;18.3;13;14.5;12.9;11.3;0.1;-1.1;0.17;2.9;1.9;0;562;189;99;66;97179;3.24;1.11;0.36;0.38
1985;5;30;150;22;17.3;12.8;13.6;12.2;10.9;0.8;-1.7;0.17;2.9;1.9;0;613;201;97;70;97339;3.4;3.85;0.36;0.38
1985;5;31;151;20.2;16.8;13.1;13.8;12;10.2;1;-1.2;0.17;2.9;1.9;0;490;164;83;61;97547;2.85;4.24;0.36;0.38
1985;6;1;152;22.5;17.3;11.6;12.3;10.8;8.6;0.7;-1.7;0.17;2.9;1.9;0;609;219;108;76;97533;3.77;0.07;0.36;0.38
1985;6;2;153;21.3;16.7;10.4;12.2;10.4;8.3;0.1;-1;0.17;2.9;1.9;0;515;178;88;62;97435;3.05;0.64;0.35;0.38
1985;6;3;154;20.9;16.7;13.3;14.5;12.9;10.8;0.4;-1;0.17;3;1.9;0;426;151;72;46;97587;2.61;1.56;0.35;0.38
1985;6;4;155;21.8;17.8;12.5;15.9;14.4;12.1;-0.5;0;0.17;3;1.9;0;524;176;79;52;97666;2.78;0.57;0.35;0.38
1985;6;5;156;25.8;20.2;14;16.6;14.8;12.9;0.4;1.7;0.17;3;1.9;0;692;239;106;77;97328;3.93;0.17;0.34;0.38
1985;6;6;157;27.7;21.3;14.3;17.7;14.8;12.5;0.8;0.9;0.17;3;1.9;0;685;232;107;78;97070;4.01;0.26;0.34;0.38
1985;6;7;158;27.5;21.6;15.2;16.3;14.6;13.4;1.4;1.3;0.17;3;1.9;0;643;227;98;73;96775;4.19;0.53;0.34;0.38
1985;6;8;159;17.4;16;12.4;13.7;12;9.1;0.4;-1.1;0.17;3.1;1.9;0;268;71;48;30;96824;1.96;5.38;0.34;0.38
1985;6;9;160;17.8;12.6;9.1;7.8;5.4;1.2;1;-0.1;0.17;3.1;1.9;0;600;170;125;65;97370;3.86;9.71;0.34;0.38
1985;6;10;161;19.6;14.4;8.8;11.8;8.9;6.3;0.3;1.6;0.17;3.1;1.9;0;711;238;115;78;97260;3.6;0.27;0.34;0.38
1985;6;11;162;17.3;13.8;9.8;9.5;6.8;3.4;0.8;-0.4;0.17;3.1;1.9;0;622;190;114;72;97377;3.36;1.79;0.34;0.38
1985;6;12;163;18.9;14.4;7.4;8.8;7.1;5.9;0.8;2.1;0.17;3.2;1.9;0;627;205;116;78;97092;3.45;0.1;0.34;0.38
1985;6;13;164;16.3;13.1;9.2;13.2;10.3;6.7;0.4;0.5;0.17;3.2;1.9;0;247;66;78;46;96780;1.2;7.58;0.34;0.38
1985;6;14;165;18.7;13.9;6.4;13.2;10.7;6.3;0.4;1.6;0.17;3.2;1.9;0;447;160;80;54;97214;2.61;0.05;0.34;0.38
1985;6;15;166;19.2;14.9;10.3;14.2;10.3;4.9;0.7;-0.8;0.17;3.2;1.9;0;404;104;89;53;96950;2.13;19.06;0.35;0.38
1985;6;16;167;18.7;13.9;7.5;8.2;6.1;3.3;0.1;1;0.17;3.2;1.9;0;572;211;113;83;97495;3.39;0;0.35;0.38
1985;6;17;168;13.8;11.2;7.5;9.5;7.9;5.5;0.1;-0.9;0.17;3.2;1.9;0;242;66;83;41;97178;1.65;14.96;0.36;0.38
1985;6;18;169;17.7;12.5;5.4;7.4;4.7;2.4;1;-1.2;0.17;3.3;1.9;0;559;217;105;82;97380;3.59;0.05;0.36;0.38
1985;6;19;170;19.5;13.8;5.6;9.8;6.9;4.5;0.1;1.1;0.17;3.3;1.9;0;647;224;117;82;97291;3.66;0.05;0.35;0.38
1985;6;20;171;14.9;13;10.3;12.3;10.5;7.8;0.6;0.6;0.17;3.3;1.9;0;168;53;53;36;96759;1.01;10.75;0.36;0.38
1985;6;21;172;19.8;14.3;6.9;11.4;8.8;6.1;1;0;0.17;3.3;1.9;0;647;208;109;77;97052;3.52;0.08;0.36;0.38
1985;6;22;173;22;16.1;8.6;13.2;11;8.4;0.5;1.1;0.17;3.3;1.9;0;525;170;72;51;96877;2.96;1.14;0.36;0.38
1985;6;23;174;16.2;14.1;12.3;11.7;10.2;8.4;0.9;-0.5;0.17;3.3;1.9;0;296;75;55;30;96709;2.01;9.8;0.36;0.38
1985;6;24;175;21;16;9;11.2;8.2;6.9;1.4;-0.7;0.17;3.3;1.9;0;617;229;113;81;96926;4;0.14;0.36;0.38
1985;6;25;176;21.6;16.1;10.6;12.3;8.6;6.4;1.6;-1.2;0.17;3.4;1.9;0;666;243;112;86;97443;4.32;1.2;0.36;0.38
1985;6;26;177;21.7;16.8;9.4;13.5;10;5.9;0.6;0.9;0.17;3.4;1.9;0;646;219;108;80;97706;3.75;0.05;0.35;0.38
1985;6;27;178;16.8;14.7;12.6;13.9;12;10.6;0.5;0.9;0.17;3.4;1.9;0;333;95;88;45;97515;1.75;16.4;0.36;0.38
1985;6;28;179;19;15.2;11.7;12.2;10.4;8.9;0.6;0.1;0.17;3.4;1.9;0;572;175;96;61;97550;2.92;0.28;0.36;0.38
1985;6;29;180;21.7;16.2;8.8;13.3;11.1;8.7;0.5;1.1;0.17;3.4;1.9;0;631;206;103;71;97711;3.51;0.12;0.36;0.38
1985;6;30;181;23.6;18.5;10.4;15.7;12.8;9.7;0.3;0.2;0.17;3.4;1.9;0;628;216;105;74;97737;3.7;0.45;0.36;0.38
1985;7;1;182;24.6;17.7;11.3;17.1;14.7;10.8;1;0.3;0.17;3.4;1.9;0;594;174;92;67;97271;2.84;9.91;0.35;0.38
1985;7;2;183;20;16.1;11.7;14.8;11.9;9.6;0.4;-1.2;0.17;3.5;1.9;0;495;142;91;56;97454;3.03;5.34;0.36;0.38
1985;7;3;184;21;17;12.5;11.4;10;9.2;-0.8;-0.2;0.17;3.5;1.9;0;567;213;107;70;98077;3.73;0.12;0.36;0.38
1985;7;4;185;20.8;17.1;12.5;13.1;11.2;10.1;-0.7;0.3;0.17;3.5;1.9;0;539;164;82;54;98067;2.98;0;0.36;0.38
1985;7;5;186;20.3;16.6;12.6;13;11.4;10.5;-0.4;-0.4;0.17;3.5;1.9;0;396;125;71;48;97674;2.26;0.05;0.35;0.37
1985;7;6;187;22.3;17.6;11;12.5;10.4;8.5;-0.3;-1.6;0.17;3.5;1.9;0;595;223;104;76;97698;4.13;0.09;0.35;0.37
1985;7;7;188;23.2;18.2;11.8;16.2;12.8;8.7;0.7;-0.8;0.17;3.5;1.9;0;535;185;89;64;97900;3.26;0.72;0.35;0.37
1985;7;8;189;21.6;17.8;13.7;16.2;14.5;12.5;0.1;0.2;0.17;3.5;1.9;0;500;182;79;60;97685;3.14;4.41;0.35;0.37
1985;7;9;190;21.5;17.8;14.2;13.9;11.2;8.8;0;-0.3;0.17;3.6;1.9;0;573;200;89;65;97418;3.95;0.08;0.35;0.37
1985;7;10;191;20.9;17.3;12.7;14.5;13.2;11.8;-0.1;-0.6;0.17;3.6;1.9;0;566;193;98;67;97385;3.23;1.47;0.34;0.37
1985;7;11;192;21.8;17.2;9.7;13.7;11.9;9.5;-0.1;-0.1;0.17;3.6;1.9;0;554;215;102;74;97679;3.66;0.12;0.34;0.37
1985;7;12;193;23.8;19.1;11.7;15.7;13.4;11;0;0.6;0.17;3.6;1.9;0;585;196;99;68;97883;3.44;0.16;0.34;0.37
1985;7;13;194;24.6;19.8;12.9;16.4;14.5;12.6;0.2;-0.3;0.17;3.6;1.9;0;566;208;98;68;98038;3.64;0.21;0.33;0.37
1985;7;14;195;26.3;21;13.3;16.7;14.9;12.7;-0.2;1.1;0.17;3.6;1.9;0;621;223;99;73;97915;4.04;0;0.33;0.37
1985;7;15;196;28.3;22.7;16.2;18.9;16.1;13.4;0.1;0.6;0.17;3.6;1.9;0;699;247;108;73;97718;4.45;0.06;0.33;0.37
1985;7;16;197;27.8;22.8;17.4;18;17;16.2;0;0.8;0.17;3.6;1.9;0;568;210;94;66;97758;3.89;0.04;0.32;0.37
1985;7;17;198;23.9;20.1;17.1;18.2;17.2;15.9;0.7;-0.6;0.17;3.6;1.9;0;399;140;65;48;97788;2.83;11.83;0.32;0.37
1985;7;18;199;25.2;20.3;14;17.4;15.7;13.8;0.1;0.6;0.17;3.6;1.9;0;530;194;88;65;97479;3.64;0.07;0.33;0.37
1985;7;19;200;26.7;21.4;15.4;19.2;17.1;14.2;0.9;0;0.17;3.6;1.9;0;634;209;95;67;97043;3.59;0.79;0.32;0.37
1985;7;20;201;27.8;22.5;16.1;19.6;18.2;15.5;0.5;0.6;0.17;3.6;1.9;0;599;211;87;60;97131;3.84;0.61;0.32;0.37
1985;7;21;202;20.9;18.1;14.4;17.2;11.4;6.5;0.7;-1;0.17;3.6;1.9;0;376;110;96;53;97807;2.71;1.09;0.32;0.37
1985;7;22;203;21.5;16.8;10.4;10.8;8.6;6.9;0.3;0.9;0.17;3.6;1.9;0;562;211;108;84;98392;3.62;0;0.32;0.37
1985;7;23;204;27;20.3;11.8;18.8;14;10.1;0.4;0.6;0.17;3.6;1.9;0;688;233;112;80;97909;3.89;0;0.31;0.37
1985;7;24;205;24.6;20.5;15.6;16.3;14.5;12.5;-1;-0.3;0.17;3.6;1.9;0;561;172;85;56;98017;3.01;0;0.31;0.37
1985;7;25;206;25.3;21.2;16.5;17.1;15.2;14;-0.1;0.1;0.17;3.6;1.9;0;557;169;93;55;97735;2.89;0.01;0.31;0.37
1985;7;26;207;28;22.1;14.4;18.7;16.4;14;0.4;0.3;0.17;3.6;1.9;0;617;214;104;72;97307;3.6;0.01;0.3;0.37
1985;7;27;208;29.8;22.7;15.6;19.1;17.5;15.2;0.9;-0.2;0.17;3.6;1.9;0;661;214;111;69;97054;3.67;0.61;0.3;0.37
1985;7;28;209;28.1;22.7;16.6;20.7;18.4;16.3;-0.1;0.5;0.17;3.6;1.9;0;509;186;79;59;97085;3.22;0.82;0.3;0.37
1985;7;29;210;30.6;24.6;17.9;18.4;16.2;15;2;2.4;0.17;3.6;1.9;0;676;245;111;81;96615;4.48;0;0.29;0.37
1985;7;30;211;23.7;20.9;18.2;16.5;15;13.7;-0.5;-0.5;0.17;3.6;1.9;0;298;104;66;44;96865;2.04;0.22;0.29;0.37
1985;7;31;212;19.8;17.7;14.6;15;13.2;11.1;0.8;-0.9;0.17;3.6;1.9;0;302;109;72;47;96828;2.61;4.66;0.29;0.37
1985;8;1;213;23.3;18.5;11.3;14.4;11.9;10.4;0.1;0.2;0.17;3.6;1.9;0;488;183;97;71;97291;2.95;0.02;0.29;0.37
1985;8;2;214;21.3;17.5;14.1;14.6;12.7;11;0.7;-0.4;0.17;3.6;1.9;0;431;113;95;54;97472;2.14;5.85;0.29;0.37
1985;8;3;215;25.1;18.8;10.9;15.3;13;10;0.5;1.4;0.17;3.6;1.9;0;594;206;93;74;97486;3.37;0;0.29;0.37
1985;8;4;216;21.3;17.5;15.1;14.4;13.2;12.3;0.5;0.3;0.17;3.6;1.9;0;528;121;94;55;97118;2.32;5.59;0.29;0.37
1985;8;5;217;25.6;20.1;13.8;15.5;13.6;12.3;0.3;2.4;0.17;3.6;1.9;0;672;227;111;75;96946;3.81;0;0.29;0.37
1985;8;6;218;27.6;21.5;14.2;18.1;15.6;11;0;1;0.17;3.6;1.9;0;567;166;84;58;96040;3.38;11.36;0.29;0.37
1985;8;7;219;14.6;12.7;10.3;9.8;8.3;5.5;2.4;-2.1;0.17;3.5;1.9;0;280;73;81;37;96436;3.79;23.52;0.31;0.36
1985;8;8;220;19.1;15.5;11.2;9.3;7.4;5.6;2.5;-1;0.17;3.5;1.9;0;449;149;78;63;97134;3.15;0.04;0.32;0.36
1985;8;9;221;21.9;17.1;13.5;13.2;10.8;8.6;0.3;-0.4;0.17;3.5;1.9;0;386;142;91;62;97132;2.72;0;0.31;0.36
1985;8;10;222;26.7;19.3;10.7;17.4;14.7;10.2;0.8;1;0.17;3.5;1.9;0;666;219;111;77;97091;3.57;0;0.31;0.36
1985;8;11;223;22.3;18.8;16.2;15.7;14.4;12.6;-0.4;0.3;0.17;3.5;1.9;0;448;112;79;45;97725;2.03;0.04;0.31;0.36
1985;8;12;224;27;20.7;12.5;18.4;16;12.2;-0.1;0.5;0.17;3.5;1.9;0;661;224;113;77;97747;3.69;0;0.3;0.36
1985;8;13;225;28.9;22.8;15;18.7;16.9;14.3;-0.7;-0.1;0.17;3.5;1.9;0;637;213;104;73;97807;3.75;0;0.3;0.36
1985;8;14;226;29.5;23.6;16.2;20.1;16.8;14.8;-0.6;0;0.17;3.5;1.9;0;661;223;118;80;97855;3.86;0;0.3;0.36
1985;8;15;227;30.1;24.3;16.9;19.9;16.8;14.7;-0.6;0;0.17;3.5;1.9;0;655;219;117;79;97759;3.8;0;0.29;0.36
1985;8;16;228;29.3;23.7;17.2;19.6;16.4;14.7;-0.5;-0.4;0.17;3.5;1.9;0;618;204;105;73;97520;3.57;0;0.29;0.36
1985;8;17;229;26.9;21.5;16.2;17.6;15.9;14;-0.1;-1.1;0.17;3.5;1.9;0;607;192;102;71;97324;3.24;0.45;0.29;0.36
1985;8;18;230;20.6;16.8;13.3;13.4;11.9;10.5;0.7;-0.4;0.16;3.4;1.9;0;563;122;107;61;97490;2.7;13.14;0.3;0.36
1985;8;19;231;23.5;17.6;10.5;14.2;12.3;9.7;0.6;1.2;0.16;3.4;1.9;0;633;206;114;81;97374;3.31;0;0.3;0.36
1985;8;20;232;25.4;19.6;14.2;16.3;13.3;11.6;0.7;-1.2;0.16;3.4;1.9;0;520;176;105;71;97386;3.29;1;0.29;0.36
1985;8;21;233;25.3;19.4;12.3;15.7;13.5;10.6;0.5;0.7;0.16;3.4;1.9;0;553;193;107;76;97966;3.14;0;0.29;0.36
1985;8;22;234;27.4;21.1;13.6;18.2;15.9;13;-0.1;0.3;0.16;3.4;1.9;0;629;205;107;74;97744;3.24;0;0.29;0.36
1985;8;23;235;25.5;20.6;16.7;18.1;17;15.6;0.3;-0.8;0.16;3.3;1.9;0;502;149;86;54;97712;2.61;4.24;0.29;0.36
1985;8;24;236;28.6;22.1;15.1;18.8;17.3;14.9;0.4;1.5;0.16;3.3;1.9;0;606;190;96;67;97346;3.4;0.01;0.29;0.36
1985;8;25;237;29.1;23.4;17.8;18.7;16.4;15;0.9;1.9;0.16;3.3;1.9;0;614;199;108;81;96970;3.51;0.01;0.28;0.36
1985;8;26;238;22.5;17.8;13.7;17.2;14;10;-0.3;-1.1;0.16;3.3;1.9;0;314;96;65;40;96898;2.79;17.07;0.29;0.36
1985;8;27;239;18.3;15.7;13.8;9.5;8.7;7.6;0.7;-4.7;0.16;3.2;1.9;0;387;133;74;52;97633;3.12;0.36;0.3;0.36
1985;8;28;240;17.7;15.3;12.8;9.1;8.1;7.3;0.3;-4.1;0.16;3.2;1.9;0;333;88;81;49;97957;2.28;0.57;0.29;0.36
1985;8;29;241;21.1;17;12.6;11.3;9.9;7.6;0.6;-3.3;0.16;3.2;1.9;0;567;173;89;74;97846;2.97;0;0.29;0.36
1985;8;30;242;23.2;18.7;14.5;13;11.8;10.5;0.3;-2.5;0.16;3.2;1.9;0;496;152;91;66;97869;2.77;0.03;0.29;0.36
1985;8;31;243;24.5;18.8;11.7;14.6;12.5;10.8;0.2;0;0.16;3.1;1.9;0;618;195;120;82;97769;2.96;0;0.29;0.36
1985;9;1;244;26.4;19.8;12;16;14.1;11.3;0.1;0;0.16;3.1;1.9;0;611;184;113;71;97404;2.9;0.18;0.28;0.36
1985;9;2;245;22.8;19.1;15;16.2;15;13.8;-0.1;0;0.16;3.1;1.9;0;487;139;89;58;97651;2.23;1.84;0.28;0.36
1985;9;3;246;24.9;19.7;14.1;16.6;14.5;11.1;0.7;1.9;0.16;3.1;1.9;0;478;153;82;55;97361;2.5;0.59;0.28;0.36
1985;9;4;247;20.4;16.1;12.4;11.4;9.4;7.6;1.4;-0.5;0.16;3.1;1.9;0;539;142;104;66;97713;2.9;7.7;0.29;0.36
1985;9;5;248;20.5;15.8;9.4;11.5;9.5;7.4;1;1;0.16;3;1.9;0;496;139;96;66;97836;2.19;0.55;0.29;0.36
1985;9;6;249;18.1;14.5;9.8;13.4;10.6;5;0.4;-0.7;0.16;3;1.9;0;263;85;81;52;97468;1.57;1.89;0.28;0.36
1985;9;7;250;17.7;12.8;8.3;5.7;3.7;0.6;0.4;-0.8;0.16;3;1.9;0;516;168;117;77;97938;2.51;0.02;0.28;0.35
1985;9;8;251;16.1;12.4;8.6;9.2;7.1;4.8;0.1;0.2;0.16;3;1.9;0;331;87;68;44;97581;1.24;1.76;0.28;0.35
1985;9;9;252;14.1;11.2;7.7;11.1;8.8;4.7;0.8;0.3;0.15;2.9;1.9;0;188;52;78;43;97453;1.18;4.51;0.28;0.35
1985;9;10;253;16.8;11.6;4.7;7.5;5.6;2.9;0.8;0.1;0.15;2.9;1.9;0;567;164;117;84;98164;2.22;0;0.29;0.35
1985;9;11;254;20.4;13.5;5.9;10.8;8.1;5;0.9;0.6;0.15;2.9;1.9;0;588;182;121;83;98288;2.36;0;0.28;0.35
1985;9;12;255;20.6;14.8;8.7;12.7;10.1;7.3;-0.5;0;0.15;2.9;1.9;0;500;148;98;68;98120;1.91;0.04;0.28;0.35
1985;9;13;256;17.4;13.9;10.6;9.7;7.7;5.7;-0.5;0.4;0.15;2.9;1.9;0;465;132;98;63;97980;1.75;0;0.28;0.35
1985;9;14;257;19.2;14.1;9.3;10.8;9.2;7.6;-0.1;0.8;0.15;2.8;1.9;0;525;159;109;77;97848;1.88;0;0.28;0.35
1985;9;15;258;20.4;14.4;7.9;10.4;8.7;6.4;-0.3;1.1;0.15;2.8;1.9;0;581;173;121;80;97514;2.11;0.01;0.28;0.35
1985;9;16;259;18.3;15.2;12.4;11.3;9.8;9.1;-0.1;-0.7;0.15;2.8;1.9;0;376;92;75;40;97849;1.23;0;0.28;0.35
1985;9;17;260;22.6;16.2;9.4;14.1;11.4;8.3;0.9;0.8;0.15;2.7;1.9;0;526;149;100;69;98075;1.81;0;0.27;0.35
1985;9;18;261;24.2;17.8;10.8;14.9;13;10.1;-0.2;0.3;0.15;2.7;1.9;0;487;148;94;66;98400;1.91;0.02;0.27;0.35
1985;9;19;262;26.4;18.9;12.1;15.2;13.6;11.4;0.4;1.4;0.15;2.6;1.9;0;563;166;118;81;98089;2.13;0.01;0.27;0.35
1985;9;20;263;25.6;19.2;11.2;16.6;13.3;10;0.4;-0.2;0.15;2.6;1.9;0;534;160;114;77;97767;2;0;0.27;0.35
1985;9;21;264;25.5;19.3;12.4;17.2;14.3;11.6;0.6;-0.3;0.15;2.6;1.9;0;536;154;113;67;97720;1.94;0;0.27;0.35
1985;9;22;265;27.1;19.8;13.1;16;13.9;12.2;1.1;0.3;0.15;2.5;1.9;0;496;143;106;72;97629;1.84;0;0.27;0.35
1985;9;23;266;26.5;19.7;12.9;16.9;13.7;11.6;0.2;-0.3;0.15;2.5;1.9;0;490;137;99;68;97715;1.73;0.01;0.26;0.35
1985;9;24;267;24.1;18.8;13.4;16.6;14.8;12.6;-0.1;-0.6;0.15;2.4;1.9;0;498;140;103;66;97644;1.61;0.02;0.26;0.35
1985;9;25;268;22.6;17.6;13.5;16.4;14.9;13;-0.1;-0.4;0.15;2.4;1.9;0;413;116;90;55;97717;1.41;5.6;0.26;0.35
1985;9;26;269;19.4;16.3;13.4;14.3;12.2;9.2;-0.8;-0.5;0.15;2.4;1.9;0;393;103;72;45;98329;1.53;1.28;0.27;0.35
1985;9;27;270;17.3;14.3;11.2;9.9;9.2;8.5;-0.6;0.3;0.15;2.3;1.9;0;303;87;101;49;98603;1.13;0.01;0.27;0.35
1985;9;28;271;22.3;15.7;8.1;12.9;10.3;7.5;0.3;0.2;0.15;2.3;1.9;0;522;149;118;78;98072;1.64;0.01;0.27;0.35
1985;9;29;272;21.3;15.7;12;12.4;11.1;8.5;-0.5;-0.1;0.15;2.2;1.9;0;415;122;108;70;98187;1.29;0.02;0.26;0.35
1985;9;30;273;18.5;13.8;9.4;10.4;8.5;6;-0.6;0.8;0.15;2.2;1.9;0;497;138;119;79;98685;1.34;0;0.26;0.35
1985;10;1;274;20.3;14.5;9.5;10.3;9.1;7.4;-0.1;1.3;0.15;2.2;1.9;0;501;141;119;80;98611;1.38;0;0.26;0.35
1985;10;2;275;23.4;15.5;8.1;14.7;11.2;7.3;0.5;0.4;0.14;2.1;1.9;0;513;146;121;79;98287;1.4;0;0.26;0.35
1985;10;3;276;23.2;16.2;9.4;14.5;12.2;8.9;0.6;0.7;0.14;2.1;1.9;0;509;143;120;79;98032;1.34;0;0.26;0.35
1985;10;4;277;22.5;15.9;9.5;14.7;12.6;9.2;0.1;0.5;0.14;2;1.9;0;501;134;115;73;97759;1.24;0;0.26;0.35
1985;10;5;278;21.7;15.7;10;15;12.6;9.9;0.3;0;0.14;2;1.9;0;452;117;97;58;97517;1.07;0;0.26;0.35
1985;10;6;279;21.3;15.8;10.2;15.4;12.8;9.7;0.2;-0.4;0.14;2;1.9;0;452;109;95;54;97731;0.99;0;0.26;0.35
1985;10;7;280;20.5;16.3;11.9;15;13.4;11.4;0.5;-0.4;0.14;1.9;1.9;0;246;71;57;39;98075;0.7;0.18;0.26;0.35
1985;10;8;281;20.3;15.6;10.9;13.8;12.1;8;0.4;-0.6;0.14;1.9;1.9;0;372;93;81;43;97445;1.06;0.66;0.26;0.35
1985;10;9;282;15.5;13.6;11;8.6;7.3;6.3;-0.5;-0.6;0.14;1.8;1.9;0;215;58;78;40;97547;0.68;0.4;0.26;0.35
1985;10;10;283;17.6;13.5;10.3;10.1;8.7;7.7;0.4;-0.1;0.14;1.8;1.9;0;342;94;92;52;98134;1.01;2.37;0.26;0.35
1985;10;11;284;18.9;13.4;8.1;9.1;7.8;6.4;0.8;0.3;0.14;1.8;1.9;0;421;116;108;76;98700;1.02;0;0.26;0.35
1985;10;12;285;17.6;12.7;8.2;11.9;9.5;7.1;0.4;-0.7;0.14;1.7;1.9;0;216;59;57;46;98470;0.56;1.14;0.26;0.35
1985;10;13;286;14;9.9;6.2;7.9;3.1;0.3;0.3;-1.9;0.14;1.7;1.9;0;420;114;122;85;98723;1.07;0;0.26;0.35
1985;10;14;287;12.6;8;3.3;5.8;2.3;-0.5;0.7;-0.8;0.14;1.6;1.9;0;424;93;108;57;98685;0.8;1.14;0.26;0.35
1985;10;15;288;14;10.1;6.9;7.6;4.9;1.1;0.6;-2;0.14;1.6;1.9;0;203;55;93;52;98030;0.85;0.36;0.26;0.35
1985;10;16;289;10.2;7.8;4.9;1.6;0;-1.4;-1;-2.8;0.14;1.6;1.9;0;346;80;89;73;98506;0.74;0.06;0.26;0.35
1985;10;17;290;13.2;7.8;0.9;5.5;2;-0.5;0.5;0.1;0.14;1.6;1.9;0;445;117;116;79;98598;0.74;0;0.26;0.34
1985;10;18;291;13.8;8.9;2.9;6.1;4.3;1.6;0.2;0.4;0.14;1.6;1.9;0;381;104;107;70;98175;0.61;0;0.26;0.34
1985;10;19;292;11.7;8.1;4.2;7;5.1;3.6;0.2;-0.8;0.14;1.5;1.9;0;170;45;60;35;97861;0.32;0.2;0.26;0.34
1985;10;20;293;10.4;7.6;5.4;4.5;2.4;0.7;-0.7;-1.7;0.13;1.5;1.9;0;282;66;71;52;98523;0.49;0.02;0.26;0.34
1985;10;21;294;11.4;8;3.7;5.6;3.3;1.7;-0.6;-0.6;0.13;1.5;1.9;0;407;86;100;44;98835;0.58;0.23;0.26;0.34
1985;10;22;295;11.6;9.6;7.9;7;6.3;5.6;-0.3;-1.1;0.13;1.5;1.9;0;178;43;39;20;98571;0.4;0.5;0.26;0.34
1985;10;23;296;9.6;8;6.3;6.3;2.3;-0.3;-1.4;-3.8;0.13;1.5;1.9;0;225;51;50;35;98864;0.94;0.79;0.26;0.34
1985;10;24;297;9.8;5.7;1.4;0.4;-1;-2.4;-0.6;-1.3;0.13;1.5;1.9;0;447;113;130;91;99082;0.64;0.02;0.26;0.34
1985;10;25;298;10;4.8;-0.7;3.6;0.1;-3;0.1;-0.6;0.13;1.5;1.9;0;421;106;115;78;99076;0.51;0;0.25;0.34
1985;10;26;299;9.2;4.3;0.5;3.6;1.6;-0.6;0.4;0.1;0.13;1.4;1.9;0;359;93;116;72;98836;0.4;0;0.25;0.34
1985;10;27;300;8.2;2.3;-1.8;2.8;0.2;-2.2;0.5;-0.3;0.13;1.4;1.9;0;394;98;119;72;98351;0.39;0;0.25;0.34
1985;10;28;301;9.1;2.5;-3;3.9;0.2;-4;0.3;-0.1;0.13;1.4;1.9;0;400;99;121;77;98140;0.36;0;0.25;0.34
1985;10;29;302;4.5;1.4;-2.4;2.1;0.2;-2.8;-0.1;-0.3;0.13;1.4;1.9;0;211;49;62;28;98112;0.18;0.1;0.25;0.34
1985;10;30;303;4.2;2.4;1.1;1.2;0.6;-0.1;-0.1;0.5;0.13;1.4;1.9;0;175;33;25;16;97960;0.14;0.01;0.25;0.34
1985;10;31;304;5;3.6;2.1;4.2;2.6;0.9;0.3;-0.1;0.13;1.4;1.9;0;68;15;23;7;97055;0.32;6.3;0.26;0.34
1985;11;1;305;12.1;6.6;1;8.8;5.4;0.5;0.1;0.3;0.12;1.4;1.9;0;281;62;52;34;96807;0.39;1.77;0.26;0.34
1985;11;2;306;10.4;6.4;1.4;5.8;3.9;0.9;0.7;0.1;0.12;1.4;1.9;0;267;55;91;48;96233;0.55;12.99;0.27;0.34
1985;11;3;307;10.6;4.7;-1.2;4.2;2.2;-1.7;0;-0.2;0.12;1.3;1.9;0;389;92;118;63;96696;0.5;0.02;0.27;0.34
1985;11;4;308;9.2;6;3.4;4.7;3.6;2.4;-0.1;-0.2;0.12;1.3;1.9;0;224;45;66;38;97270;0.29;0;0.27;0.34
1985;11;5;309;11.4;7.1;2.2;7.5;4.5;1.6;0.7;2.5;0.12;1.3;1.9;0;305;59;79;42;96430;0.4;0.19;0.27;0.34
1985;11;6;310;11.3;8;3.2;8.2;2.2;-4.3;0.5;-0.8;0.12;1.3;1.9;0;315;58;118;58;95835;0.96;13.35;0.29;0.34
1985;11;7;311;9.2;3.7;-0.1;1.7;-0.6;-3.1;0.9;1.3;0.12;1.3;1.9;0;369;85;113;78;96829;0.49;0;0.29;0.34
1985;11;8;312;11.7;5.2;-0.4;2.8;1.2;-1.5;0.7;0.9;0.12;1.3;1.9;0;282;70;94;59;97312;0.44;0;0.28;0.34
1985;11;9;313;14.2;8.1;2.9;7.1;4.9;1.9;1;1.5;0.12;1.3;1.9;0;337;77;94;59;97227;0.45;0;0.28;0.34
1985;11;10;314;14.7;10.3;5.2;10.7;8.2;4.3;0.9;0.9;0.12;1.2;1.9;0;276;53;60;33;96546;0.3;2.5;0.28;0.34
1985;11;11;315;10.5;4.4;1.6;9.6;3.1;1.2;-0.4;0.5;0.12;1.2;1.9;0.01;72;16;27;17;96944;1.12;14.87;0.3;0.34
1985;11;12;316;2.4;1.3;0.7;1.1;0.5;-0.5;-0.8;-0.1;0.13;1.2;1.9;1.34;101;20;26;14;97141;0.63;9.5;0.3;0.34
1985;11;13;317;2.6;1.4;0.6;1.4;0.7;0.2;-0.7;-0.9;0.19;1.2;1.9;5.11;51;11;26;9;97001;0.31;9;0.31;0.34
1985;11;14;318;5.3;0.5;-6.8;0.6;-3.6;-10.6;1.7;-0.7;0.27;1.2;1.9;10.22;282;56;105;56;97800;0.64;7.04;0.31;0.34
1985;11;15;319;3.9;-2.4;-9.2;-3.7;-7.4;-12.3;0.8;-0.5;0.26;1.2;1.9;9.71;295;65;110;63;98827;0.39;0;0.31;0.34
1985;11;16;320;1.1;-1.4;-4.5;-2.5;-4.6;-8.1;-0.1;-0.6;0.25;1.2;1.9;9.1;158;29;52;28;98841;0.15;1.15;0.31;0.34
1985;11;17;321;0.4;-1.3;-4.3;-2.4;-4.3;-6.7;-1.1;-1.3;0.26;1.2;1.9;10.07;114;24;52;26;98978;0.24;0.49;0.31;0.34
1985;11;18;322;-2.5;-3.3;-4.4;-4.4;-6.6;-7.7;-1.5;-2.4;0.29;1.2;1.9;12.2;102;22;32;22;98634;0.31;8.67;0.31;0.34
1985;11;19;323;-0.1;-1.2;-2.7;-1.3;-2.2;-4;-1.2;-1.7;0.35;1.2;1.9;25;70;15;17;11;97828;0.09;8.97;0.31;0.34
1985;11;20;324;0.6;-0.2;-1;-0.5;-0.9;-1.5;-1.2;-2;0.35;1.2;1.9;32.42;51;10;18;9;97277;0.04;13.39;0.31;0.34
1985;11;21;325;1.9;0.3;-0.8;-0.2;-0.7;-1.2;-0.3;-1;0.35;1.2;1.9;43.99;167;36;65;22;96928;0.14;10.85;0.32;0.34
1985;11;22;326;1.7;0.2;-1;-0.1;-0.6;-1.7;-0.3;-0.2;0.35;1.2;1.9;49.28;182;39;65;28;97510;0.09;1.34;0.32;0.34
1985;11;23;327;2.5;1.1;-0.3;1.1;0.2;-1.1;0.3;-1.2;0.34;1.2;1.9;48.64;96;17;22;9;97701;-0.04;9.25;0.32;0.34
1985;11;24;328;2.4;1.3;0.4;1.1;0.5;-0.4;0.2;-1;0.34;1.2;1.9;47.79;82;12;18;7;97213;0;9.35;0.34;0.34
1985;11;25;329;2.5;0.7;-1.1;-0.1;-0.7;-1.4;-0.1;0.1;0.34;1.2;1.9;46.49;91;20;36;22;96700;0.05;0.7;0.34;0.34
1985;11;26;330;1;-2.2;-4.2;-1.6;-4.5;-7;-0.8;-0.3;0.34;1.2;1.9;46.33;184;39;75;50;96571;0.27;0.5;0.34;0.34
1985;11;27;331;0.1;-3.2;-8.5;-4;-6.3;-9.7;0.2;0.1;0.33;1.2;1.9;46.26;192;42;87;48;96724;0.17;0.01;0.34;0.34
1985;11;28;332;0.1;-5.2;-9.6;-3.2;-7.5;-11.2;0.9;0.1;0.33;1.2;1.9;46.15;199;41;83;45;96994;0.17;0.06;0.34;0.34
1985;11;29;333;1.3;-4.2;-9.7;-3.8;-7.6;-13;1;0.7;0.33;1.2;1.9;46.13;240;52;118;57;97699;0.28;0.11;0.34;0.34
1985;11;30;334;3.2;-2.5;-7.4;-2;-5.8;-10.3;1;0.1;0.33;1.2;1.9;45.57;210;42;78;39;97771;0.17;0.24;0.34;0.34
1985;12;1;335;3.1;0.3;-3.7;0.5;-1.3;-4.8;0.3;0.1;0.33;1.2;1.9;44.38;159;28;62;23;98434;0.08;0;0.34;0.34
1985;12;2;336;4.7;-0.1;-4.4;1.8;-1.7;-5.3;1.4;0.2;0.33;1.2;1.9;41.61;206;40;76;39;98427;0.03;0;0.34;0.34
1985;12;3;337;7;1.4;-1.5;3.5;-0.3;-2.7;1.6;0.2;0.32;1.2;1.9;37;209;45;73;47;98255;-0.14;0;0.35;0.34
1985;12;4;338;9.2;2.1;-1.2;4.6;0.1;-2.3;1.4;0.4;0.32;1.2;1.9;31.31;211;45;85;43;98171;-0.15;0;0.35;0.34
1985;12;5;339;7.7;2.4;-1.8;2.9;0.3;-2.8;2;1.2;0.31;1.2;1.9;25.82;223;49;100;63;97568;-0.11;0;0.36;0.34
1985;12;6;340;9.1;4.3;0.9;5.1;2.5;0.1;2.1;0.8;0.27;1.2;1.9;18.74;209;44;86;57;97356;-0.07;0;0.37;0.34
1985;12;7;341;9.1;2.7;-1.5;6.1;1.5;-2.2;1.3;0.5;0.24;1.2;1.9;14.07;155;35;72;40;97522;-0.07;0;0.37;0.34
1985;12;8;342;9;4.4;1.1;6.6;3.4;0.8;1.2;0.4;0.21;1.2;1.9;10.9;170;36;66;33;97448;0.04;0;0.37;0.34
1985;12;9;343;9.7;4.2;0.4;6.8;3.1;0.1;1;0.5;0.18;1.2;1.9;8.51;163;34;68;34;97421;0.08;0;0.37;0.34
1985;12;10;344;6.8;2.9;0.1;3.5;1.6;-0.4;0.4;-0.6;0.17;1.2;1.9;6.78;164;34;53;25;97423;0.15;1.91;0.38;0.34
1985;12;11;345;2.6;1.8;0.9;1.6;1;-0.1;0.9;-0.6;0.16;1.2;1.9;6.04;49;11;26;19;97932;0.11;8.91;0.38;0.34
1985;12;12;346;3.1;1.6;0.6;1;0.1;-0.6;0.4;-1.7;0.16;1.2;1.9;6.41;70;14;28;19;98352;0.46;9.77;0.39;0.34
1985;12;13;347;4.8;2.7;1.2;2.9;1.5;-0.3;0.2;-0.3;0.18;1.2;1.9;7.37;65;13;30;14;98764;0.13;3.22;0.4;0.34
1985;12;14;348;4.7;1.9;0.1;2.4;1;-0.4;0.6;0.6;0.17;1.2;1.9;6.49;143;25;50;27;98451;0.14;0.35;0.39;0.34
1985;12;15;349;9;3.2;-0.9;4.1;0.9;-2;1.5;0.2;0.16;1.2;1.9;5.43;231;44;76;39;98188;0.22;0;0.39;0.34
1985;12;16;350;11.2;5.8;1.9;3.9;2.1;0.9;1.6;0.3;0.15;1.2;1.9;4.06;215;42;78;35;97864;0.24;0;0.39;0.34
1985;12;17;351;10.2;4.3;0.6;4.2;1.4;-0.8;1.5;0.1;0.13;1.2;1.9;2.85;242;49;96;62;97287;0.22;0;0.39;0.34
1985;12;18;352;6.7;2.8;0;2.5;0.7;-1.4;0.2;0.4;0.13;1.2;1.9;2.25;224;40;63;37;97600;0.17;0.16;0.39;0.34
1985;12;19;353;8.7;2.5;-0.7;3.5;0.2;-1.5;1.1;0.2;0.12;1.2;1.9;1.9;248;45;116;51;97488;0.23;0.19;0.39;0.35
1985;12;20;354;6.3;2.1;-0.4;-0.8;-2.2;-4.6;1.6;0.2;0.12;1.1;1.9;1.66;238;50;91;59;97720;0.3;1.29;0.39;0.35
1985;12;21;355;6.4;1.8;-1.3;3.4;0.2;-2.7;1.2;0.4;0.12;1.1;1.9;1.55;157;30;81;43;98086;0.18;0.44;0.39;0.35
1985;12;22;356;7.1;1.3;-2.8;1.6;-1.7;-5;0.4;0.3;0.11;1.1;1.9;1.34;276;59;116;76;98119;0.2;0;0.39;0.35
1985;12;23;357;2.6;0;-2.1;0;-1.5;-3.3;-0.2;0;0.11;1.1;1.9;1.18;218;45;75;59;97709;0.05;0.01;0.39;0.35
1985;12;24;358;2.1;-0.8;-2.8;-0.5;-2;-3.8;0.1;0.4;0.11;1.1;1.9;1.15;200;42;76;53;97476;0.03;0.11;0.39;0.35
1985;12;25;359;5.7;0.2;-3.7;0.9;-2;-5.1;1.3;1.4;0.11;1.1;1.9;1.09;276;58;109;72;96879;0;0;0.39;0.35
1985;12;26;360;3;0.6;-2.1;2.1;-0.4;-3;1.3;0.3;0.11;1.1;1.9;1.07;101;17;68;28;96346;0.01;5.52;0.39;0.35
1985;12;27;361;5;-0.6;-3.2;3.5;-1.4;-4.3;1.2;0.4;0.11;1.1;1.9;1.02;148;29;94;54;96608;0;2.06;0.39;0.35
1985;12;28;362;7.1;3;-3.2;5;1.4;-4.2;1;2.1;0.11;1.1;1.9;0.86;184;37;60;39;96400;0.12;0.02;0.39;0.35
1985;12;29;363;12.3;7.8;1;7.7;5.3;0.5;0.6;1.6;0.11;1.1;1.9;0.5;160;31;59;29;95755;0.44;12.09;0.39;0.35
1985;12;30;364;0.7;-0.7;-2.4;0.3;-5.2;-7.4;-1.1;-0.2;0.16;1.1;1.9;4.19;112;20;44;23;97201;0.45;2.69;0.4;0.35
1985;12;31;365;-2.2;-3.1;-5;-5;-6.1;-7.5;-1;-0.9;0.2;1.1;1.9;6.63;71;13;32;19;96724;0.13;3.5;0.39;0.35
1986;1;1;1;-2.6;-5.3;-8.2;-5.7;-7.5;-8.9;-0.1;-0.2;0.23;1.1;1.9;8.32;172;34;63;38;96346;0.12;0.37;0.39;0.35
1986;1;2;2;-1.4;-6.1;-13.7;-3.2;-7.5;-14.9;0.5;0.7;0.23;1.1;1.9;8.73;103;23;54;19;96077;0.08;2.83;0.39;0.35
1986;1;3;3;4.4;-0.9;-3;-0.8;-3;-4;1;0.8;0.3;1.1;1.9;12.33;221;46;107;50;96259;0.11;3.23;0.39;0.35
1986;1;4;4;3.7;-0.9;-6.5;-1.7;-4.4;-7.7;1;-0.7;0.29;1;1.9;12.33;220;42;89;40;96534;0.3;1.91;0.39;0.35
1986;1;5;5;0.5;-4.6;-9;-4.2;-7.1;-10.9;0.9;1.4;0.29;1;1.9;12.05;238;51;112;68;96969;0.18;0.05;0.39;0.36
1986;1;6;6;-1;-5.9;-9.7;-5;-8.8;-12.2;0.5;-0.4;0.28;1;1.9;11.68;183;39;77;38;96359;0.24;0.15;0.39;0.36
1986;1;7;7;2.8;-3.9;-10.5;-1.9;-6.6;-12.2;1;-0.2;0.28;1;1.9;11.51;224;44;105;49;96828;0.13;0.28;0.39;0.36
1986;1;8;8;-0.9;-6.3;-12.9;-4.1;-8.5;-14.8;0.2;-0.4;0.27;1;1.9;10.95;231;48;89;46;97118;0.16;0.14;0.39;0.36
1986;1;9;9;-0.4;-2.9;-5.1;-2.9;-4.2;-5.7;-0.4;-0.7;0.27;1;1.9;11.24;143;29;55;25;97626;0.12;0.63;0.39;0.36
1986;1;10;10;-2.5;-6.6;-11.6;-5.4;-8.1;-13;0.2;0.9;0.28;1;1.9;11.45;199;41;85;46;98559;0.14;0.21;0.39;0.36
1986;1;11;11;1.4;-3.7;-12.4;-2;-6;-13.9;0.8;0.6;0.29;1;1.9;12.17;107;21;68;15;97458;0.16;7.33;0.38;0.36
1986;1;12;12;2.7;-3.6;-12.3;-1.8;-5.5;-14;1.1;0.4;0.34;1;1.9;18.31;149;31;100;44;97043;0.05;0.82;0.38;0.36
1986;1;13;13;1.9;-4.1;-12.3;-2.6;-7.1;-14.1;1.7;0.6;0.34;1;1.9;17.68;177;35;75;34;97140;0.27;0.47;0.38;0.36
1986;1;14;14;4.9;-0.1;-3.3;-0.3;-2.8;-5.2;1.9;0.9;0.34;1;1.9;16.63;230;45;103;59;96337;0.05;0.63;0.38;0.36
1986;1;15;15;6.5;-0.2;-6.1;0.1;-3.3;-7.2;1.7;1;0.32;1;1.9;14.81;243;53;110;66;95721;0.12;0.93;0.39;0.36
1986;1;16;16;3.9;-1.7;-5.3;-4;-6.5;-8.1;1.2;-0.3;0.29;1;1.9;12.71;231;52;105;56;96502;0.24;0.01;0.39;0.36
1986;1;17;17;1.6;-2.2;-5.7;-6.7;-8.6;-10.8;2.3;-1.2;0.27;1;1.9;11.78;242;50;101;65;97096;0.43;0.35;0.39;0.36
1986;1;18;18;0.4;-2.5;-6.6;-3.8;-8.8;-12.8;1.3;1.3;0.26;1;1.9;11.25;259;54;106;63;97942;0.38;0.75;0.39;0.36
1986;1;19;19;6.9;1.8;-1.8;-0.2;-1.9;-4.4;2.2;1.3;0.26;0.9;1.9;10.94;262;55;96;57;97155;0.31;0.84;0.39;0.36
1986;1;20;20;8.6;2.6;-2.8;0.5;-2.8;-7.2;1.9;0.2;0.23;0.9;1.9;9.02;279;63;117;67;97301;0.3;0.21;0.39;0.36
1986;1;21;21;6.7;0.4;-4;-0.6;-3.9;-8.1;1;1.4;0.2;0.9;1.9;7.38;296;67;116;73;97874;0.05;0;0.39;0.36
1986;1;22;22;6.8;1;-2.7;1.4;-1.3;-3.8;1.4;0.3;0.18;0.9;1.9;5.99;283;61;92;53;97230;0.06;0.01;0.39;0.36
1986;1;23;23;8.1;3.2;-2.5;1.5;-0.6;-3.3;2;2.5;0.16;0.9;1.9;4.66;304;61;93;54;96025;0.26;1.33;0.39;0.36
1986;1;24;24;4.5;2.2;-0.5;2.9;0.9;-2.5;1.2;0.2;0.15;0.9;1.9;3.58;52;9;48;21;95045;0;10.27;0.4;0.36
1986;1;25;25;4;0.4;-2;-2.7;-6.9;-8.8;2.1;-0.6;0.15;0.9;1.9;3.41;314;64;113;71;96402;0.48;0.01;0.4;0.36
1986;1;26;26;2.6;-1.6;-4;-6.2;-9;-10.5;1.5;-0.3;0.14;0.9;1.9;3.19;279;62;103;73;97402;0.13;0.04;0.4;0.36
1986;1;27;27;1.6;-2.7;-5.2;-6.8;-9.4;-11.1;0.5;0.3;0.14;0.9;1.9;3;349;78;130;84;97549;0.07;0;0.39;0.36
1986;1;28;28;1.4;-3.2;-6.4;-6.7;-8.5;-10.8;0.2;1.1;0.14;0.9;1.9;2.82;346;81;117;85;97724;0.05;0;0.39;0.37
1986;1;29;29;0.3;-2.7;-5.9;-3;-5.3;-7.7;-0.1;0.7;0.14;0.9;1.9;2.73;188;45;70;41;97507;0.05;0.09;0.39;0.37
1986;1;30;30;1.1;-0.6;-2.2;-1.2;-2.4;-3.9;-0.4;-0.7;0.14;0.9;1.9;3.15;123;28;28;15;96957;0.02;2.15;0.39;0.37
1986;1;31;31;1.1;0.1;-1;0.4;-1.1;-2.3;-1.2;-1.1;0.22;0.9;1.9;7.84;84;16;24;11;96756;0.06;10.9;0.39;0.37
1986;2;1;32;2.9;1.9;0.8;2;1.2;0.5;-1.6;-0.7;0.29;0.9;1.9;12.47;45;8;14;8;96097;-0.05;13.61;0.4;0.37
1986;2;2;33;2.9;1.2;0.3;1.5;0.7;-0.2;-1.1;-0.9;0.28;0.9;1.9;12.09;90;19;21;8;96527;0.02;2.79;0.4;0.37
1986;2;3;34;0;-1.3;-2.6;-0.6;-3.8;-5.1;-1.9;-0.2;0.29;0.9;1.9;13.24;104;23;29;19;97320;0.31;2.78;0.4;0.37
1986;2;4;35;-1.9;-3.9;-6.3;-4.8;-8.1;-10.6;-1.6;-0.2;0.3;0.9;1.9;14.7;168;39;45;32;97576;0.29;0.47;0.4;0.37
1986;2;5;36;-3.9;-5.7;-7.3;-9.6;-10.8;-12.2;-1;0.1;0.3;0.9;1.9;14.66;234;50;61;34;97157;0.26;0.23;0.4;0.37
1986;2;6;37;-3;-5.4;-9;-8.3;-9.8;-11.9;-0.2;-0.6;0.3;0.8;1.9;14.61;217;50;66;34;97033;0.24;0.21;0.4;0.37
1986;2;7;38;-2.9;-6.3;-9.7;-8.4;-10.4;-13.5;-0.7;-1;0.3;0.8;1.9;15.03;201;43;49;32;97044;0.31;1.5;0.4;0.37
1986;2;8;39;-8;-9.7;-11.8;-12.5;-14.7;-17.6;-0.9;-0.9;0.32;0.8;1.9;16.66;169;37;50;30;96755;0.24;2.94;0.39;0.37
1986;2;9;40;-7.2;-8.5;-10.5;-10.2;-11.6;-13.4;0.6;-2;0.35;0.8;1.9;27.16;58;14;18;12;96398;0.24;20.92;0.39;0.37
1986;2;10;41;-4.7;-5.9;-7.5;-7;-8.3;-10;0.8;-1.7;0.36;0.8;1.9;52.18;57;13;12;6;96856;0.14;23.05;0.39;0.37
1986;2;11;42;-2.8;-4.9;-6.3;-6.4;-7.6;-8.3;0.3;-1.3;0.36;0.8;1.9;65.34;134;30;52;18;97807;0.23;4.73;0.39;0.37
1986;2;12;43;-3;-5.1;-6.6;-8.1;-8.8;-9.6;-0.7;-1.2;0.36;0.8;1.9;66.68;157;44;70;29;98126;0.24;0.5;0.39;0.37
1986;2;13;44;-2.1;-5.6;-8.8;-7.4;-8.8;-10.6;-0.5;-0.1;0.36;0.8;1.9;66.8;310;72;113;58;97903;0.21;0.04;0.39;0.38
1986;2;14;45;-2.1;-6.6;-11.6;-6.4;-9;-12.9;-0.2;0.1;0.36;0.8;1.9;66.65;283;68;90;45;97637;0.11;0.04;0.39;0.38
1986;2;15;46;-3.3;-5.2;-7.9;-5.2;-6.8;-8.7;-1;-0.2;0.35;0.8;1.9;66.79;153;38;29;14;97455;0.14;0.67;0.38;0.38
1986;2;16;47;-0.6;-2.2;-4.3;-2.3;-3.8;-5.9;-0.5;-1.9;0.35;0.8;1.9;70.96;110;24;20;12;96740;0.13;9.28;0.38;0.38
1986;2;17;48;2;-1;-2.9;-2.4;-3.4;-4.1;-0.2;1.1;0.35;0.8;1.9;76.72;233;59;80;44;96056;0.23;0.72;0.38;0.38
1986;2;18;49;4.9;0.4;-3.9;-0.4;-2;-4.5;0.1;0.4;0.35;0.8;1.9;74.82;342;89;119;65;95691;0.07;0.1;0.38;0.38
1986;2;19;50;3.7;-0.2;-4.3;0.3;-1.6;-4.6;-0.5;-0.6;0.34;0.8;1.9;71.7;278;66;66;32;95960;0.03;0.61;0.38;0.38
1986;2;20;51;0.8;-0.6;-3.6;-0.7;-3.6;-5.9;0;-0.9;0.34;0.8;1.9;72.7;144;33;57;24;96447;0.44;3.1;0.38;0.38
1986;2;21;52;-1.1;-3.8;-5.7;-4.9;-6;-7.2;-1.4;0.9;0.34;0.9;1.9;74.25;223;53;62;36;96790;0.27;1.07;0.38;0.38
1986;2;22;53;0.9;-3;-5.8;-3.4;-4.8;-6.3;-0.7;-0.5;0.34;0.9;1.9;74.36;306;73;106;47;96926;0.2;0.07;0.38;0.38
1986;2;23;54;-0.8;-3.4;-6.2;-3.4;-4.9;-6.7;-0.8;0;0.34;0.9;1.9;74.55;131;34;38;18;96731;0.2;0.95;0.38;0.38
1986;2;24;55;-3.4;-6.2;-9.1;-6.7;-9.5;-11.9;-1.1;-0.5;0.34;0.9;1.9;78.03;281;54;97;45;96866;0.31;4.11;0.38;0.38
1986;2;25;56;-4.4;-9.2;-14.2;-10.5;-13.2;-16.2;-0.7;-1.2;0.34;0.9;1.9;78.8;372;97;107;73;97583;0.19;0;0.38;0.38
1986;2;26;57;-5.9;-10.3;-14;-12;-14.6;-16.6;-0.6;-1.1;0.34;0.9;1.9;78.59;362;95;107;73;98509;0.21;0;0.38;0.38
1986;2;27;58;-5.4;-10.7;-15.7;-11.4;-14.7;-17.8;-0.2;0.5;0.34;0.9;1.9;78.43;395;105;118;77;99067;0.17;0;0.38;0.38
1986;2;28;59;-6.1;-9.3;-13.3;-9.7;-12.4;-15.4;-1;0.3;0.34;0.9;1.9;78.31;328;85;70;44;98749;0.16;0.2;0.38;0.38
1986;3;1;60;-4.7;-7.2;-9.8;-7;-9.2;-11.1;-1;0.5;0.34;0.9;1.9;79.27;191;39;28;16;98188;0.14;2.62;0.38;0.38
1986;3;2;61;0.4;-3.5;-6.5;-3;-5.5;-8;-0.6;-0.3;0.35;0.9;1.9;82.44;307;73;72;24;96892;0.27;2.27;0.38;0.38
1986;3;3;62;1.6;-1.4;-4.3;-2.3;-3.5;-5.1;-0.5;-0.1;0.34;0.9;1.9;82.9;260;70;73;33;97136;0.21;0.38;0.38;0.38
1986;3;4;63;1.9;-0.8;-3.6;-1.3;-2.3;-4.8;-0.1;0.6;0.35;1;1.9;88.24;180;47;79;36;97157;0.1;7.25;0.37;0.38
1986;3;5;64;5.4;0;-6.8;-0.8;-3.2;-8;0.5;1.2;0.34;1;1.9;88.52;322;78;79;45;97254;0.15;0;0.38;0.38
1986;3;6;65;7.5;1.8;-2.2;-0.1;-1.7;-3.7;-0.4;1.4;0.34;1;1.9;83.45;403;109;109;67;97131;0.13;0;0.38;0.38
1986;3;7;66;4.7;1.8;-0.6;1;-0.4;-2.3;0.3;-0.3;0.33;1;1.9;78.45;145;36;34;15;97454;-0.03;8.27;0.38;0.38
1986;3;8;67;3.9;1.9;0.1;1.6;0.6;-0.5;0.4;-0.8;0.33;1;1.9;73.91;142;39;22;11;97742;-0.06;6.02;0.4;0.38
1986;3;9;68;4.5;2;0.2;1.7;0.8;-0.3;0.4;-0.7;0.33;1;1.9;68.24;148;36;25;9;97626;-0.1;2.19;0.41;0.38
1986;3;10;69;6.5;3.3;0.5;2.2;1.4;0.1;0.2;-0.1;0.33;1;1.9;61.31;197;48;33;11;97771;-0.08;0.11;0.41;0.38
1986;3;11;70;3.5;1.9;0.7;2.1;0.9;0.1;-0.6;-0.5;0.32;1;1.9;54.54;158;44;31;10;97939;-0.03;0.52;0.42;0.38
1986;3;12;71;2.4;1.1;0.2;0.6;0.3;0;-0.4;-1;0.32;1;1.9;50.2;113;27;20;7;97827;0;2.92;0.42;0.38
1986;3;13;72;3.1;1.1;0;1.4;0.5;-0.3;-0.3;-0.4;0.32;1;1.9;47.22;188;39;35;10;97703;-0.07;4.78;0.42;0.38
1986;3;14;73;4;1.2;-1.1;1.5;0.1;-1.6;0.2;-0.4;0.33;1.1;1.9;44.28;185;46;42;21;98293;-0.05;4.53;0.42;0.39
1986;3;15;74;3.6;1.6;0;1.7;0.7;-0.5;-0.2;-0.8;0.32;1.1;1.9;40.08;106;29;19;7;98635;-0.09;2.03;0.42;0.39
1986;3;16;75;3.8;1.1;-2;0.6;-1;-2.9;-1.2;-0.8;0.32;1.1;1.9;35;356;93;81;40;98567;0.22;0.4;0.42;0.39
1986;3;17;76;3.9;-1.2;-6.9;-2.9;-5.2;-8.6;-0.4;-0.9;0.31;1.1;1.9;30.29;472;125;124;72;98682;0.43;0;0.42;0.39
1986;3;18;77;6.4;-0.2;-8.6;-3;-5.5;-10.8;-0.2;-0.6;0.29;1.1;1.9;25.18;490;141;132;82;98298;0.51;0;0.42;0.4
1986;3;19;78;5.1;0.9;-2.9;-1.4;-3.7;-5.5;-0.3;0.7;0.27;1.1;1.9;20.39;412;110;98;56;98297;0.38;0.03;0.42;0.4
1986;3;20;79;6.6;1.2;-3.8;-2.1;-3.9;-6.7;-0.1;0.9;0.25;1.2;1.9;16.53;418;114;98;59;98112;0.47;0.18;0.42;0.4
1986;3;21;80;5.1;1.2;-2.1;1.4;-1.4;-3.2;-0.5;0;0.23;1.2;1.9;13.68;277;80;66;42;97794;0.44;1.22;0.42;0.4
1986;3;22;81;7.5;2;-3.4;-0.1;-1.9;-4.3;-0.2;-0.8;0.21;1.2;1.9;10.82;388;115;82;55;98268;0.7;0.31;0.42;0.4
1986;3;23;82;8.8;3.2;-3.7;0;-2.5;-4.9;1.2;1.5;0.19;1.2;1.9;8.06;486;136;112;56;97289;0.71;0.08;0.42;0.4
1986;3;24;83;9.8;5.4;0.4;3.5;1;-1.3;1.2;2.4;0.17;1.2;1.9;5.67;396;91;68;35;96241;0.71;0.43;0.41;0.41
1986;3;25;84;6.4;3.6;-0.3;4.2;2.1;-1;0.6;0;0.16;1.2;1.9;3.47;208;48;43;27;95803;0.6;15.22;0.42;0.41
1986;3;26;85;9.5;3.8;-1.4;3.7;0.6;-2.3;0.3;0.1;0.16;1.3;1.9;2.67;552;150;115;56;96829;1.05;1.79;0.42;0.41
1986;3;27;86;12.1;4.9;-3.1;1.8;-1.1;-4.2;0.6;0.5;0.15;1.3;1.9;1.68;638;193;147;90;97766;1.48;0.04;0.42;0.41
1986;3;28;87;16.3;7.8;0.2;4.2;1.3;-2.3;0.6;1.7;0.14;1.3;1.9;0.91;620;188;132;86;97682;1.46;0;0.41;0.41
1986;3;29;88;15.3;7.6;-0.2;6.2;2.7;-1.4;0.4;0;0.14;1.3;1.9;0.45;516;140;105;57;97240;1.2;0.54;0.41;0.41
1986;3;30;89;10.5;5.6;1.3;6;2.1;-1;1;0.2;0.14;1.3;1.9;0.21;378;110;99;62;97059;1.41;5.36;0.41;0.41
1986;3;31;90;15.6;7.2;-1.4;3.7;1.2;-2.9;1.4;1.4;0.14;1.4;1.9;0.13;641;189;132;87;96777;1.54;0;0.41;0.41
1986;4;1;91;10.8;6.8;1.4;4.8;2.9;-0.2;0.3;1.1;0.14;1.4;1.9;0.06;226;87;71;50;97305;0.64;0.42;0.4;0.41
1986;4;2;92;13.3;8.5;4.3;6.8;4.5;3.3;0.2;0.4;0.14;1.4;1.9;0;518;123;95;48;97485;1.16;0.74;0.4;0.41
1986;4;3;93;17.2;10.6;2.5;6.5;4.8;1.5;1.4;2.4;0.14;1.4;1.9;0;478;156;96;71;96723;1.47;0;0.4;0.41
1986;4;4;94;16.5;10.5;5.4;9.4;6.7;4.3;-0.5;-0.3;0.14;1.4;1.9;0;585;135;100;56;96845;1.47;3.84;0.39;0.41
1986;4;5;95;14.6;9.2;3.5;7.5;5.4;3.1;-0.3;-0.2;0.14;1.4;1.9;0;482;129;86;49;97247;1.29;0;0.39;0.41
1986;4;6;96;16.2;11.3;6.5;9.5;6.9;4.7;-0.7;-0.1;0.14;1.5;1.9;0;496;139;94;55;97514;1.25;0;0.39;0.41
1986;4;7;97;19.9;13;4.9;9.8;7.9;4.8;0.2;1;0.14;1.5;1.9;0;505;155;98;66;97414;1.61;0;0.39;0.41
1986;4;8;98;22;14.9;5.2;9.1;7.3;4.6;-0.2;0.7;0.14;1.5;1.9;0;623;194;127;81;97069;2.19;0;0.38;0.41
1986;4;9;99;20.5;12.8;6.7;10.4;6.6;1.8;0.3;2;0.15;1.5;1.9;0;658;180;130;80;96269;2.05;2.11;0.38;0.41
1986;4;10;100;13.4;8.6;4.8;4.4;2.5;1.6;1.8;1.5;0.15;1.5;1.9;0;643;192;122;81;95735;1.91;0.8;0.38;0.41
1986;4;11;101;8.5;5.2;1.5;2.9;-2;-5.1;-1;-1.3;0.15;1.6;1.9;0.01;388;108;65;47;96738;1.33;0.48;0.37;0.41
1986;4;12;102;2.5;0.6;-1;-2.1;-3.9;-5.2;-1.6;-1.2;0.18;1.6;1.9;2.57;302;76;46;28;96691;0.63;3.77;0.37;0.41
1986;4;13;103;2.3;0.5;-0.8;-3.9;-5.5;-6.5;-1.1;-2.4;0.22;1.6;1.9;5.44;239;75;45;35;96411;0.87;3.32;0.37;0.41
1986;4;14;104;8.6;2.9;-2.3;-5.1;-6.8;-8.2;0.7;0.1;0.22;1.6;1.9;5.77;510;172;133;84;96643;1.56;0.03;0.37;0.41
1986;4;15;105;12.7;5.6;-2.7;2.4;-1;-5.4;0.9;2;0.2;1.6;1.9;3.56;637;187;124;84;96788;1.51;0;0.37;0.41
1986;4;16;106;10.2;6.9;3.4;7.6;4.9;1.4;-0.2;2.1;0.17;1.7;1.9;1.52;209;66;79;44;96744;0.9;5.16;0.37;0.41
1986;4;17;107;15.8;9.8;3.1;5.8;4.3;2.1;1.9;2.6;0.16;1.7;1.9;0.49;587;198;110;86;96591;2.03;0.1;0.37;0.41
1986;4;18;108;14.5;10.2;6.3;9.4;7.2;5;0.7;2.7;0.15;1.7;1.9;0.08;427;123;78;55;96205;1.73;2.72;0.37;0.41
1986;4;19;109;12;7.9;4.5;5.8;1.4;-2.3;1.2;-1.1;0.15;1.8;1.9;0;588;154;108;65;96060;1.96;2.79;0.37;0.41
1986;4;20;110;11.7;7.1;1.7;0.7;-1;-2.1;1.7;-0.2;0.15;1.8;1.9;0;606;198;120;94;96711;2.01;0.17;0.36;0.41
1986;4;21;111;17;9.6;1.7;5;2.4;-0.6;1.6;2;0.15;1.8;1.9;0;673;203;125;78;97002;2.32;0.04;0.36;0.41
1986;4;22;112;17.3;12.5;7.7;6.8;5.3;4.6;2.7;3.6;0.16;1.8;1.9;0;620;203;106;87;97009;2.44;0;0.36;0.41
1986;4;23;113;18.7;13.9;9.5;9;7.4;4.9;2.2;3;0.16;1.9;1.9;0;577;178;111;79;97297;2.24;0;0.35;0.41
1986;4;24;114;21.3;15.5;10.6;9.2;8.1;7.1;2.1;2.4;0.16;1.9;1.9;0;535;182;111;85;97482;2.48;0;0.35;0.4
1986;4;25;115;23.1;15.4;7.2;8.8;7;4.8;1.9;1.5;0.16;1.9;1.9;0;679;220;134;91;97376;2.98;0;0.35;0.4
1986;4;26;116;22.6;15.6;7.3;8.9;6.7;3.7;1.4;2.1;0.16;2;1.9;0;613;208;133;89;96945;2.89;0;0.34;0.4
1986;4;27;117;21.3;15.9;9.7;11.9;7.8;3.9;0.4;1.4;0.16;2;1.9;0;618;206;123;83;96641;2.72;0.05;0.34;0.4
1986;4;28;118;22.2;15.1;9.2;14.4;11;7.8;-0.3;-0.9;0.16;2;1.9;0;651;179;109;61;96490;2.3;14.55;0.34;0.4
1986;4;29;119;19;14.5;10.5;14.5;12.1;9.5;-0.4;-1.9;0.16;2.1;1.9;0;416;115;72;44;96550;2.16;23.11;0.36;0.4
1986;4;30;120;21.8;16.2;10.4;11.7;10;8.2;0.1;-2.5;0.16;2.1;1.9;0;517;185;105;71;97109;3.12;1.64;0.36;0.4
1986;5;1;121;20.8;16.3;13.1;11.6;9.7;6.8;-0.3;-3.2;0.16;2.1;1.9;0;647;197;108;74;97580;3.17;2.57;0.36;0.4
1986;5;2;122;20.4;16.2;11.2;11.3;8.6;6.6;-0.8;-0.4;0.16;2.1;1.9;0;669;226;119;84;97511;3.16;0.01;0.36;0.4
1986;5;3;123;21.6;16.5;11.4;13.4;11;8.2;-0.3;1.2;0.16;2.2;1.9;0;605;201;104;75;97211;2.76;2.53;0.36;0.4
1986;5;4;124;22.6;16.4;9.1;12.3;10.4;8.5;-0.3;1.2;0.16;2.2;1.9;0;677;227;123;85;97052;3.25;0;0.36;0.4
1986;5;5;125;21.7;16.9;10.9;13.1;11.4;9.5;-1;0.7;0.17;2.2;1.9;0;633;210;105;75;97130;2.87;0.47;0.35;0.4
1986;5;6;126;21.3;16.6;11.5;12.5;10.4;8.9;-1.1;0.7;0.17;2.3;1.9;0;625;215;112;79;97187;3.01;0.6;0.35;0.4
1986;5;7;127;21.1;16;11.8;12.5;10.8;8.6;-0.6;1.3;0.17;2.3;1.9;0;591;196;107;75;97426;2.88;1.71;0.35;0.4
1986;5;8;128;19.6;13.8;10;12.2;9.9;5.9;0.9;0.1;0.17;2.3;1.9;0;525;161;85;53;97504;3.07;7.98;0.34;0.4
1986;5;9;129;17.4;13.3;8.9;7.9;4.7;2;0.9;-1.3;0.17;2.4;1.9;0;610;192;115;76;97877;2.96;0.17;0.35;0.4
1986;5;10;130;18.6;13.9;7.8;9.4;5.7;4;0.5;-1.1;0.17;2.4;1.9;0;553;197;109;74;98048;2.84;0.21;0.34;0.4
1986;5;11;131;20.9;15.5;11;13.3;9.8;7.6;0.7;0.3;0.17;2.4;1.9;0;628;168;103;55;97788;2.51;0.08;0.34;0.4
1986;5;12;132;20.9;16;10.1;12.6;10.7;9.3;0.2;0;0.17;2.5;1.9;0;525;155;87;58;97592;2.35;0.17;0.34;0.4
1986;5;13;133;23.2;18.1;11.6;14.5;13.1;10.5;-0.3;1.3;0.17;2.5;1.9;0;610;214;102;73;97520;3.03;0.13;0.34;0.4
1986;5;14;134;25.5;19.1;12.1;14.6;13;11.1;0.2;1.8;0.17;2.5;1.9;0;702;232;118;84;97237;3.54;0.01;0.33;0.4
1986;5;15;135;25.1;18.1;11.7;15;12.9;11;0.8;1.3;0.17;2.5;1.9;0;673;216;111;80;97201;3.24;1.23;0.33;0.4
1986;5;16;136;18.5;16.1;12.6;14.2;11.9;11.1;-0.4;-0.1;0.17;2.6;1.9;0;400;120;68;43;97601;2.17;2.81;0.33;0.4
1986;5;17;137;18.7;15.5;11.3;13.8;11.5;9.3;-0.3;-1.1;0.17;2.6;1.9;0;350;101;95;47;97898;1.84;2.84;0.33;0.39
1986;5;18;138;22.9;16.8;8.5;13.9;11.7;7.9;0.3;1;0.17;2.6;1.9;0;666;219;112;76;98225;3.12;0;0.33;0.39
1986;5;19;139;25.6;19.4;11.3;18;14.6;10.7;-0.2;-0.2;0.17;2.6;1.9;0;631;196;101;62;97991;2.83;0.22;0.32;0.39
1986;5;20;140;22.7;19.2;16.5;17.9;16;14.1;-0.4;-0.1;0.17;2.7;1.9;0;426;134;62;37;97718;2.29;4.84;0.32;0.39
1986;5;21;141;24.7;20.4;16.4;17.6;16.6;15.6;-0.5;1.5;0.17;2.7;1.9;0;490;145;72;40;97370;2.72;0.81;0.32;0.39
1986;5;22;142;24.5;20.3;15.7;16.4;13.2;11.3;0.2;-1.6;0.17;2.7;1.9;0;513;187;98;64;97763;3.33;0.02;0.32;0.39
1986;5;23;143;23.9;19.4;12.7;15.2;13;11.1;-0.7;0;0.17;2.7;1.9;0;654;198;107;71;98000;3.12;0;0.32;0.39
1986;5;24;144;24.6;19.7;15.3;16.7;14.7;9.6;0.6;-1;0.17;2.7;1.9;0;567;166;89;56;97643;2.99;2;0.31;0.39
1986;5;25;145;20.9;16.8;12.5;8.9;7.3;6.1;-0.6;-1.6;0.17;2.8;1.9;0;730;260;138;105;98449;3.95;0;0.31;0.39
1986;5;26;146;22.5;17.1;10.6;11;8.8;6.8;-0.2;1;0.17;2.8;1.9;0;724;262;136;101;98344;3.7;0;0.31;0.39
1986;5;27;147;25.7;19.2;11.5;13.4;11.9;9.4;-0.3;1.6;0.17;2.8;1.9;0;720;260;128;97;97743;3.78;0;0.3;0.39
1986;5;28;148;25.6;19.3;12.2;17.1;13.8;10.4;0.4;0.2;0.17;2.8;1.9;0;549;209;104;74;97204;3.12;6.15;0.3;0.39
1986;5;29;149;20.6;16.5;12.7;15.8;14.4;10.9;-0.5;-0.3;0.17;2.9;1.9;0;359;106;62;34;97014;2.29;15.34;0.31;0.39
1986;5;30;150;13.9;11.6;9.4;9.3;7.4;5.4;0.9;-1.1;0.17;2.9;1.9;0;219;62;37;23;97108;2.07;10.45;0.32;0.39
1986;5;31;151;16.1;12.3;9.2;5.2;4.3;3.6;-0.5;-1.2;0.17;2.9;1.9;0;543;175;93;62;97448;2.91;0.05;0.32;0.39
1986;6;1;152;13.6;10.6;7.1;7.4;5.1;2.3;0.2;-0.6;0.17;2.9;1.9;0;291;104;79;58;97398;1.84;1.28;0.32;0.39
1986;6;2;153;17.1;11.8;5.1;11;7.2;3.7;0.3;0.5;0.17;2.9;1.9;0;569;182;110;72;97398;2.55;6.48;0.32;0.39
1986;6;3;154;16.7;11.9;6.2;10.6;8.8;6;0.3;0;0.17;3;1.9;0;453;161;90;64;97272;2.39;1.2;0.32;0.39
1986;6;4;155;18.2;12.1;5.6;12.1;8.6;5.4;0.7;0.8;0.17;3;1.9;0;554;157;94;51;96560;2.64;17.33;0.32;0.39
1986;6;5;156;15;10.7;7.8;7.5;5.5;3.3;0.7;-1.1;0.17;3;1.9;0;589;157;104;51;96150;3.2;13.58;0.35;0.39
1986;6;6;157;13.6;10.2;7.3;6.9;5.4;4;0.2;0.4;0.17;3;1.9;0;445;141;83;53;96479;2.46;8.67;0.35;0.39
1986;6;7;158;16.7;11.8;5.2;8.2;6.1;4;-0.1;1.5;0.17;3;1.9;0;623;219;115;82;96904;3.16;0.16;0.35;0.39
1986;6;8;159;17.9;13.6;7.2;10;7.4;6.1;0;-0.3;0.17;3.1;1.9;0;509;179;101;70;97617;2.71;0.03;0.35;0.39
1986;6;9;160;19.7;14.7;7.6;8.7;7.2;6;-0.5;-2;0.17;3.1;1.9;0;573;216;103;79;97998;3.64;0.01;0.34;0.38
1986;6;10;161;21.1;16.4;9.7;12.9;9.3;6.5;-0.3;-1.4;0.17;3.1;1.9;0;648;208;108;72;97677;3.44;0;0.34;0.38
1986;6;11;162;24;18.7;11.4;15;11.8;9;0.4;-0.7;0.17;3.1;1.9;0;636;229;104;71;97037;3.83;0;0.34;0.38
1986;6;12;163;19.2;16.2;11.1;11.4;9.3;6;1.4;-3.1;0.17;3.2;1.9;0;529;185;80;54;96946;3.95;4.96;0.33;0.38
1986;6;13;164;17.5;14.3;11;14.4;11.4;7.8;1.5;-2.2;0.17;3.2;1.9;0;321;98;40;21;97505;3.29;35.93;0.35;0.38
1986;6;14;165;23.3;18;13.3;18.8;15.4;11.4;0.2;-1.3;0.17;3.2;1.9;0;364;124;60;27;97823;2.73;59.38;0.38;0.38
1986;6;15;166;24.1;19.1;15.6;19.6;16.9;14.8;-0.3;-1;0.17;3.2;1.9;0;431;142;66;35;97882;2.6;14.88;0.4;0.38
1986;6;16;167;24.3;19.3;13.6;19.3;16.8;13.5;0.3;-0.2;0.17;3.2;1.9;0;594;195;92;56;97621;3.39;9.36;0.41;0.38
1986;6;17;168;26.2;21.2;14.3;19.4;17.5;14.2;-0.1;0.6;0.17;3.2;1.9;0;622;228;94;62;97396;4.04;0.87;0.41;0.39
1986;6;18;169;28;21.9;14.4;19.4;17;14.3;0.1;0.2;0.17;3.3;1.9;0;664;229;102;66;97388;4.16;5.24;0.41;0.39
1986;6;19;170;25.1;20.3;16.4;19.3;17.5;15.4;0.1;-0.5;0.17;3.3;1.9;0;639;192;88;54;97423;3.76;19.21;0.41;0.39
1986;6;20;171;26.2;21.1;15.4;18.4;17;15.3;-0.1;0.8;0.17;3.3;1.9;0;636;227;105;61;97360;4.19;0.04;0.41;0.39
1986;6;21;172;27;21.7;15;18.8;16.7;14.8;0.2;-0.4;0.17;3.3;1.9;0;653;226;103;69;97078;4.1;0.55;0.41;0.39
1986;6;22;173;22.5;19.7;16.6;17.9;16.3;14.9;-1.1;0;0.17;3.3;1.9;0;421;142;61;44;97232;2.59;0.87;0.4;0.39
1986;6;23;174;21.9;19.1;16.8;16.8;14.4;7.8;-1.2;-0.6;0.17;3.3;1.9;0;388;129;61;31;97140;2.85;1.06;0.4;0.39
1986;6;24;175;20.4;17.4;14.4;13.9;10;6.9;0;-0.4;0.17;3.3;1.9;0;610;185;98;58;97513;3.6;0.25;0.39;0.39
1986;6;25;176;21.3;17.6;12.8;15.6;13.7;11.9;0.1;-0.7;0.17;3.4;1.9;0;503;181;84;61;97858;3.14;1.12;0.39;0.39
1986;6;26;177;23.6;18.7;13.3;13;9.8;7.8;0.2;-1.5;0.17;3.4;1.9;0;561;215;110;78;98074;4.17;0.05;0.38;0.39
1986;6;27;178;26;19.8;12.2;13.4;11;8.6;0.8;-2.3;0.17;3.4;1.9;0;733;246;123;87;97939;4.79;0;0.38;0.39
1986;6;28;179;26.2;21.1;13.6;15.7;13.2;11.2;0.8;-0.7;0.17;3.4;1.9;0;621;231;108;78;97756;4.21;0;0.37;0.39
1986;6;29;180;24;19.3;14.6;15.9;14;11.6;1;-1;0.17;3.4;1.9;0;540;164;88;65;97245;3.18;1.82;0.37;0.39
1986;6;30;181;21.1;17.5;13.7;12;10.9;9.2;0.5;-2.3;0.17;3.4;1.9;0;499;197;103;75;97479;3.81;0.62;0.37;0.39
1986;7;1;182;23.2;19;13.4;12.8;10.9;9.3;0.4;-2.2;0.17;3.4;1.9;0;604;206;100;74;97820;4.05;0.12;0.36;0.39
1986;7;2;183;25.5;20;14.2;15.1;13.3;10.8;0.5;-1.4;0.17;3.5;1.9;0;610;226;105;78;97802;4.15;0.46;0.36;0.39
1986;7;3;184;25.2;20.7;13.5;17.4;13.5;12.2;0.2;-0.1;0.17;3.5;1.9;0;556;224;106;79;97716;3.88;0.02;0.35;0.39
1986;7;4;185;26.6;21.2;13.4;17.7;14.3;12.3;0.8;0.1;0.17;3.5;1.9;0;611;222;105;76;97771;3.91;0;0.35;0.39
1986;7;5;186;28.1;22.1;14.7;18.1;16.2;14.1;0.6;1.2;0.17;3.5;1.9;0;672;234;104;74;97533;4.21;0.02;0.35;0.39
1986;7;6;187;28.2;22.9;17.1;17.5;15.5;14.2;1.7;3;0.17;3.5;1.9;0;635;241;107;72;96728;4.79;0.9;0.34;0.39
1986;7;7;188;20;17.9;13.5;16;13.7;8.9;0.8;-0.3;0.17;3.5;1.9;0;248;78;80;43;96857;2.19;4.84;0.34;0.39
1986;7;8;189;21.1;17.1;13;9.7;8.3;6.6;1.5;-1.9;0.17;3.5;1.9;0;567;211;101;77;97247;4.05;0.2;0.34;0.39
1986;7;9;190;19.7;15.7;10.6;8.9;7.5;5.8;0.8;-0.6;0.17;3.6;1.9;0;607;216;115;88;97528;3.6;0.19;0.34;0.39
1986;7;10;191;20.7;16.6;10;12.9;9.9;8.5;0.5;-0.5;0.17;3.6;1.9;0;571;187;103;67;97563;3.15;0;0.33;0.39
1986;7;11;192;20.9;16.8;12.8;13.6;11.1;8.2;0.1;0.2;0.17;3.6;1.9;0;505;158;80;54;97652;2.95;10.82;0.33;0.39
1986;7;12;193;19;15.8;12.5;13;11.7;10.5;-0.3;0;0.17;3.6;1.9;0;368;146;76;55;97605;2.56;0.49;0.34;0.39
1986;7;13;194;16.9;14.6;11.5;12.9;12.1;10.5;0.1;-0.9;0.17;3.6;1.9;0;189;63;70;35;97583;1.33;4.44;0.34;0.39
1986;7;14;195;19.6;15.5;9.5;11.8;9.6;8.4;-0.3;-1.1;0.17;3.6;1.9;0;549;179;98;65;97836;3.16;0.04;0.34;0.39
1986;7;15;196;21.8;16.7;10.7;12.8;9.3;7.8;-0.1;-1.2;0.17;3.6;1.9;0;662;215;107;74;98037;3.73;0;0.33;0.39
1986;7;16;197;23.1;18.1;11.2;14.6;11.1;8.6;-0.2;-1.2;0.17;3.6;1.9;0;643;208;106;70;98164;3.59;0;0.33;0.39
1986;7;17;198;24.7;20.1;15;15;12.5;10.5;0.3;-1;0.17;3.6;1.9;0;626;193;99;58;97704;3.54;0;0.32;0.39
1986;7;18;199;25.8;20.8;14.5;15.6;13.3;11.6;0.8;-1.3;0.17;3.6;1.9;0;537;185;95;65;97290;3.49;1.7;0.32;0.38
1986;7;19;200;20.3;17.9;15.2;15.8;13.8;9.5;0.1;-2.1;0.17;3.6;1.9;0;370;101;50;30;97417;2.66;6.69;0.32;0.38
1986;7;20;201;20.4;17;13.8;11.8;10.4;9.3;-0.8;-1.9;0.17;3.6;1.9;0;461;148;76;50;97639;3.05;0;0.32;0.38
1986;7;21;202;22.1;17.3;11.7;10.8;10;8.7;-0.6;-1.3;0.17;3.6;1.9;0;528;183;91;66;97529;3.37;0;0.32;0.38
1986;7;22;203;24;18.2;10.1;13.3;10.9;8.9;0.3;0.4;0.17;3.6;1.9;0;685;245;122;90;97373;4.06;0;0.32;0.38
1986;7;23;204;27.3;20.9;12.9;16;13.8;11.3;0.7;2.2;0.17;3.6;1.9;0;710;248;114;85;97037;4.35;0.03;0.31;0.38
1986;7;24;205;25.5;17.7;10.9;16.7;12.5;6.8;1.2;0.3;0.17;3.6;1.9;0;513;154;90;61;96934;3.45;15.06;0.31;0.38
1986;7;25;206;21.1;15.4;8.3;9.6;7.9;6.4;0.9;1.4;0.17;3.6;1.9;0;603;217;113;88;97564;4.03;0;0.32;0.38
1986;7;26;207;23.5;17.4;10.1;13.5;11.2;8.8;0.8;0.6;0.17;3.6;1.9;0;571;166;92;66;97443;2.94;0.1;0.32;0.38
1986;7;27;208;24.4;19;12.6;15.7;13.7;11.5;-0.2;-0.3;0.17;3.6;1.9;0;562;193;93;64;97763;3.3;0.67;0.31;0.38
1986;7;28;209;24.4;19.7;13.7;16.8;15;13;0;-0.6;0.17;3.6;1.9;0;562;197;92;67;97990;3.37;0.4;0.31;0.38
1986;7;29;210;25.7;20.6;13.4;17.3;15.1;13.3;0.3;0.1;0.17;3.6;1.9;0;606;204;99;67;97723;3.57;0.02;0.31;0.38
1986;7;30;211;26.7;22;15.4;19.5;17.8;14.6;0.7;0;0.17;3.6;1.9;0;549;177;83;58;97420;3.04;0.55;0.3;0.38
1986;7;31;212;30.1;23;15.7;19.5;18.3;15.7;1;0.7;0.17;3.6;1.9;0;655;217;100;66;97230;3.84;0.1;0.3;0.38
1986;8;1;213;28.5;22.7;17.7;18.7;17.5;16.4;1;-0.3;0.17;3.6;1.9;0;616;199;93;62;97594;3.68;4.42;0.3;0.38
1986;8;2;214;27.2;22.3;16.2;20.4;17.5;15.8;0.1;0.2;0.17;3.6;1.9;0;557;188;77;57;98058;3.5;0.12;0.3;0.38
1986;8;3;215;28.8;23.7;16.9;20.1;17.8;16;-0.3;0.6;0.17;3.6;1.9;0;604;203;94;63;97884;3.65;0.05;0.3;0.38
1986;8;4;216;29.9;24.5;18.7;19.7;17.1;15;0.1;1.5;0.17;3.6;1.9;0;613;211;103;71;97390;3.81;0;0.29;0.38
1986;8;5;217;26.3;21.9;17.9;18.6;16.7;14.4;0.6;-1.1;0.17;3.6;1.9;0;482;144;80;56;97595;2.97;4.13;0.29;0.38
1986;8;6;218;25.4;20.7;15.7;14.2;12.6;10.6;-0.1;-2.2;0.17;3.6;1.9;0;693;233;120;86;97938;4.04;0;0.29;0.38
1986;8;7;219;26.1;21.6;16.2;16.3;14.6;12.3;0;-0.5;0.17;3.5;1.9;0;636;205;111;67;97488;3.39;0.01;0.29;0.38
1986;8;8;220;27.5;22.3;15.3;17.8;15.7;14.4;0.5;0;0.17;3.5;1.9;0;591;198;106;69;97301;3.3;0.17;0.28;0.38
1986;8;9;221;26.2;21.6;16.5;18;15.9;14.9;0.4;-0.3;0.17;3.5;1.9;0;595;188;101;66;97577;3.26;1.5;0.28;0.38
1986;8;10;222;28.2;22;16.1;18.7;17.3;15;0.2;0;0.17;3.5;1.9;0;621;196;95;64;97696;3.27;3.77;0.28;0.37
1986;8;11;223;28.2;22.4;16.1;18.9;17.5;16;0.5;-0.1;0.17;3.5;1.9;0;635;197;96;61;97525;3.45;0.04;0.28;0.37
1986;8;12;224;28.5;23;17.6;19.9;17.8;16.3;1;1.5;0.17;3.5;1.9;0;568;178;92;64;97037;3.12;0.9;0.28;0.37
1986;8;13;225;25.7;20.9;15.9;16.6;14.5;12.8;0.3;-0.7;0.17;3.5;1.9;0;564;186;100;72;97151;3.3;0.85;0.27;0.37
1986;8;14;226;22.8;19;14.6;14.5;13.2;12;0.2;-1.1;0.17;3.5;1.9;0;501;153;83;66;97553;2.56;0.44;0.27;0.37
1986;8;15;227;25;19.8;13.3;15;12.7;11.5;0.1;0.4;0.17;3.5;1.9;0;620;200;113;80;97647;3.08;0;0.27;0.37
1986;8;16;228;28.1;21.8;15.2;17.4;14.4;12.3;0.5;1.1;0.17;3.5;1.9;0;623;196;106;71;97535;3.09;0.01;0.27;0.37
1986;8;17;229;30.2;22.9;15.5;17.3;15.6;13.4;0.9;1.1;0.17;3.5;1.9;0;650;211;123;79;97274;3.31;0;0.27;0.37
1986;8;18;230;29.6;23.5;16.3;17.7;15.6;14;1.8;1.4;0.16;3.4;1.9;0;585;196;103;74;96777;3.17;0;0.26;0.37
1986;8;19;231;26.6;21.3;17.2;18.3;16.5;15.3;0.8;0.2;0.16;3.4;1.9;0;513;154;92;63;96699;2.37;3.93;0.26;0.37
1986;8;20;232;22.6;18.9;15.4;15.8;11.7;7.2;0.3;-0.9;0.16;3.4;1.9;0;480;149;90;60;97410;2.67;0.51;0.26;0.37
1986;8;21;233;20.2;17.5;14.7;12.3;10.2;8.4;0.1;1.1;0.16;3.4;1.9;0;367;115;104;55;97728;1.79;0.23;0.26;0.37
1986;8;22;234;24.8;19;12.5;12.4;11.1;10.2;0;1.8;0.16;3.4;1.9;0;638;210;116;80;97218;2.92;0;0.26;0.37
1986;8;23;235;27.4;19.2;13;15.7;12.4;8.8;1.6;1.2;0.16;3.3;1.9;0;576;182;96;63;96478;3.21;5.61;0.26;0.37
1986;8;24;236;19.9;15.2;10.5;12.3;10.4;8.9;0.1;0;0.16;3.3;1.9;0;538;142;102;60;96919;2.51;15.5;0.26;0.37
1986;8;25;237;19.8;16;12.7;11.4;9.4;6.9;0.5;-1;0.16;3.3;1.9;0;575;167;104;65;97415;3.11;2.04;0.27;0.37
1986;8;26;238;23.9;17.7;11.4;12.3;10.9;9.2;0;2.5;0.16;3.3;1.9;0;610;195;101;80;97090;3.03;0;0.27;0.37
1986;8;27;239;22.8;17.9;13.9;16.9;13.4;11.3;-0.1;0.6;0.16;3.2;1.9;0;486;129;85;57;96767;2.48;6.26;0.27;0.37
1986;8;28;240;22;17.6;14.4;17.6;14.6;12;-0.6;0.8;0.16;3.2;1.9;0;240;69;46;26;96805;1.53;2.64;0.27;0.37
1986;8;29;241;16.6;14.3;11.4;15.4;10;7.2;0.1;-1.2;0.16;3.2;1.9;0;277;67;63;33;97175;1.87;3.85;0.28;0.37
1986;8;30;242;18;13.5;9.3;8.9;6.7;4.5;0.8;-0.3;0.16;3.2;1.9;0;529;156;108;73;97755;2.39;0.3;0.28;0.37
1986;8;31;243;17.8;12.9;7.4;10.2;8.5;6.4;1.1;-0.2;0.16;3.1;1.9;0;487;154;95;74;97931;2.03;0.41;0.27;0.37
1986;9;1;244;18.4;13.4;6.4;9.3;7.3;5.7;0.2;-0.3;0.16;3.1;1.9;0;519;160;100;73;97985;2.26;0.07;0.27;0.37
1986;9;2;245;19.8;15.3;10.4;10.4;9.3;8;0.6;0.9;0.16;3.1;1.9;0;503;152;98;67;97855;2.13;0.18;0.27;0.36
1986;9;3;246;23.1;17.3;10.9;12;10.5;9.4;0.7;2;0.16;3.1;1.9;0;596;182;111;79;97521;2.69;0;0.27;0.36
1986;9;4;247;17.6;14.1;9.4;11;7.3;4;1.3;-1.7;0.16;3.1;1.9;0;481;115;112;64;97856;2.32;4.11;0.27;0.36
1986;9;5;248;17.1;12.4;6.3;7.1;5.8;4.5;0.3;0.3;0.16;3;1.9;0;524;173;109;84;98417;2.21;0;0.27;0.36
1986;9;6;249;20.8;14.3;7.2;9.6;8;5.7;0.3;1.3;0.16;3;1.9;0;617;201;128;91;97916;2.49;0;0.27;0.36
1986;9;7;250;22.5;16.1;8.3;13.6;11.3;7.5;-0.5;-0.2;0.16;3;1.9;0;548;161;105;70;97468;2.1;0.05;0.27;0.36
1986;9;8;251;21;17;12.8;13.9;12.2;10.7;-0.6;-0.5;0.16;3;1.9;0;478;126;88;53;97427;1.65;0;0.26;0.36
1986;9;9;252;19.4;16.1;12.7;13.6;11.1;8.4;-0.6;-1.2;0.15;2.9;1.9;0;366;103;62;40;97326;1.82;3.1;0.26;0.36
1986;9;10;253;13.3;12.2;11.2;11.3;10.5;9.6;-0.3;-1.1;0.15;2.9;1.9;0;54;15;35;16;97358;0.87;19.45;0.28;0.36
1986;9;11;254;17.6;13.5;8.9;12.1;9.1;8.2;0.1;0;0.15;2.9;1.9;0;490;135;89;54;97754;2.03;0;0.28;0.36
1986;9;12;255;21.6;15.9;9.3;13.2;11.2;8.2;0.1;1.6;0.15;2.9;1.9;0;597;180;120;80;97423;2.36;0;0.28;0.36
1986;9;13;256;23.8;18.2;12.8;15.1;12.3;10.1;0.6;0.8;0.15;2.9;1.9;0;554;158;103;69;97352;2.42;0;0.28;0.36
1986;9;14;257;25.1;18.2;11.2;16.4;14;10.8;0.6;0.8;0.15;2.8;1.9;0;578;175;115;77;97435;2.43;0;0.28;0.36
1986;9;15;258;25.4;19;11.9;16.5;14.5;11.5;1;1.2;0.15;2.8;1.9;0;547;156;94;71;97277;2.25;0;0.27;0.36
1986;9;16;259;26.7;20.2;14.3;16.9;14.9;13.4;1.4;1.3;0.15;2.8;1.9;0;568;172;113;81;97110;2.53;0;0.27;0.36
1986;9;17;260;26.4;19.9;13.5;16.9;15.4;12.7;0.7;0.6;0.15;2.7;1.9;0;509;151;88;69;97180;2.11;0;0.27;0.36
1986;9;18;261;20.7;17.5;12.6;18.6;16.1;10.8;-0.6;-0.8;0.15;2.7;1.9;0;214;60;43;28;97759;1.6;17.95;0.28;0.36
1986;9;19;262;15.4;11.8;7.9;10.2;5;2.8;-1.5;-1.9;0.15;2.6;1.9;0;552;150;129;73;99096;2.96;3.39;0.29;0.36
1986;9;20;263;15.9;10.9;5.2;5.6;4.7;3;0.3;-0.4;0.15;2.6;1.9;0;582;174;135;97;98892;1.99;0;0.29;0.36
1986;9;21;264;19.2;12;4.4;9.9;6.8;3.7;0.9;0.1;0.15;2.6;1.9;0;573;171;132;90;98351;2.05;0;0.28;0.36
1986;9;22;265;21.8;14.8;7.7;11.6;8.3;6.1;0.7;0.2;0.15;2.5;1.9;0;543;160;122;78;98002;2.07;0;0.28;0.36
1986;9;23;266;22.4;15.5;8.4;11.2;9.3;7.2;0.6;0.2;0.15;2.5;1.9;0;550;163;127;85;97912;2.12;0;0.28;0.36
1986;9;24;267;22.4;15.8;8.5;12.7;10.7;7.7;-0.3;-0.4;0.15;2.4;1.9;0;543;157;123;75;97606;1.98;0.02;0.28;0.36
1986;9;25;268;14.9;13.4;11.9;10.2;7.9;6.2;-1.2;-1;0.15;2.4;1.9;0;216;69;52;38;97636;1.1;0.14;0.28;0.36
1986;9;26;269;12.3;11.1;9.5;7.7;5.9;4.8;-0.4;-0.7;0.15;2.4;1.9;0;144;39;40;30;97611;0.67;1.41;0.28;0.36
1986;9;27;270;15.3;11.5;7.9;8.6;6.5;5.6;0;-0.8;0.15;2.3;1.9;0;403;102;100;55;98015;1.4;0;0.28;0.36
1986;9;28;271;16.6;12.3;8.5;7.2;6.2;5.2;-0.3;-1.5;0.15;2.3;1.9;0;397;104;90;61;98772;1.27;0.01;0.28;0.36
1986;9;29;272;17.7;11.8;5.9;8.6;6.7;4.4;0.6;0.1;0.15;2.2;1.9;0;528;151;126;84;98942;1.58;0;0.28;0.36
1986;9;30;273;19.9;12.9;6.6;9.5;7.7;5.7;-0.1;-0.8;0.15;2.2;1.9;0;480;139;120;80;98741;1.55;0;0.27;0.36
1986;10;1;274;17.6;12.4;7.2;7.5;6.2;5;-0.1;0.5;0.15;2.2;1.9;0;520;148;121;83;98715;1.53;0;0.27;0.36
1986;10;2;275;20.4;13.3;6.4;9;7.2;5.2;0.4;0.8;0.14;2.1;1.9;0;522;149;123;82;98268;1.6;0;0.27;0.36
1986;10;3;276;22.5;14.6;7;12;9.7;6.3;0.7;0.4;0.14;2.1;1.9;0;509;144;120;78;98020;1.53;0;0.27;0.35
1986;10;4;277;18.2;13.5;9.2;11.1;9.6;7.9;-0.8;-0.2;0.14;2;1.9;0;408;115;89;59;98117;1.12;0;0.27;0.35
1986;10;5;278;15.5;12.3;10.4;8.7;7;5.8;-1;0.1;0.14;2;1.9;0;360;90;99;50;98509;0.92;0;0.27;0.35
1986;10;6;279;17.6;12.5;7.8;9.9;7.9;6.1;0.2;0.6;0.14;2;1.9;0;476;121;105;68;98436;1.07;0;0.27;0.35
1986;10;7;280;20.1;13.8;7.1;12.3;10.2;6.5;-0.2;0.1;0.14;1.9;1.9;0;436;114;96;59;98148;1.06;0.01;0.27;0.35
1986;10;8;281;19.3;14.4;9.9;12.4;9.9;7.8;0.6;-1.1;0.14;1.9;1.9;0;399;96;92;55;97898;1.03;0.25;0.27;0.35
1986;10;9;282;16;12.8;9.5;8.8;7.1;6.3;0;-0.2;0.14;1.8;1.9;0;352;86;91;62;98054;0.79;0.05;0.27;0.35
1986;10;10;283;16.6;11.2;5;8;6.8;4.6;0.3;0.8;0.14;1.8;1.9;0;473;124;112;82;98007;1;0;0.26;0.35
1986;10;11;284;18;10.8;4.2;9.7;6.8;3.7;0.5;-0.2;0.14;1.8;1.9;0;490;127;127;78;98145;0.96;0;0.26;0.35
1986;10;12;285;16.8;11.8;6.2;9.4;7.7;5.3;-0.3;-1.2;0.14;1.7;1.9;0;364;84;73;49;98634;0.73;0.03;0.26;0.35
1986;10;13;286;15.5;11.3;6.9;8.3;6.9;5.6;-0.7;-0.4;0.14;1.7;1.9;0;472;125;126;80;98875;0.88;0;0.26;0.35
1986;10;14;287;16.1;10.5;5.4;8.5;6.7;4.8;-0.5;0.3;0.14;1.6;1.9;0;452;118;118;76;98660;0.79;0;0.26;0.35
1986;10;15;288;14.3;9.6;5.2;5.2;3.1;-0.7;-0.8;-0.1;0.14;1.6;1.9;0;456;114;130;79;98487;0.8;0;0.26;0.35
1986;10;16;289;14.1;8.8;4.2;3.7;1.3;-0.7;0.1;0.4;0.14;1.6;1.9;0;474;128;135;92;98523;0.83;0;0.26;0.35
1986;10;17;290;14.9;7.9;1;5;2.3;0;0.4;-0.3;0.14;1.6;1.9;0;467;125;133;87;98214;0.83;0;0.26;0.35
1986;10;18;291;14.3;7.6;1.3;4.6;3;0.7;0.2;0.5;0.14;1.6;1.9;0;450;121;129;86;97678;0.76;0;0.26;0.35
1986;10;19;292;14.9;8.4;1.7;8.5;5.1;0.7;0.5;0.9;0.14;1.5;1.9;0;410;96;98;54;96849;0.65;3.76;0.26;0.35
1986;10;20;293;13.4;10;7.8;8.6;7.5;6.8;0.6;1.3;0.13;1.5;1.9;0;288;53;82;31;96560;0.81;5.57;0.27;0.35
1986;10;21;294;13.4;9.3;4.5;7.8;1;-4.5;1.7;-0.7;0.13;1.5;1.9;0;462;121;136;83;96812;1.24;0.77;0.27;0.35
1986;10;22;295;15.5;11;6;9.1;6.1;1;1.2;1.2;0.13;1.5;1.9;0;209;43;70;38;96441;0.42;0.08;0.27;0.35
1986;10;23;296;14.1;11.1;7.9;12.4;9;5.5;0.5;0.4;0.13;1.5;1.9;0;56;14;68;26;96181;0.47;19.44;0.27;0.35
1986;10;24;297;11.6;7.8;3.7;4.6;1.3;-2.2;0.8;-0.5;0.13;1.5;1.9;0;403;97;119;74;97516;1.02;0.56;0.29;0.35
1986;10;25;298;11.5;6.4;1.8;3.3;1.2;-1.3;0.4;2.3;0.13;1.5;1.9;0;357;95;107;77;97373;0.76;0.06;0.28;0.35
1986;10;26;299;8;6.1;3.8;6.1;4.6;2.7;0.3;-0.9;0.13;1.4;1.9;0;118;27;77;27;97553;0.72;14.98;0.29;0.35
1986;10;27;300;8.1;7;5.9;4.8;4.1;2.8;0;-2.7;0.13;1.4;1.9;0;91;26;29;18;98315;1.39;7.42;0.3;0.35
1986;10;28;301;10.9;7.2;4.5;5.5;4.1;3.1;-0.1;-0.4;0.13;1.4;1.9;0;230;61;99;49;98601;0.64;0.06;0.3;0.35
1986;10;29;302;11.9;6.7;0.9;6.2;4.2;0.7;0.3;0.2;0.13;1.4;1.9;0;386;92;114;62;98113;0.57;0;0.3;0.35
1986;10;30;303;10.5;8.2;5.8;6.7;5.9;4.9;0;-0.7;0.13;1.4;1.9;0;97;22;30;13;98007;0.15;0;0.3;0.35
1986;10;31;304;10.9;8;3.6;6.2;5.3;2.9;0.1;0.2;0.13;1.4;1.9;0;239;43;84;40;97877;0.34;0.02;0.3;0.35
1986;11;1;305;11.9;6.6;2.2;5.4;4;2;0.2;1;0.12;1.4;1.9;0;290;72;96;57;97517;0.49;0;0.3;0.35
1986;11;2;306;12.6;8.1;4.3;7.4;5.6;3.6;0.6;-0.7;0.12;1.4;1.9;0;317;70;95;45;96961;0.77;1.57;0.3;0.35
1986;11;3;307;7.9;5.1;0.5;3.4;-1.9;-4.5;-0.8;-2.7;0.12;1.3;1.9;0;403;98;130;91;98204;0.89;0;0.3;0.35
1986;11;4;308;5.5;2.1;-1.3;-1.1;-2.6;-3.9;-0.3;-0.9;0.12;1.3;1.9;0;271;68;84;66;98546;0.39;0;0.3;0.35
1986;11;5;309;8;2.6;-1.3;-0.7;-2;-3.2;1.1;0.2;0.12;1.3;1.9;0;389;92;118;75;98449;0.53;0;0.3;0.35
1986;11;6;310;11.7;5.5;-0.1;4.1;0.6;-2.3;1.3;0.2;0.12;1.3;1.9;0;248;59;91;41;98097;0.41;0;0.3;0.35
1986;11;7;311;10;5.7;2.5;1.8;-0.3;-2.4;0.6;-0.8;0.12;1.3;1.9;0;302;75;109;66;98342;0.55;0;0.3;0.35
1986;11;8;312;11;4.3;-0.7;4.5;1;-1.9;0.4;0.4;0.12;1.3;1.9;0;372;89;115;75;97651;0.47;0;0.3;0.35
1986;11;9;313;9.5;4;-1.1;4.5;1.8;-1.9;0.1;0.4;0.12;1.3;1.9;0;234;60;74;50;98169;0.28;0;0.3;0.35
1986;11;10;314;10.6;4.8;0.9;5.1;2.8;0.4;0.2;0.9;0.12;1.2;1.9;0;345;80;113;68;98478;0.39;0;0.3;0.35
1986;11;11;315;8.9;2.8;-1.7;5.1;1.4;-2.2;0.4;0.2;0.12;1.2;1.9;0;329;77;98;67;98486;0.33;0;0.3;0.35
1986;11;12;316;9.4;2.2;-2.4;4.7;0.4;-3.2;0.9;0;0.12;1.2;1.9;0;355;83;115;72;98640;0.34;0;0.3;0.35
1986;11;13;317;7.1;1.7;-2.3;4.4;0.7;-3;0.1;0.4;0.11;1.2;1.9;0;287;66;78;50;98510;0.18;0;0.3;0.35
1986;11;14;318;11.5;5.5;1.3;6.5;4;1;0.8;1.8;0.11;1.2;1.9;0;297;64;98;46;98060;0.29;0.08;0.3;0.35
1986;11;15;319;15.3;7.4;2;9.1;5.5;1.6;1.3;0.9;0.11;1.2;1.9;0;337;74;99;62;98073;0.33;0;0.3;0.35
1986;11;16;320;11.2;5.2;0.4;7.7;4.1;0.1;0.6;-0.1;0.11;1.2;1.9;0;278;64;99;54;98531;0.3;0;0.3;0.35
1986;11;17;321;7.8;4;0.8;6.1;3.5;0.7;-0.1;0.1;0.11;1.2;1.9;0;194;46;54;31;98391;0.16;0;0.3;0.35
1986;11;18;322;8.4;5.3;2.1;5.4;4.1;1.9;0.4;0.1;0.11;1.2;1.9;0;154;35;40;21;98482;0.18;0.08;0.3;0.35
1986;11;19;323;10.7;6;2.3;5.7;4.3;2.2;0.4;0.4;0.11;1.2;1.9;0;286;58;82;47;98318;0.27;0;0.3;0.35
1986;11;20;324;7.9;4.3;0.6;3.9;2.9;0.3;0;0.6;0.11;1.2;1.9;0;217;46;86;44;97831;0.25;0.04;0.3;0.35
1986;11;21;325;6.1;3.3;-0.2;3.7;2.2;-0.5;-0.6;0.3;0.11;1.2;1.9;0;176;34;44;21;97646;0.16;0.27;0.3;0.35
1986;11;22;326;8.5;5.3;2.9;6;4.3;2.7;-0.4;1.3;0.11;1.2;1.9;0;150;28;46;22;97044;0.27;2.65;0.3;0.35
1986;11;23;327;9.5;6.5;2.5;7.9;5.6;2.3;-0.4;1.2;0.11;1.2;1.9;0;116;25;54;23;96396;0.29;15.7;0.3;0.35
1986;11;24;328;6.3;4.7;0.4;5.3;2.3;-0.8;0.5;-1.3;0.11;1.2;1.9;0.25;84;19;72;25;97355;0.8;18.41;0.33;0.35
1986;11;25;329;9.3;2.5;-2.9;2.8;-0.4;-4.5;1.1;0.5;0.11;1.2;1.9;0.21;289;64;101;71;98481;0.41;0;0.33;0.35
1986;11;26;330;6.8;3;-0.3;4.7;1.4;-2.4;0;0.4;0.11;1.2;1.9;0.17;226;49;69;41;98365;0.17;0.09;0.33;0.35
1986;11;27;331;8.6;3.7;0.9;2.5;0.9;-1;0.8;-1.1;0.11;1.2;1.9;0.13;172;41;89;47;98972;0.26;0.03;0.33;0.35
1986;11;28;332;6;3.2;0.3;0.5;-0.6;-2.1;0;-2.2;0.11;1.2;1.9;0.12;205;44;71;49;99326;0.34;0.46;0.33;0.35
1986;11;29;333;5.2;3.3;0.1;2.1;0.6;-1.3;0;0.1;0.11;1.2;1.9;0.07;156;29;69;30;99141;0.33;0.26;0.33;0.35
1986;11;30;334;4.7;0.7;-1.9;0.1;-1.4;-2.9;0.5;0.4;0.11;1.2;1.9;0.05;257;56;95;65;99041;0.22;0;0.33;0.35
1986;12;1;335;5.1;0.1;-2.5;-0.6;-2.6;-4;0.3;0.7;0.11;1.2;1.9;0.02;306;66;110;76;98755;0.19;0;0.33;0.35
1986;12;2;336;6.2;0.6;-3;0.5;-2.8;-4.8;0.5;0.4;0.11;1.2;1.9;0;295;62;112;60;98725;0.16;0;0.33;0.35
1986;12;3;337;6.5;0.5;-2.4;0.2;-2.4;-4.2;0.8;0.5;0.11;1.2;1.9;0;284;62;100;64;99158;0.2;0;0.33;0.35
1986;12;4;338;6.8;0.2;-3;1.2;-2.6;-4.7;1;0.2;0.11;1.2;1.9;0;294;62;107;67;99030;0.16;0;0.33;0.35
1986;12;5;339;6.1;0;-3.3;0.2;-3.1;-5.5;0.6;0.2;0.11;1.2;1.9;0;287;61;110;66;98735;0.13;0;0.33;0.35
1986;12;6;340;4.8;-0.5;-3.6;-1.1;-3.5;-5.7;0.4;0.1;0.1;1.2;1.9;0;290;61;113;72;98114;0.07;0;0.33;0.35
1986;12;7;341;2.7;-1.4;-3.8;-2;-3.5;-5.3;-0.3;0.1;0.1;1.2;1.9;0;248;52;82;56;98403;0.03;0.03;0.33;0.35
1986;12;8;342;-0.6;-2.2;-3.3;-3;-3.6;-4.1;-0.7;0.5;0.11;1.2;1.9;0.16;199;43;62;35;98646;0.05;0.28;0.33;0.35
1986;12;9;343;2.1;-1.5;-3;-2.7;-3.8;-4.5;-0.6;0.7;0.11;1.2;1.9;0.34;265;54;103;54;98475;0.04;0;0.33;0.35
1986;12;10;344;-0.6;-2.3;-3.5;-3.2;-3.8;-4.3;-0.5;0;0.11;1.2;1.9;0.37;174;34;56;38;98971;0.03;0.04;0.33;0.35
1986;12;11;345;1.5;-1;-2.9;-2.4;-3.4;-4.2;0.1;0.5;0.11;1.2;1.9;0.46;193;40;61;34;98927;0.02;0.03;0.33;0.35
1986;12;12;346;2.3;-0.2;-2.1;-1.3;-2.4;-3.4;0.4;0.7;0.11;1.2;1.9;0.47;150;33;74;40;98450;0.03;0.11;0.33;0.35
1986;12;13;347;1.1;-1.5;-2.9;-3.3;-4.5;-5.4;-0.3;0.9;0.11;1.2;1.9;0.46;256;54;108;66;97677;0.04;0.01;0.33;0.34
1986;12;14;348;3.1;-0.2;-2;-1.5;-3;-5;-0.4;-0.1;0.11;1.2;1.9;0.54;213;45;82;40;97438;0.02;2.01;0.33;0.34
1986;12;15;349;0.1;-0.9;-1.8;-1.2;-1.6;-2.2;-0.5;-0.3;0.3;1.2;1.9;14.51;68;13;27;12;97486;0.05;16.06;0.33;0.34
1986;12;16;350;2.1;-1;-4.8;-0.2;-2.2;-5.7;0.6;0.4;0.35;1.2;1.9;18.31;67;13;46;21;96932;0.02;1.34;0.33;0.34
1986;12;17;351;0.6;-6.5;-11.8;-2.8;-8.6;-13.6;1.5;-0.3;0.34;1.2;1.9;17.77;182;39;85;50;97385;0.16;0.01;0.33;0.34
1986;12;18;352;1.3;-5.4;-12;-2.6;-7.9;-14;1.6;0.7;0.34;1.2;1.9;17.4;72;19;68;31;97180;0.17;0.08;0.33;0.34
1986;12;19;353;3.6;0.5;-3.4;0.7;-2.2;-7.1;1.5;1.2;0.33;1.2;1.9;16.52;66;14;70;31;95622;0.1;4.4;0.33;0.34
1986;12;20;354;3;-2.8;-9.1;-5.2;-7.8;-12.1;2.2;0.6;0.32;1.1;1.9;15.56;205;43;115;68;96119;0.42;0.06;0.33;0.34
1986;12;21;355;1.2;-6.7;-11.5;-4.3;-10.5;-15;1.6;0;0.31;1.1;1.9;14.87;201;43;103;59;96293;0.22;0;0.33;0.34
1986;12;22;356;-0.2;-6.5;-9.8;-5.1;-10.5;-14;1.2;-0.6;0.3;1.1;1.9;14.32;195;40;89;54;96516;0.23;0.03;0.34;0.34
1986;12;23;357;-1.1;-6.2;-9.5;-9.5;-12.5;-14.1;1.6;0.4;0.29;1.1;1.9;13.93;218;43;115;56;97140;0.32;0.04;0.34;0.34
1986;12;24;358;-1.5;-6.7;-9.7;-8.6;-11.9;-13.9;1;-1.1;0.29;1.1;1.9;13.64;213;42;102;53;97938;0.26;0.29;0.34;0.34
1986;12;25;359;-3.8;-8.6;-13.2;-10.5;-12.7;-15.7;-0.2;-1.2;0.3;1.1;1.9;13.94;208;40;94;53;98200;0.23;0.38;0.33;0.34
1986;12;26;360;-4.6;-10.7;-18.7;-10.6;-14.7;-21.2;0.9;0.6;0.3;1.1;1.9;13.82;224;45;93;41;97102;0.2;0.14;0.33;0.34
1986;12;27;361;1.4;-5.5;-11.4;-3.6;-9;-14.4;1.4;0.2;0.29;1.1;1.9;13.51;183;38;87;50;96787;0.17;0.07;0.34;0.34
1986;12;28;362;0.8;-4.4;-9.9;-4.8;-8.4;-13.1;1.8;0.6;0.29;1.1;1.9;13.21;96;23;59;40;97220;0.22;0.27;0.34;0.34
1986;12;29;363;5.4;0.5;-4.2;-1.3;-3.8;-7.9;2.1;0.8;0.28;1.1;1.9;12.92;186;38;93;39;96932;0.3;0.48;0.34;0.34
1986;12;30;364;7.1;1.9;-0.7;0.6;-1.1;-2.6;2;0.7;0.26;1.1;1.9;11.26;224;45;86;51;96964;0.08;0;0.34;0.34
1986;12;31;365;6.5;0.8;-2.7;2.4;-1;-3.9;1.6;0.7;0.23;1.1;1.9;9.31;200;44;85;52;96911;-0.03;0.89;0.34;0.34
1987;1;1;1;6.5;0.6;-3.2;1.5;-1.4;-4.4;1.5;0.2;0.21;1.1;1.9;7.81;211;45;83;37;96964;0.13;0.28;0.34;0.34
1987;1;2;2;3.5;0.7;-2.8;2.3;-0.2;-3.9;1.4;0.5;0.2;1.1;1.9;7;61;14;61;27;96085;-0.12;4.66;0.35;0.34
1987;1;3;3;0.5;-2.5;-5.6;-4.5;-8.2;-11.8;0.3;-1.7;0.19;1.1;1.9;6.81;264;56;120;72;96889;0.37;0.18;0.35;0.34
1987;1;4;4;0.5;-4;-6.3;-10;-11.7;-12.7;1.3;-0.3;0.19;1;1.9;6.64;245;52;106;70;98054;0.12;0;0.35;0.34
1987;1;5;5;1.8;-2.8;-6.1;-5.3;-8.6;-12.8;1.5;1;0.19;1;1.9;6.53;199;36;71;42;97117;0.11;0.53;0.35;0.34
1987;1;6;6;3.6;-2.8;-6.6;-2.5;-6.2;-9.7;1.8;0.3;0.19;1;1.9;6.52;188;40;103;61;96183;0.25;0.39;0.35;0.34
1987;1;7;7;-0.5;-4;-7.3;-6.4;-10.8;-16.6;0.4;-2.5;0.18;1;1.9;6.3;255;54;107;75;97003;0.3;0.05;0.35;0.34
1987;1;8;8;-4.5;-7.5;-10.7;-16.8;-17.6;-18.4;0.7;-1.9;0.18;1;1.9;6.03;273;60;117;94;97937;0.16;0;0.35;0.34
1987;1;9;9;-2.9;-6.9;-11.2;-12.2;-15.8;-19;1.5;0.7;0.18;1;1.9;5.95;165;35;66;47;97044;0.08;0.03;0.35;0.34
1987;1;10;10;-1.8;-3.9;-5.6;-5.3;-8.7;-12.2;-0.5;-0.6;0.19;1;1.9;6.81;121;27;35;21;96466;0.08;5.14;0.35;0.34
1987;1;11;11;-5.6;-8.9;-12;-7.8;-12.8;-17.8;-0.1;-3;0.33;1;1.9;18.95;45;9;13;10;95930;0.35;16.42;0.35;0.34
1987;1;12;12;-10.6;-14.2;-20.2;-18;-19.9;-22.5;0.3;-1.1;0.36;1;1.9;29.77;202;45;105;53;96534;0.24;3.44;0.35;0.34
1987;1;13;13;-14;-18.7;-26.3;-17;-22.1;-29.5;-0.2;-0.3;0.35;1;1.9;30.38;132;28;42;15;97137;0.1;0.58;0.35;0.34
1987;1;14;14;-9.9;-13.4;-17.5;-11.7;-16;-19.9;-0.2;-0.9;0.35;1;1.9;32.87;108;22;27;9;97055;0.1;10.76;0.35;0.34
1987;1;15;15;-4.2;-6.6;-9.5;-6.3;-8.6;-11.4;0;-0.6;0.36;1;1.9;45;98;18;30;13;96427;0.06;5.2;0.35;0.34
1987;1;16;16;-1;-4.4;-8.4;-3.6;-6.3;-10.1;0.3;-0.2;0.36;1;1.9;46.82;140;28;48;15;97617;0.1;0.6;0.34;0.34
1987;1;17;17;-0.7;-2;-3.9;-2.3;-3.3;-4.8;-0.2;-1.5;0.35;1;1.9;47.56;63;12;18;9;98514;0.09;2.85;0.34;0.34
1987;1;18;18;-0.9;-1.8;-2.5;-2.4;-3;-3.5;-0.9;-1.2;0.35;1;1.9;56.79;43;10;17;10;98426;0.09;12.89;0.34;0.34
1987;1;19;19;0.3;-1.3;-3.3;-1.2;-2.4;-4.1;-0.1;-0.5;0.35;0.9;1.9;62.99;74;16;27;15;98277;0;1.16;0.34;0.34
1987;1;20;20;-1.6;-4;-7.9;-3.1;-5.6;-8.6;-0.4;-0.4;0.35;0.9;1.9;63.61;210;45;84;50;98812;0.1;0.02;0.34;0.34
1987;1;21;21;-2.3;-7.5;-12.8;-6.8;-9.6;-13.8;0.5;0.2;0.35;0.9;1.9;63.57;249;53;103;58;99145;0.07;0.01;0.34;0.34
1987;1;22;22;-3.3;-9.1;-17.4;-7.6;-12.4;-19.4;0.5;0;0.35;0.9;1.9;63.51;173;37;48;27;98897;0.06;0.02;0.34;0.34
1987;1;23;23;2.2;-3;-7.9;-2.5;-5.6;-9.5;0.9;0.3;0.35;0.9;1.9;63.5;211;41;61;27;98278;0.11;0.15;0.34;0.34
1987;1;24;24;2.6;-1.2;-6.6;-0.5;-3.4;-7.5;-0.4;-0.4;0.34;0.9;1.9;63.7;163;34;76;40;98465;0.16;0.78;0.34;0.34
1987;1;25;25;2.3;-3.9;-8.6;-1.7;-5.9;-9.8;1;1.1;0.34;0.9;1.9;63.68;253;57;104;62;98261;0.06;0.04;0.34;0.34
1987;1;26;26;2.8;-2.9;-8.1;-1.7;-5;-9.4;1.1;-0.4;0.34;0.9;1.9;63.68;177;36;64;46;96564;-0.02;0.34;0.34;0.34
1987;1;27;27;1.3;-2.5;-7.4;-4;-5.3;-8.7;-0.1;1.2;0.33;0.9;1.9;63.89;243;54;88;54;96763;0.23;0.03;0.34;0.34
1987;1;28;28;0.3;-4.2;-10.6;-3.4;-6.3;-11.9;0.1;0;0.33;0.9;1.9;63.77;212;46;75;47;96026;0.09;0.41;0.34;0.34
1987;1;29;29;1.4;-4.6;-10.6;-4;-7.9;-11.9;0;-0.9;0.33;0.9;1.9;64.23;244;58;103;60;96521;0.3;0.45;0.34;0.34
1987;1;30;30;-7.7;-12.1;-15.7;-13.1;-16;-18.9;-0.8;-0.7;0.33;0.9;1.9;64.16;294;69;120;83;98003;0.16;0.02;0.34;0.34
1987;1;31;31;-9.6;-15.3;-24.3;-14.5;-18.6;-26.8;0.1;0.2;0.33;0.9;1.9;64.05;285;64;108;63;98387;0.08;0.01;0.34;0.34
1987;2;1;32;-7;-12.6;-19.2;-11.9;-16.1;-21.4;0.2;0.4;0.33;0.9;1.9;63.97;285;68;102;62;98443;0.09;0;0.34;0.34
1987;2;2;33;-5.3;-11.2;-18.5;-10.3;-14.1;-20.8;0.3;0.2;0.33;0.9;1.9;63.89;273;62;99;53;98328;0.09;0;0.34;0.34
1987;2;3;34;-4.7;-8.9;-13.4;-8.3;-11.1;-15.1;0;0.1;0.33;0.9;1.9;63.82;264;60;96;50;98227;0.08;0.01;0.34;0.34
1987;2;4;35;-1.9;-8.4;-16;-6.2;-10.7;-17.6;0.1;-0.4;0.33;0.9;1.9;63.72;281;65;93;51;98470;0.15;0;0.34;0.34
1987;2;5;36;-1.6;-7.2;-13;-5.2;-9.1;-14.2;0.1;-0.2;0.33;0.9;1.9;63.61;239;57;69;41;98437;0.11;0;0.34;0.34
1987;2;6;37;1.7;-4.9;-11.9;-2.3;-7;-13.4;0.5;0.6;0.33;0.8;1.9;63.52;301;68;104;54;98111;0.13;0;0.34;0.34
1987;2;7;38;5;-0.3;-3.9;-0.4;-3.2;-5.1;0.8;0.2;0.32;0.8;1.9;62.61;187;38;66;29;97350;0.1;0.01;0.34;0.34
1987;2;8;39;3.2;-0.6;-4.4;-1.6;-4.3;-8.1;0.5;0.8;0.32;0.8;1.9;61.49;303;72;110;56;97978;0.25;0;0.34;0.34
1987;2;9;40;6.8;1.7;-3.1;1.1;-1.1;-4.1;1.1;0.4;0.32;0.8;1.9;58.97;247;60;90;49;97424;0.01;0.05;0.34;0.34
1987;2;10;41;7.9;1.2;-5.4;1.7;-1.3;-6.3;1.9;1.4;0.32;0.8;1.9;53.84;327;81;112;59;96621;-0.07;0.01;0.35;0.34
1987;2;11;42;7.9;3.1;0.1;4;1.6;-0.5;0.5;1.5;0.32;0.8;1.9;46.32;264;61;73;38;96299;-0.36;0.43;0.36;0.34
1987;2;12;43;7.3;2.9;0.3;3.6;1.5;0.1;0.3;1.3;0.32;0.8;1.9;37.8;312;73;103;45;96256;-0.28;0.46;0.37;0.34
1987;2;13;44;7.9;3.5;1;4.5;2.2;0.5;0.2;0.1;0.32;0.8;1.9;30.9;213;43;53;15;96541;-0.17;3.57;0.37;0.34
1987;2;14;45;5.2;2.5;1.3;2.7;1.7;1.2;-0.2;-0.8;0.3;0.8;1.9;24.76;164;37;33;7;96517;-0.1;6.26;0.39;0.34
1987;2;15;46;4.4;2.4;1.2;2.4;1.7;0.9;0.1;-0.9;0.27;0.8;1.9;20;90;22;16;2;96292;-0.01;1.18;0.39;0.34
1987;2;16;47;4.6;2.1;0.2;2.2;0.9;0;0.4;-0.6;0.24;0.8;1.9;16.78;129;30;32;10;96312;0.1;7.42;0.4;0.35
1987;2;17;48;2.7;0.9;-0.2;0.5;0;-0.6;0;-0.8;0.25;0.8;1.9;16.75;100;25;21;10;96479;0.13;6.64;0.4;0.35
1987;2;18;49;3.3;0.7;-3.5;1.2;-0.2;-4.4;-0.1;0.2;0.3;0.8;1.9;18.96;130;27;78;22;96506;-0.02;5.57;0.41;0.35
1987;2;19;50;4;-0.2;-5.3;1.7;-1.4;-6.4;-0.5;-1.1;0.29;0.8;1.9;17.12;181;43;44;18;96782;0.05;9.37;0.41;0.35
1987;2;20;51;4.2;2.7;1.6;3.7;2.4;1.5;-1.1;-1.5;0.3;0.8;1.9;17.21;55;14;28;8;96259;-0.28;24.98;0.42;0.35
1987;2;21;52;7;2.4;-5.4;2.6;-1.9;-7.7;0.7;2.6;0.27;0.9;1.9;13.54;383;99;121;75;96693;0.64;0.48;0.43;0.36
1987;2;22;53;6.2;-1.2;-8.8;-2.4;-6.4;-12;1;-0.3;0.23;0.9;1.9;10.74;384;101;112;73;97125;0.25;0;0.42;0.36
1987;2;23;54;4.5;-1.7;-7.2;-3.3;-6.9;-10.8;0.3;-1.1;0.21;0.9;1.9;8.93;315;81;92;67;97379;0.26;0.18;0.42;0.36
1987;2;24;55;-0.6;-4.1;-7.5;-10.2;-12.7;-14.4;-0.4;-0.9;0.2;0.9;1.9;8.11;442;118;134;92;98156;0.28;0;0.41;0.37
1987;2;25;56;0.8;-4;-9.1;-9.7;-12.2;-15.4;0.1;1;0.2;0.9;1.9;7.66;431;114;117;83;98012;0.19;0;0.41;0.37
1987;2;26;57;3.5;-2.1;-8.2;-5.1;-9;-13.7;-0.2;0.7;0.19;0.9;1.9;6.98;451;121;122;72;98237;0.14;0.1;0.41;0.37
1987;2;27;58;3.6;0.5;-2.1;-1.9;-4.2;-6;-0.5;1.1;0.19;0.9;1.9;6.71;256;68;55;29;98100;0.17;0.65;0.4;0.37
1987;2;28;59;6.3;1.5;-2.1;0.9;-1.4;-3.6;1;0.5;0.19;0.9;1.9;6.25;187;48;46;26;97056;0.16;0.49;0.4;0.37
1987;3;1;60;6.2;2.6;-0.7;3.2;1.2;-1.4;-0.9;0.2;0.17;0.9;1.9;5.08;235;60;47;20;97652;0.37;3.22;0.4;0.37
1987;3;2;61;-1.1;-3.6;-5.2;-2.2;-5.8;-7.6;-1.6;-0.2;0.23;0.9;1.9;8.56;130;32;23;10;96842;0.32;9.42;0.4;0.37
1987;3;3;62;-5.3;-8.3;-13.9;-6.8;-14.7;-20.4;-1.4;-2.6;0.34;0.9;1.9;15.31;367;86;111;58;97367;0.52;0.96;0.4;0.37
1987;3;4;63;-4.1;-10.2;-17.9;-11.8;-17.4;-23.2;-0.2;-0.1;0.33;1;1.9;14.91;409;111;125;78;98077;0.49;0;0.4;0.37
1987;3;5;64;-3.8;-8.1;-12.8;-12.4;-14.7;-17.4;-0.7;-1.1;0.32;1;1.9;13.97;371;95;130;66;98259;0.41;0.18;0.39;0.38
1987;3;6;65;-2.4;-7.1;-10.4;-13.4;-15.4;-17.5;0.4;-2.3;0.31;1;1.9;13.31;368;98;99;69;98462;0.57;0.09;0.39;0.38
1987;3;7;66;-3;-7.2;-11.9;-11.4;-14.3;-17.9;0.3;-2.3;0.31;1;1.9;13.13;322;88;83;50;98146;0.54;0.99;0.39;0.38
1987;3;8;67;-3.1;-6.9;-10.8;-11.2;-12.5;-13.9;-1;-0.3;0.32;1;1.9;13.42;357;95;104;60;98266;0.43;0.26;0.39;0.38
1987;3;9;68;0.4;-4.7;-10;-8.1;-10.6;-14.4;-0.5;-1.5;0.31;1;1.9;13.05;414;104;108;52;98014;0.56;0.74;0.39;0.38
1987;3;10;69;-1.4;-4;-7.6;-6.1;-8.7;-12.3;-1.3;-1.4;0.32;1;1.9;13.58;280;68;71;41;98186;0.4;2.78;0.39;0.38
1987;3;11;70;0.2;-2.7;-5.6;-6;-8.3;-10.3;-0.6;-0.2;0.33;1;1.9;14.68;310;90;105;51;98500;0.45;0.14;0.39;0.38
1987;3;12;71;1.3;-3.1;-6;-7.1;-9.3;-11.6;-0.7;-0.3;0.31;1;1.9;13.26;426;126;126;75;98413;0.43;0;0.39;0.38
1987;3;13;72;0.5;-3.5;-6.6;-8.6;-10.3;-12;-0.6;-0.2;0.29;1;1.9;11.88;467;130;127;76;98159;0.45;0;0.39;0.38
1987;3;14;73;0.4;-2.8;-5.1;-7.6;-9;-10.7;-0.8;-0.6;0.27;1.1;1.9;10.79;369;101;97;56;97940;0.36;0.47;0.39;0.38
1987;3;15;74;1;-2.5;-6.1;-6.7;-9.5;-13.1;-0.2;0.1;0.26;1.1;1.9;10.01;428;109;113;70;97730;0.38;0.1;0.39;0.38
1987;3;16;75;3.9;-1.1;-5.7;-4.9;-8.9;-12.9;0.7;0.6;0.25;1.1;1.9;9.19;334;105;98;60;96719;0.4;0.49;0.39;0.38
1987;3;17;76;4;-0.5;-4.6;-5.8;-7.6;-9.4;0.8;0.3;0.24;1.1;1.9;8.07;497;137;125;64;96998;0.36;0.32;0.39;0.38
1987;3;18;77;9;2.6;-2.7;-2.5;-4.3;-6.1;1.4;1.7;0.21;1.1;1.9;6.3;519;149;127;74;96495;0.44;0.01;0.39;0.38
1987;3;19;78;4.9;1.3;-2.1;4.5;0.1;-3.5;-0.2;-0.2;0.19;1.1;1.9;4.91;202;55;59;27;96071;0.23;9.74;0.39;0.38
1987;3;20;79;3.1;-0.1;-4;-0.1;-1.8;-6.7;0.9;-0.1;0.29;1.2;1.9;11.29;219;52;77;36;96050;0.2;8.98;0.39;0.38
1987;3;21;80;5.9;-1.6;-10.5;-4;-7.9;-13;0.5;1.3;0.28;1.2;1.9;10.73;518;151;136;85;97340;0.66;0.07;0.4;0.38
1987;3;22;81;9.7;0.4;-10;0.6;-5.1;-11.8;0.2;0.5;0.24;1.2;1.9;7.62;555;152;135;72;97526;0.38;0;0.4;0.38
1987;3;23;82;9.6;3.1;-2.9;-1.4;-4.3;-5.9;0.2;-1.2;0.2;1.2;1.9;4.95;580;172;136;82;97662;0.74;0;0.4;0.38
1987;3;24;83;12.3;4.7;-2.8;2.4;-2.2;-5.7;0.8;0.8;0.18;1.2;1.9;3.05;446;149;107;64;97190;0.64;0;0.4;0.38
1987;3;25;84;15.4;7;-0.8;3.1;0.5;-2.5;0.9;0.9;0.15;1.2;1.9;1.58;600;182;134;78;96895;1.22;0;0.4;0.38
1987;3;26;85;14.9;7.7;0.7;6.9;3.1;-0.9;1.3;0.4;0.14;1.3;1.9;0.69;424;121;77;45;97159;0.84;0;0.4;0.38
1987;3;27;86;14.7;8.6;2.9;6.8;4.3;2;1.1;1.6;0.14;1.3;1.9;0.28;382;124;110;50;97297;0.99;0.12;0.39;0.38
1987;3;28;87;13.9;9.1;4.5;7.1;5.4;3.5;2;2.2;0.14;1.3;1.9;0.07;458;113;76;38;96144;0.99;9.39;0.39;0.38
1987;3;29;88;8.2;5.4;2.2;3.8;1.4;-1.7;0.6;-1;0.14;1.3;1.9;0;229;69;74;34;96199;1.18;8.66;0.41;0.38
1987;3;30;89;7.2;4.4;2.3;-1.4;-4.4;-6.4;-0.5;-4.7;0.14;1.3;1.9;0.02;316;96;66;49;97323;1.15;0.42;0.4;0.38
1987;3;31;90;4.2;2.6;1;-2.1;-3.6;-5.3;0.7;-3.9;0.15;1.4;1.9;1.22;210;62;43;32;97421;1.17;4.42;0.4;0.38
1987;4;1;91;7.6;3.7;0;0.6;-0.6;-1.6;-0.3;-1.2;0.18;1.4;1.9;3.34;315;100;53;34;96927;0.92;2.49;0.4;0.38
1987;4;2;92;3.6;2.4;0.3;2.3;1.3;-0.2;0.7;-0.2;0.18;1.4;1.9;3.18;112;31;48;14;96038;0.4;11.5;0.41;0.38
1987;4;3;93;11.8;5.5;-2.3;3.9;1.7;-2.7;0.9;2.5;0.17;1.4;1.9;2.21;499;130;88;56;96700;1.08;0.05;0.41;0.39
1987;4;4;94;17.6;10.3;2.6;6.6;4.4;1.6;0.9;2.4;0.15;1.4;1.9;0.74;645;197;123;82;96665;1.7;0.11;0.41;0.39
1987;4;5;95;15.1;10.2;5.5;5.4;2.4;0.7;2.3;1.9;0.14;1.4;1.9;0.19;633;206;138;99;96712;1.95;0.03;0.4;0.39
1987;4;6;96;16;9.4;3.4;5.9;2.4;0.7;1.5;-0.3;0.14;1.5;1.9;0.05;586;172;126;79;97145;1.69;0.18;0.4;0.39
1987;4;7;97;17.8;9.9;0.5;4.8;2.3;-0.9;0.8;1;0.14;1.5;1.9;0;626;200;130;91;97432;1.99;0.02;0.4;0.39
1987;4;8;98;18.8;11.5;3.1;7.7;5.6;1.8;1.7;1.4;0.14;1.5;1.9;0;646;192;128;81;96892;1.93;0.33;0.39;0.39
1987;4;9;99;17.6;12.3;8.1;9.4;7.8;7;1;1.1;0.15;1.5;1.9;0;533;140;91;52;96592;1.8;1.69;0.39;0.39
1987;4;10;100;14.8;10.6;7.6;11.5;8.3;4.9;0.9;-0.2;0.15;1.5;1.9;0;306;88;56;36;96279;1.43;10.84;0.39;0.39
1987;4;11;101;12.1;9.2;5.7;4.6;1.9;-1.1;1.3;-1.7;0.15;1.6;1.9;0;340;103;69;48;96680;1.43;0.13;0.4;0.39
1987;4;12;102;14.5;9.5;3.4;3.1;1.7;-0.7;0.2;-1.5;0.15;1.6;1.9;0;577;182;109;75;96884;1.98;0.34;0.39;0.39
1987;4;13;103;10.9;7.8;4.6;2;0.4;-0.7;0.1;-3.3;0.15;1.6;1.9;0;349;109;78;52;97613;1.36;0.31;0.39;0.39
1987;4;14;104;12.2;8.6;5.4;1.8;0.8;-1.4;-1;-2.9;0.15;1.6;1.9;0;499;155;95;63;98250;1.78;0.16;0.39;0.39
1987;4;15;105;12.2;8;3.3;2.3;0.4;-1.1;-1;-2;0.15;1.6;1.9;0;483;155;89;68;98370;1.63;0.13;0.39;0.39
1987;4;16;106;12.6;8.7;2.3;6.3;3.2;-0.1;0.4;-0.3;0.15;1.7;1.9;0;431;120;82;48;98264;1.16;0.27;0.38;0.39
1987;4;17;107;16.3;11.1;6.2;6.9;5.3;4.1;0.6;0.2;0.15;1.7;1.9;0;424;144;92;58;98166;1.64;0.13;0.38;0.39
1987;4;18;108;20.8;12.6;3.2;7.2;5.3;2.4;0.7;-1;0.15;1.7;1.9;0;666;210;135;85;97833;2.49;0;0.38;0.39
1987;4;19;109;18.2;12.5;6.2;9.4;6.1;2.9;-0.9;0.5;0.15;1.8;1.9;0;655;210;118;81;97925;2.27;0;0.38;0.39
1987;4;20;110;20.9;13;5.4;12.3;9;4.9;0.2;0.2;0.15;1.8;1.9;0;576;168;103;59;97417;2.07;8.2;0.37;0.39
1987;4;21;111;13.6;10.4;5.9;9.8;3.9;-0.2;1.2;-1.8;0.15;1.8;1.9;0;349;119;107;62;97354;1.79;5.32;0.38;0.39
1987;4;22;112;13;8.6;3.5;3.3;2;0.5;0.2;-2.5;0.16;1.8;1.9;0;648;200;106;81;98152;2.09;0.21;0.38;0.39
1987;4;23;113;13.9;9;4.4;4;1.5;-0.1;-0.4;0.2;0.16;1.9;1.9;0;619;215;119;90;98678;2.24;0;0.38;0.39
1987;4;24;114;17;10.8;2.8;6.4;4;1.1;0;1.2;0.16;1.9;1.9;0;699;224;134;92;98174;2.47;0;0.37;0.39
1987;4;25;115;20.9;13.4;4.2;9.7;6.3;2.7;0.7;0.6;0.16;1.9;1.9;0;706;232;138;95;97524;2.77;0;0.37;0.39
1987;4;26;116;20.7;13.7;7;10.5;7.8;5.2;0.7;-1;0.16;2;1.9;0;664;188;116;70;97287;2.81;3.73;0.37;0.39
1987;4;27;117;12.4;8.7;5;4.2;1;-2.5;-1.8;-1.5;0.16;2;1.9;0;482;132;112;59;98170;2.26;1.21;0.37;0.39
1987;4;28;118;12.8;8.1;2.1;3;-0.1;-2.5;-0.9;-0.5;0.16;2;1.9;0;678;242;144;105;98967;2.49;0;0.37;0.39
1987;4;29;119;16.4;10.8;3.8;5.2;2.8;0.6;-0.2;1.4;0.16;2.1;1.9;0;704;241;132;95;98854;2.73;0;0.36;0.39
1987;4;30;120;18.4;12.7;5.5;7.2;4.8;2.5;-0.3;1.4;0.16;2.1;1.9;0;709;243;134;95;98090;2.89;0;0.36;0.39
1987;5;1;121;21.2;14.8;5.4;12.2;7.8;4.1;0.4;-0.1;0.16;2.1;1.9;0;689;228;130;84;97460;2.88;0;0.36;0.39
1987;5;2;122;22.9;16.2;7.9;12.6;9.8;6.9;0.2;-0.1;0.16;2.1;1.9;0;616;201;110;71;97030;2.82;0.73;0.35;0.39
1987;5;3;123;20.7;15.4;8.1;12.9;10.4;7.3;0.3;0.9;0.16;2.2;1.9;0;562;182;106;72;96477;2.77;3.93;0.35;0.39
1987;5;4;124;13.2;10.6;7.9;11.1;8.4;5.8;-1.3;-1.4;0.16;2.2;1.9;0;264;64;47;19;96580;1.66;19.37;0.36;0.39
1987;5;5;125;14.2;11.4;8.6;12;9;6.2;-0.2;0.6;0.17;2.2;1.9;0;358;103;88;41;97091;1.69;8.65;0.37;0.39
1987;5;6;126;14.1;11.1;8;11.3;8.1;3.4;0.6;-3.7;0.17;2.3;1.9;0;225;66;35;25;96711;2.48;13.87;0.38;0.39
1987;5;7;127;14;10.5;7.9;3.8;2.5;1.5;1.1;-5.9;0.17;2.3;1.9;0;545;174;100;60;96896;2.75;0.5;0.38;0.39
1987;5;8;128;14.1;10.7;7;4.7;2.3;-1.2;0.9;-2.6;0.17;2.3;1.9;0;492;173;98;70;97568;2.52;0.2;0.38;0.39
1987;5;9;129;19.6;13.3;7.4;7.9;5.2;2.8;0.5;-0.7;0.17;2.4;1.9;0;559;202;120;75;97554;2.95;0.02;0.38;0.39
1987;5;10;130;22;14.7;5.6;9.3;7.1;4.3;1.8;1.9;0.17;2.4;1.9;0;725;251;131;97;97032;3.6;0;0.37;0.39
1987;5;11;131;12.7;11.1;9.2;10.4;8.9;6.6;-0.6;0.8;0.17;2.4;1.9;0;255;72;75;37;96974;1.66;8.96;0.38;0.39
1987;5;12;132;18.4;13.1;7.5;9.8;8.4;6.9;0.9;2.3;0.17;2.5;1.9;0;647;210;104;67;96644;3.04;0.64;0.38;0.39
1987;5;13;133;13.6;11.2;7.2;11;8.7;5.1;0.4;1.8;0.17;2.5;1.9;0;176;72;76;38;96177;1.99;13.52;0.38;0.39
1987;5;14;134;13.1;8.9;6.5;5.4;3.5;0.8;0.4;-0.1;0.17;2.5;1.9;0;564;142;125;59;96944;2.53;3.7;0.39;0.39
1987;5;15;135;16.4;11.2;4.4;8.2;5.1;2.6;-0.4;2.2;0.17;2.5;1.9;0;579;192;94;74;96909;2.58;0.13;0.38;0.39
1987;5;16;136;15.8;11.4;7.7;11.8;8.4;5.4;0.5;0.1;0.17;2.6;1.9;0;449;146;75;48;96684;2.58;10.88;0.38;0.39
1987;5;17;137;15.9;11.1;3.1;8.8;6.3;2.4;0.1;1.8;0.17;2.6;1.9;0;544;169;96;68;97648;2.32;0.04;0.39;0.39
1987;5;18;138;19.9;14.5;10.5;11;9.6;8.6;0.7;2.9;0.17;2.6;1.9;0;627;170;94;65;97160;2.52;0.21;0.38;0.38
1987;5;19;139;21.3;15.1;7.7;11;9.3;6.6;1;1.4;0.17;2.6;1.9;0;705;242;124;94;96937;3.47;0.09;0.38;0.38
1987;5;20;140;17.7;13.3;8.3;11;9.1;5.8;0.6;-0.9;0.17;2.7;1.9;0;489;162;81;59;96886;2.78;5.98;0.38;0.38
1987;5;21;141;10.7;9.1;7.5;4.9;1.3;0;0.8;-3.1;0.17;2.7;1.9;0;225;88;63;44;96849;2.08;0.64;0.38;0.38
1987;5;22;142;12.9;9.3;6.4;2;0.6;-0.9;2.6;-2.3;0.17;2.7;1.9;0;440;148;91;65;96666;2.5;0.26;0.38;0.38
1987;5;23;143;10.8;8.8;7.3;7.4;5;0.6;2.1;-0.8;0.17;2.7;1.9;0;143;45;57;22;96982;1.45;5.09;0.38;0.38
1987;5;24;144;17.5;12.8;6.3;9.8;7.2;5;0.4;-0.2;0.17;2.7;1.9;0;500;175;102;60;97191;2.71;0.06;0.38;0.38
1987;5;25;145;19.2;14.1;7.3;12.5;9.2;6.6;0;-0.8;0.17;2.8;1.9;0;605;218;114;74;97464;3.22;3.5;0.37;0.38
1987;5;26;146;18.6;13.8;7.8;11.9;9.5;6.9;-0.5;-0.2;0.17;2.8;1.9;0;555;200;97;74;97554;3.06;1.65;0.37;0.38
1987;5;27;147;21.3;15.3;8;13.7;11.1;7.5;0.2;-0.3;0.17;2.8;1.9;0;623;208;103;66;97207;3.11;5.61;0.37;0.38
1987;5;28;148;19.5;14.8;10.4;12.7;10.1;8.7;0.8;-0.1;0.17;2.8;1.9;0;564;184;110;60;97262;3.18;10.3;0.38;0.38
1987;5;29;149;18.6;13.9;8.7;12.5;10.4;7.9;-0.1;-0.8;0.17;2.9;1.9;0;513;178;87;63;97531;2.79;5.75;0.38;0.38
1987;5;30;150;16.9;13.3;9;8.1;6.1;5.1;0.8;-2.7;0.17;2.9;1.9;0;586;216;106;78;97723;3.76;0.42;0.38;0.38
1987;5;31;151;15.2;12.1;7.4;9.4;7.5;5.2;-0.3;-0.1;0.17;2.9;1.9;0;352;113;64;41;97584;1.7;0.09;0.38;0.38
1987;6;1;152;16.7;13.2;9.4;12;10.1;8.5;0.5;0.1;0.17;2.9;1.9;0;327;95;81;42;97592;1.35;1.07;0.38;0.38
1987;6;2;153;20;14.6;7.1;11.7;8.6;6.4;0.9;0.2;0.17;2.9;1.9;0;573;214;110;78;97633;3.39;0.09;0.37;0.38
1987;6;3;154;20.7;15.4;8.5;14.9;11.7;7.9;0.3;0;0.17;3;1.9;0;461;162;75;56;97187;2.42;4.25;0.37;0.38
1987;6;4;155;22.1;15.9;8.6;13.8;12.1;8.4;1.2;1.5;0.17;3;1.9;0;597;206;90;63;96640;3.66;6.62;0.37;0.38
1987;6;5;156;18.5;14;10.5;10.9;9.5;7.9;1.5;0;0.17;3;1.9;0;361;111;87;49;96873;2.59;4.77;0.38;0.38
1987;6;6;157;22.3;16.4;7.5;13.4;10.3;6.8;0.5;0.9;0.17;3;1.9;0;638;237;116;84;97545;3.77;0.06;0.38;0.38
1987;6;7;158;25.6;19.1;10.5;15;12.6;9.9;1.1;1.9;0.17;3;1.9;0;717;259;119;85;97344;4.43;0;0.37;0.38
1987;6;8;159;25.3;20;14.6;13.6;12.1;10.1;1.3;2.7;0.17;3.1;1.9;0;686;248;110;80;96658;4.62;0;0.37;0.38
1987;6;9;160;21.4;16.9;13.3;16.2;12.9;9;-0.8;1.4;0.17;3.1;1.9;0;429;142;81;54;96667;2.71;2.02;0.36;0.38
1987;6;10;161;22.7;17.6;12.2;13.5;10.2;7.9;1.5;1.8;0.17;3.1;1.9;0;697;247;125;90;97099;4.43;0;0.36;0.38
1987;6;11;162;24.1;17.8;10.1;12.9;10.5;8.2;0.4;0.7;0.17;3.1;1.9;0;689;243;118;87;97753;4.09;0.04;0.36;0.38
1987;6;12;163;25.2;19;11.2;14.5;12.6;9.8;0.9;1.3;0.17;3.2;1.9;0;593;233;101;83;97637;3.95;0;0.35;0.38
1987;6;13;164;26.7;20.8;13.2;16.1;14.4;11.8;0.4;1.5;0.17;3.2;1.9;0;646;240;103;81;97245;4.25;0.06;0.35;0.38
1987;6;14;165;28.6;22.5;15.2;18.3;15.9;13.5;0.5;1;0.17;3.2;1.9;0;657;243;102;83;96916;4.36;0.05;0.34;0.38
1987;6;15;166;27.5;21.8;16.1;16.3;15;13.8;1.6;3.1;0.17;3.2;1.9;0;608;209;90;70;96427;4.16;0.86;0.34;0.38
1987;6;16;167;19;15.8;11.5;13.3;9.7;8.1;1.5;0.3;0.17;3.2;1.9;0;472;159;86;63;96772;3.45;4.7;0.34;0.38
1987;6;17;168;17.4;13.2;9.6;9.4;7.9;6.5;1.1;-0.2;0.17;3.2;1.9;0;598;186;106;66;97491;3.45;2.82;0.34;0.38
1987;6;18;169;18.5;13.1;7.4;10;7.7;6.1;0.7;0.2;0.17;3.3;1.9;0;613;205;108;75;97162;3.29;2.4;0.34;0.38
1987;6;19;170;18;13.8;9.6;11;9.8;8;-0.6;1.6;0.17;3.3;1.9;0;565;193;95;64;96966;3.01;1.03;0.34;0.38
1987;6;20;171;16.7;14.3;11.7;11.9;10.7;9.9;-0.5;0.6;0.17;3.3;1.9;0;252;83;59;35;96614;1.62;1.28;0.33;0.38
1987;6;21;172;17.1;14.5;12.3;12.4;11.2;10;0.8;-1.6;0.17;3.3;1.9;0;225;79;71;32;97087;1.9;5.33;0.34;0.38
1987;6;22;173;17.1;14.8;12.1;11.9;10.6;9.4;1.4;-1.7;0.17;3.3;1.9;0;281;92;73;37;97655;2.66;6.57;0.34;0.38
1987;6;23;174;21.7;16.7;10.4;13.3;10.1;8.4;0.7;-0.1;0.17;3.3;1.9;0;678;216;113;72;97876;3.64;0.05;0.34;0.38
1987;6;24;175;22.5;16.7;10.6;15.9;12.9;9.4;0.2;0;0.17;3.3;1.9;0;611;190;94;62;97616;3.03;5.95;0.34;0.38
1987;6;25;176;21.8;16.8;11.3;14.3;13;11.2;-0.4;-0.2;0.17;3.4;1.9;0;536;176;89;50;97670;3.26;1.13;0.34;0.38
1987;6;26;177;24.5;19.4;13.4;15.8;14.3;11.9;0.2;2.3;0.17;3.4;1.9;0;556;199;91;60;97477;3.77;0.55;0.34;0.38
1987;6;27;178;22.9;18.3;13.8;15.9;13.8;11.7;0;-0.9;0.17;3.4;1.9;0;474;174;81;57;97656;3;2.43;0.33;0.38
1987;6;28;179;25.3;19.8;11.8;16.2;12.9;10.7;-0.1;-0.8;0.17;3.4;1.9;0;697;238;110;79;98137;4.35;0.01;0.33;0.38
1987;6;29;180;26.5;21.5;13.4;17.7;15;12.2;-0.2;-0.1;0.17;3.4;1.9;0;630;206;98;66;98387;3.69;0;0.33;0.38
1987;6;30;181;28;22.8;15.3;18.1;16.6;14.3;-0.3;0.6;0.17;3.4;1.9;0;664;250;109;76;98054;4.41;0;0.32;0.38
1987;7;1;182;28.7;24.2;17.4;20.3;18;15.5;-0.3;0.8;0.17;3.4;1.9;0;628;235;97;70;97549;4.13;0;0.32;0.38
1987;7;2;183;27.6;22.4;18.2;20.1;18.7;16.9;-0.1;-1.1;0.17;3.5;1.9;0;596;197;84;53;97630;3.62;4.6;0.32;0.38
1987;7;3;184;26.8;22.3;17.1;17.9;17.3;16.1;-1;-0.9;0.17;3.5;1.9;0;579;216;86;61;97752;4.06;0.02;0.32;0.38
1987;7;4;185;27.1;22.2;17.3;16.5;13.9;11.1;-0.8;-2;0.17;3.5;1.9;0;708;251;120;82;97711;4.72;0;0.31;0.37
1987;7;5;186;23.6;19.8;16;13.2;11.8;9.3;-1.5;-2.1;0.17;3.5;1.9;0;558;216;111;78;97921;3.97;0.11;0.31;0.37
1987;7;6;187;22.6;18.9;13;13.7;10.6;9.9;-0.6;-0.6;0.17;3.5;1.9;0;560;195;107;77;98133;3.33;0.02;0.3;0.37
1987;7;7;188;25.7;20.5;13.6;12.9;11.8;10.5;-0.1;1.3;0.17;3.5;1.9;0;712;256;122;89;97800;4.23;0;0.3;0.37
1987;7;8;189;28.4;22.2;14.9;15.1;13.7;11.8;0.3;1.8;0.17;3.5;1.9;0;705;247;110;85;97271;4.24;0.01;0.3;0.37
1987;7;9;190;22;18.1;13.6;17.8;15.6;12.8;0.4;-0.3;0.17;3.6;1.9;0;318;78;64;40;97336;1.77;28.17;0.31;0.37
1987;7;10;191;22.2;17.6;10.2;15;12.1;9.9;0;-0.1;0.17;3.6;1.9;0;529;195;103;72;97909;3.52;0.21;0.32;0.37
1987;7;11;192;25.1;19.9;12.9;13.8;12.1;11.1;0.1;0.9;0.17;3.6;1.9;0;645;230;112;79;97829;4.22;0;0.31;0.37
1987;7;12;193;28.3;21.8;13.8;17.2;14.6;11.3;0.1;1.1;0.17;3.6;1.9;0;710;251;113;82;97404;4.47;0;0.31;0.37
1987;7;13;194;27.3;21.4;16.3;19.6;17.5;15.1;0.1;-0.4;0.17;3.6;1.9;0;596;193;87;58;97483;3.45;5.65;0.31;0.37
1987;7;14;195;25.4;20.8;16.5;17.9;15.8;14.4;-0.2;-0.7;0.17;3.6;1.9;0;573;166;77;48;97756;3.39;1.47;0.31;0.37
1987;7;15;196;26.8;21.7;17.2;19.9;17.9;14.8;-0.2;-0.1;0.17;3.6;1.9;0;500;181;74;53;97519;3.27;5.81;0.31;0.37
1987;7;16;197;28;22.2;15.8;20.3;18;15.6;0.1;1.2;0.17;3.6;1.9;0;609;200;85;58;97034;3.96;0.72;0.31;0.37
1987;7;17;198;28;23.3;17.6;17.2;15.2;13.9;1.8;3;0.17;3.6;1.9;0;653;225;96;77;96439;4.8;0;0.31;0.37
1987;7;18;199;29.2;24.1;18.2;18.6;15.9;13.8;1.3;2.1;0.17;3.6;1.9;0;615;222;94;74;96550;4.61;0.04;0.3;0.37
1987;7;19;200;29.7;24.6;18.7;18.6;16.3;14.8;0.4;1.6;0.17;3.6;1.9;0;593;206;88;70;96811;4.2;0.12;0.3;0.37
1987;7;20;201;26.9;22.3;17.7;16.6;15.6;14.9;-0.9;-0.2;0.17;3.6;1.9;0;551;203;98;75;96968;3.78;0.21;0.29;0.37
1987;7;21;202;26.4;21.3;14.9;16;14.4;13;-0.3;-0.6;0.17;3.6;1.9;0;536;200;95;74;97056;3.63;0.28;0.29;0.37
1987;7;22;203;26.6;21.9;17.6;17.8;14.5;13.5;-0.3;0.5;0.17;3.6;1.9;0;615;208;98;73;97459;3.57;0.04;0.29;0.37
1987;7;23;204;30.3;23.5;15.1;16.6;15;13.6;0.6;1.1;0.17;3.6;1.9;0;689;236;114;81;97415;4.13;0.03;0.28;0.37
1987;7;24;205;30.2;23.7;16.4;19.4;16.7;14.6;0.1;0.2;0.17;3.6;1.9;0;653;228;99;72;97292;3.89;0.87;0.28;0.37
1987;7;25;206;24;19.9;17;17.6;17;16.2;0.5;-0.4;0.17;3.6;1.9;0;448;127;63;43;97115;2.66;18.44;0.28;0.37
1987;7;26;207;17.6;15.5;12.4;16.3;12.8;6.3;0.2;-1.1;0.17;3.6;1.9;0;193;53;56;31;97063;2.2;19.35;0.3;0.37
1987;7;27;208;19.8;15.1;8.8;8.2;6.5;5.2;0.8;1.3;0.17;3.6;1.9;0;500;189;107;81;97428;3.59;0.01;0.31;0.37
1987;7;28;209;21.5;17.2;13;11.2;9.3;6.8;0.1;-0.6;0.17;3.6;1.9;0;605;187;105;65;97268;3.63;0.67;0.31;0.37
1987;7;29;210;21.8;17.4;13.1;13.4;12.2;10.6;-0.2;1.1;0.17;3.6;1.9;0;576;179;92;61;97498;3.26;1.65;0.31;0.37
1987;7;30;211;25.7;19.6;13.2;17.2;13.7;10.9;0.1;1.6;0.17;3.6;1.9;0;636;222;103;72;97090;3.9;0.5;0.3;0.36
1987;7;31;212;19.8;17.1;14.7;15.6;14;11.7;0.4;-0.3;0.17;3.6;1.9;0;252;72;74;43;97187;1.36;7.04;0.31;0.36
1987;8;1;213;22.8;18;10.2;15.1;12.2;9.5;1;0.5;0.17;3.6;1.9;0;528;173;88;66;97181;3.11;0.06;0.31;0.36
1987;8;2;214;20.1;17.5;14.6;15.8;13.6;11.5;-0.2;-0.1;0.17;3.6;1.9;0;334;106;67;39;97135;1.86;5.31;0.3;0.36
1987;8;3;215;22.8;17.9;13.4;17.9;15.8;13.3;-0.3;-0.3;0.17;3.6;1.9;0;390;126;62;35;97209;2.38;8.33;0.31;0.36
1987;8;4;216;23.4;17.7;13.9;18.7;15.9;13;0;0;0.17;3.6;1.9;0;445;114;59;28;97087;2.64;35.05;0.32;0.36
1987;8;5;217;15.5;13;8.8;12.7;9.5;4.6;1.3;0.2;0.17;3.6;1.9;0;232;71;92;52;97258;1.81;13.82;0.35;0.36
1987;8;6;218;18.4;13.2;6.1;9.4;6.1;3.8;0.4;0.5;0.17;3.6;1.9;0;622;203;115;82;97314;3.34;0.22;0.35;0.36
1987;8;7;219;15.9;13.2;10.4;12.8;10.4;7.4;-0.6;-0.2;0.17;3.5;1.9;0;254;73;48;32;97316;1.37;4.34;0.35;0.36
1987;8;8;220;19.5;15.6;12.7;12.8;11.9;11.3;0.1;0.7;0.17;3.5;1.9;0;508;138;103;53;97667;2.4;0.08;0.35;0.36
1987;8;9;221;21.5;16.6;10.6;16.1;13.6;9.9;0.1;1;0.17;3.5;1.9;0;374;131;76;48;97498;2.13;0.29;0.35;0.36
1987;8;10;222;21.3;17.2;12.6;15;13.2;11.5;0.4;0.2;0.17;3.5;1.9;0;454;158;97;59;97462;2.84;1.72;0.35;0.36
1987;8;11;223;17.7;14.9;12.1;13.4;12.2;10.9;0.1;0.4;0.17;3.5;1.9;0;278;93;67;44;97739;1.83;4.72;0.35;0.36
1987;8;12;224;19.5;15.2;10.8;13.4;12;10.5;-0.2;-0.6;0.17;3.5;1.9;0;429;118;64;44;97605;1.97;0.29;0.35;0.36
1987;8;13;225;19.1;15.2;11.3;14.2;12.7;11.3;-0.5;-0.2;0.17;3.5;1.9;0;439;143;83;52;97631;2.54;3.79;0.35;0.36
1987;8;14;226;24.6;18.2;11.6;17.9;14.1;11;0.4;1.1;0.17;3.5;1.9;0;522;170;82;54;97378;2.92;0.04;0.35;0.36
1987;8;15;227;22.4;18.5;14.5;17.7;14.6;10.7;0.5;-1;0.17;3.5;1.9;0;288;97;88;54;97174;1.62;0.09;0.34;0.36
1987;8;16;228;21.6;17.5;13.2;12.4;10.6;9.3;0.4;-0.5;0.17;3.5;1.9;0;449;150;84;60;97698;2.97;0.08;0.34;0.36
1987;8;17;229;23;18.6;14.5;16.3;13.9;11.8;-0.8;0.6;0.17;3.5;1.9;0;552;156;77;46;97608;2.73;0;0.34;0.36
1987;8;18;230;26.5;20.2;13.6;20.5;16.6;13.1;0.4;0.3;0.16;3.4;1.9;0;559;166;71;48;97214;2.88;2.53;0.34;0.36
1987;8;19;231;24.8;20.6;14.8;18.7;15.9;14.4;0.9;-0.4;0.16;3.4;1.9;0;433;141;85;52;97527;2.77;0.04;0.34;0.36
1987;8;20;232;23.9;19.5;14.7;15.8;15;13.8;-0.2;-1.1;0.16;3.4;1.9;0;532;170;89;61;97864;2.95;0.16;0.33;0.36
1987;8;21;233;23;19;14.4;14.8;13.3;12;-0.8;-0.4;0.16;3.4;1.9;0;551;185;101;71;97859;3.14;0;0.33;0.36
1987;8;22;234;23.1;18.6;14.2;14.5;12.6;11.1;-0.8;0.6;0.16;3.4;1.9;0;487;175;108;75;97583;2.92;0;0.33;0.36
1987;8;23;235;24.1;18.6;13.6;13.1;11.7;9.8;-0.7;1.5;0.16;3.3;1.9;0;641;210;120;85;97382;3.47;0;0.33;0.36
1987;8;24;236;27.1;20.7;14.6;16.3;13.8;10.7;-0.2;1.7;0.16;3.3;1.9;0;621;203;102;75;97235;3.52;0;0.32;0.36
1987;8;25;237;27;20.7;16.1;17.1;15.3;13.1;-0.3;2;0.16;3.3;1.9;0;584;179;94;63;96931;3.26;3.17;0.32;0.36
1987;8;26;238;22.2;17.9;14.3;16.5;14.8;13.2;0;0.6;0.16;3.3;1.9;0;450;138;84;55;97272;2.46;1.66;0.32;0.36
1987;8;27;239;24.4;18.7;13.1;14.9;12.1;10.5;1.5;1.8;0.16;3.2;1.9;0;603;188;111;79;97331;3.33;0;0.32;0.36
1987;8;28;240;21.6;17.5;14.3;12.9;11;9.3;1.1;-0.5;0.16;3.2;1.9;0;462;132;92;60;97714;2.35;0.23;0.31;0.36
1987;8;29;241;21.6;17.1;11.7;13.3;11.3;9.4;0.3;0.1;0.16;3.2;1.9;0;411;100;68;44;97973;1.74;0;0.31;0.36
1987;8;30;242;22.9;18.7;15.1;15.3;14.2;12.8;-0.5;0.1;0.16;3.2;1.9;0;473;145;84;57;97866;2.24;0.14;0.31;0.36
1987;8;31;243;24.4;19.2;12.5;16.5;14.6;12.2;-0.2;-0.3;0.16;3.1;1.9;0;524;170;94;63;97654;2.59;0.03;0.31;0.36
1987;9;1;244;22;18.2;15;14.9;12.4;10;-1.2;-0.1;0.16;3.1;1.9;0;490;145;83;55;97728;2.36;0.01;0.31;0.36
1987;9;2;245;23.6;18.8;13;17.6;15.1;12.2;0;-0.4;0.16;3.1;1.9;0;471;145;78;54;97547;2.13;1.21;0.3;0.36
1987;9;3;246;23.5;19.1;14.2;17.8;15.9;14.1;-0.1;-0.2;0.16;3.1;1.9;0;429;135;79;50;97487;2.13;0.4;0.3;0.36
1987;9;4;247;24.7;20.2;14.4;18.3;15.9;13.9;0.2;-0.2;0.16;3.1;1.9;0;562;162;96;58;97413;2.41;0.29;0.3;0.36
1987;9;5;248;25.6;20.4;14.6;16.9;15.4;14.1;-0.1;0.6;0.16;3;1.9;0;512;167;101;62;97330;2.61;0.13;0.3;0.36
1987;9;6;249;18.9;16.6;13.5;15.9;14;11.4;0.8;-1;0.16;3;1.9;0;189;58;51;33;97502;1.65;12.08;0.31;0.36
1987;9;7;250;22.4;16.6;9.9;12.1;10.7;8.9;1;0.5;0.16;3;1.9;0;612;189;124;85;97944;3.04;0;0.31;0.36
1987;9;8;251;24;17;11.3;14.6;12.3;10.3;-0.1;-0.2;0.16;3;1.9;0;533;153;102;71;97597;2.54;1.62;0.31;0.36
1987;9;9;252;17.4;15.3;12.7;12.8;11.4;10.3;0.2;0.3;0.15;2.9;1.9;0;315;79;66;43;97948;1.31;1.21;0.31;0.36
1987;9;10;253;21.2;15.8;9.3;13.2;11.5;9.1;0.3;0.7;0.15;2.9;1.9;0;498;140;90;64;97854;2.04;0;0.3;0.36
1987;9;11;254;23.3;17;10.4;14.8;13;9.8;0.5;-0.2;0.15;2.9;1.9;0;514;153;95;64;97787;2.24;0.82;0.3;0.36
1987;9;12;255;25.6;18.7;12;16.8;14.7;11.8;1.1;1.2;0.15;2.9;1.9;0;562;166;103;65;97820;2.51;0;0.3;0.36
1987;9;13;256;29.2;21.4;13.5;20;16.8;12.6;1.1;0.6;0.15;2.9;1.9;0;560;171;107;78;97741;2.48;0;0.3;0.36
1987;9;14;257;29.5;21.6;14.1;20.1;17.2;13.4;1.3;0.5;0.15;2.8;1.9;0;573;170;112;80;97730;2.46;0;0.3;0.36
1987;9;15;258;26.5;21.2;14.8;19.2;17;13.8;-0.4;0;0.15;2.8;1.9;0;564;150;98;61;97945;2.14;0.52;0.29;0.35
1987;9;16;259;22;18.9;16.6;16.4;14.2;12.1;-1.1;-0.1;0.15;2.8;1.9;0;407;95;73;38;98330;1.85;1.63;0.29;0.35
1987;9;17;260;25.2;19.3;13.4;18.3;15.5;13;0.1;0.1;0.15;2.7;1.9;0;550;157;99;61;98243;2.13;0;0.29;0.35
1987;9;18;261;29.2;21.5;14;19.2;16.2;13.4;0.6;0.2;0.15;2.7;1.9;0;484;138;100;64;98012;1.99;0;0.29;0.35
1987;9;19;262;25.5;20.7;16.6;17.6;16.1;14.7;-0.4;0;0.15;2.6;1.9;0;520;153;101;68;97924;2.04;0;0.29;0.35
1987;9;20;263;28.5;20.8;13.5;17.7;16;13.1;1.3;-0.1;0.15;2.6;1.9;0;509;149;108;71;97449;2.1;0;0.29;0.35
1987;9;21;264;23.8;19.6;15.2;16;15.1;13.9;-0.9;0.7;0.15;2.6;1.9;0;429;118;82;57;97860;1.57;0;0.29;0.35
1987;9;22;265;25.9;20.5;15.7;17.5;15.7;13.9;-0.4;1.4;0.15;2.5;1.9;0;438;134;92;63;97887;1.81;0.04;0.28;0.35
1987;9;23;266;27;20.3;13.8;16.7;14.9;13.1;1.2;1.4;0.15;2.5;1.9;0;490;141;97;70;97264;1.95;0;0.28;0.35
1987;9;24;267;20.6;17.3;14.8;15.2;13.6;12.6;0.8;0.3;0.15;2.4;1.9;0;301;73;77;46;96865;1.41;4.51;0.28;0.35
1987;9;25;268;19.9;16.7;14.3;13.3;12.2;10.7;-0.6;0.5;0.15;2.4;1.9;0;509;110;101;46;96866;1.68;1.14;0.28;0.35
1987;9;26;269;23.7;19.3;14.5;17;15.4;13.4;0.9;2.6;0.15;2.4;1.9;0;296;92;66;43;96433;1.37;0.68;0.28;0.35
1987;9;27;270;18.9;13.8;9;16.4;11.7;7.1;-0.1;-1.1;0.15;2.3;1.9;0;98;26;62;28;96958;1.62;15.74;0.29;0.35
1987;9;28;271;13.4;10.4;7.2;7.9;5.5;3.2;-0.5;-0.3;0.15;2.3;1.9;0;346;95;89;60;97909;1.43;0.41;0.3;0.35
1987;9;29;272;12.8;9.7;7.1;4.8;3;1.1;-0.5;-1.1;0.15;2.2;1.9;0;425;117;102;73;98026;1.49;0.49;0.3;0.35
1987;9;30;273;11.8;8.2;4.7;3.3;2.4;1.1;-0.8;-1.8;0.15;2.2;1.9;0;400;118;95;72;98305;1.37;0.35;0.3;0.35
1987;10;1;274;12.5;8.5;4;4.4;2.8;1.9;-0.5;-1;0.15;2.2;1.9;0;382;105;84;65;98638;1.1;0;0.29;0.35
1987;10;2;275;12.2;8.4;4.2;4.4;3.1;2.1;-0.6;-0.7;0.14;2.1;1.9;0;369;94;75;56;98841;0.99;0.14;0.29;0.35
1987;10;3;276;13.7;9.4;4.9;6.1;4.3;3.1;-1.3;-0.2;0.14;2.1;1.9;0;333;95;84;53;98894;1.17;0.68;0.29;0.35
1987;10;4;277;14.1;9.8;6.8;5.8;4.9;4.1;-1.1;0.6;0.14;2;1.9;0;430;112;96;61;98534;1.12;0;0.29;0.35
1987;10;5;278;19.1;12.4;6.1;10.1;7.8;4.3;-0.1;2.2;0.14;2;1.9;0;477;132;103;74;97913;1.27;0;0.29;0.35
1987;10;6;279;20.1;15.9;11.9;13.5;11.8;9.7;0.2;3;0.14;2;1.9;0;338;91;64;46;97249;1.06;0;0.29;0.35
1987;10;7;280;20.5;16.2;13;13.2;12.4;11.4;0.3;0.7;0.14;1.9;1.9;0;408;110;101;59;97190;1.21;0.08;0.29;0.35
1987;10;8;281;20.3;15;11.1;12.2;10.4;9;1.1;2.3;0.14;1.9;1.9;0;381;105;94;60;96691;1.23;0.12;0.29;0.35
1987;10;9;282;13.3;12.1;9.5;8.1;6.7;5.6;0.3;-0.3;0.14;1.8;1.9;0;96;28;55;31;97795;0.51;0.33;0.29;0.35
1987;10;10;283;18.9;13.8;9.3;12.4;9.5;5.8;-0.6;1.3;0.14;1.8;1.9;0;460;120;103;61;97535;1.07;0;0.29;0.35
1987;10;11;284;22;16.8;12.9;14.2;12.6;10.8;-0.7;2;0.14;1.8;1.9;0;438;115;101;64;96874;1.15;0.02;0.29;0.35
1987;10;12;285;19.7;15.3;11.1;13.4;10.6;6.2;-0.5;0.9;0.14;1.7;1.9;0;403;90;103;55;96250;1.37;5.47;0.29;0.35
1987;10;13;286;13.2;10.6;7.5;7.2;5;3.6;0.9;-0.7;0.14;1.7;1.9;0;334;71;77;45;96944;1.02;0.77;0.29;0.35
1987;10;14;287;15.8;9.5;3;7.5;5.7;2.3;0.5;1;0.14;1.6;1.9;0;429;117;115;83;97246;1.07;0;0.29;0.35
1987;10;15;288;18.8;13.6;7.4;11.5;9.3;5.3;0.9;3.2;0.14;1.6;1.9;0;412;90;84;60;97106;0.89;0.02;0.29;0.35
1987;10;16;289;21.2;16.6;12.8;12.6;11.5;10.7;1.3;3.2;0.14;1.6;1.9;0;342;93;86;65;96997;1.06;0.01;0.29;0.35
1987;10;17;290;18.6;14.5;9.6;13.5;11.8;9;-0.2;-0.5;0.14;1.6;1.9;0;299;71;67;43;97446;0.61;1.42;0.29;0.35
1987;10;18;291;14.1;12.2;10.9;12.5;9.6;7.8;0.5;-2.1;0.14;1.6;1.9;0;82;23;23;15;97825;1.73;9.09;0.29;0.35
1987;10;19;292;15.5;12.2;10;8.9;8.2;6.8;-0.7;-0.3;0.14;1.5;1.9;0;319;73;76;44;98061;0.8;0;0.29;0.35
1987;10;20;293;14.1;11.6;9.5;8.9;8.2;7.6;-0.6;1.2;0.13;1.5;1.9;0;220;58;54;35;97896;0.59;0.08;0.29;0.35
1987;10;21;294;14.6;11.2;8.6;10.2;8.8;7.4;-0.5;0.3;0.13;1.5;1.9;0;189;40;59;31;97676;0.39;0.06;0.29;0.35
1987;10;22;295;13.6;10.4;6.9;11.4;9.3;6.9;0.1;-0.5;0.13;1.5;1.9;0;144;34;51;19;97750;0.41;10.21;0.29;0.35
1987;10;23;296;13.7;11.7;10.5;10.5;9.9;9.3;-0.8;-0.4;0.13;1.5;1.9;0;152;35;31;18;97854;0.63;4.18;0.3;0.35
1987;10;24;297;17.2;12.8;9.9;10.9;10.2;9.2;-0.6;0.4;0.13;1.5;1.9;0;390;92;97;50;98111;0.94;5.37;0.31;0.35
1987;10;25;298;15.5;12.4;10.2;12.2;10.7;9.8;-0.6;0;0.13;1.5;1.9;0;230;44;67;30;98369;0.41;1.47;0.31;0.35
1987;10;26;299;11.1;8.5;7.4;10;6.7;5.3;-1;-0.7;0.13;1.4;1.9;0;51;12;22;15;98794;0.86;4.05;0.31;0.35
1987;10;27;300;9.5;7.8;5.5;6.5;5.7;4.3;-0.9;0.2;0.13;1.4;1.9;0;117;26;60;28;98930;0.46;0.16;0.31;0.35
1987;10;28;301;9;6.9;4.6;4.2;3.3;0.8;-1.6;0.9;0.13;1.4;1.9;0;198;41;48;31;98754;0.52;0.32;0.31;0.35
1987;10;29;302;5.5;4;2.7;0.3;-1.8;-2.6;-1.3;0.2;0.13;1.4;1.9;0;124;33;49;27;98610;0.46;0.13;0.31;0.35
1987;10;30;303;4.4;3.8;2.9;-0.2;-1;-2.2;-0.7;-0.5;0.13;1.4;1.9;0;80;17;33;17;98203;0.42;0.47;0.31;0.35
1987;10;31;304;7.5;4.6;2.4;0.8;-0.3;-1.1;-0.4;-0.3;0.13;1.4;1.9;0;254;61;85;54;98144;0.45;0;0.31;0.35
1987;11;1;305;8.6;4.3;1.1;0.6;-0.2;-1.1;-0.1;0.9;0.12;1.4;1.9;0;372;93;106;70;98076;0.57;0;0.31;0.35
1987;11;2;306;7.1;5;2.9;5.8;3.7;0.3;0;0.4;0.12;1.4;1.9;0;102;23;40;15;97943;0.35;5.34;0.32;0.35
1987;11;3;307;9.9;6.9;4.3;7;4.1;-0.5;-1;-1.2;0.12;1.3;1.9;0;276;56;78;36;98472;0.71;1.18;0.32;0.35
1987;11;4;308;8.3;4.8;1.1;1.1;0;-1.2;-0.6;-1.5;0.12;1.3;1.9;0;289;69;84;68;99096;0.49;0;0.32;0.35
1987;11;5;309;8.3;4.1;0.2;2.3;1;-0.7;0.2;0.2;0.12;1.3;1.9;0;333;83;110;70;99206;0.46;0;0.32;0.35
1987;11;6;310;10.1;3.7;-1.5;3.6;0.8;-2.2;0.5;0.2;0.12;1.3;1.9;0;383;93;115;78;98797;0.49;0;0.32;0.35
1987;11;7;311;10;3.8;-1.1;4;1.2;-2.1;0.2;0.2;0.12;1.3;1.9;0;383;92;118;80;98335;0.45;0;0.32;0.35
1987;11;8;312;11.4;3.7;-1.5;5.2;1.2;-1.9;0.2;0;0.12;1.3;1.9;0;388;89;122;75;97659;0.49;0;0.32;0.35
1987;11;9;313;9.5;3.5;-0.7;5.3;2.1;-1;-0.2;-0.2;0.12;1.3;1.9;0;245;56;79;39;97362;0.27;0.01;0.32;0.35
1987;11;10;314;5.3;4;3.2;3.5;3;2.6;-0.7;-0.5;0.12;1.2;1.9;0;61;14;18;7;97059;0.17;3.9;0.32;0.35
1987;11;11;315;8.1;4.7;0.8;6.2;3.9;0.7;0.6;0.3;0.12;1.2;1.9;0;126;32;58;34;97188;0.31;4.57;0.32;0.35
1987;11;12;316;9.9;4.7;0.1;4.9;2.9;0;0.7;1.5;0.12;1.2;1.9;0;306;66;91;50;96795;0.44;0.05;0.32;0.35
1987;11;13;317;13.8;9.6;4.3;10.1;7.3;3.3;0.1;2.2;0.11;1.2;1.9;0;270;51;75;29;96225;0.39;0.18;0.32;0.35
1987;11;14;318;11.9;5.7;2.9;9.9;4.5;2.4;0.9;0.3;0.12;1.2;1.9;0.16;47;9;43;23;96569;0.52;24.58;0.33;0.35
1987;11;15;319;6.6;3.1;-1.8;3.9;1.7;-2.8;0.8;0.5;0.12;1.2;1.9;0.25;138;35;88;50;97619;0.4;3.65;0.35;0.35
1987;11;16;320;6.9;1.6;-2.8;1.8;-0.5;-3.1;0.8;0.8;0.12;1.2;1.9;0.21;280;56;64;49;97908;0.38;0.12;0.35;0.35
1987;11;17;321;8.1;2.7;-0.8;6.5;1.9;-1.7;1.3;-0.1;0.11;1.2;1.9;0.18;126;24;78;38;98110;0.01;5.65;0.35;0.35
1987;11;18;322;10.4;4;-1.2;2.5;0.3;-1.6;1.6;-1;0.11;1.2;1.9;0.14;335;74;105;63;98595;0.64;0;0.35;0.35
1987;11;19;323;10.7;5.5;0.8;3.5;1.6;-1;1.3;0.6;0.11;1.2;1.9;0.08;274;48;86;38;98346;0.32;0.25;0.35;0.35
1987;11;20;324;8.7;5.3;2.1;4.8;1.4;-1.9;1.1;-0.7;0.11;1.2;1.9;0.03;120;27;74;42;96780;0.32;0.37;0.35;0.35
1987;11;21;325;8.1;3.6;-0.5;-0.2;-1.6;-3.1;0.1;-1.8;0.11;1.2;1.9;0;235;50;85;60;96921;0.37;0;0.35;0.35
1987;11;22;326;7.6;3;0.1;-0.8;-2.7;-3.7;0.4;-0.8;0.11;1.2;1.9;0;292;68;118;81;96682;0.39;0;0.35;0.35
1987;11;23;327;7.1;2.1;-1.5;-0.5;-2.2;-3.8;-0.4;1.5;0.11;1.2;1.9;0;315;65;106;66;96288;0.32;0.61;0.35;0.35
1987;11;24;328;6;3.6;1.2;5.2;3;0.1;-0.1;-0.7;0.11;1.2;1.9;0;95;16;24;8;96176;0.13;5.34;0.35;0.35
1987;11;25;329;11.1;7.2;3.3;6.8;4.6;2.4;0;2.7;0.11;1.2;1.9;0;265;58;102;56;95904;0.52;3.83;0.36;0.35
1987;11;26;330;8.7;4.3;0.1;6.2;3.3;-0.1;0.3;-0.2;0.11;1.2;1.9;0;171;35;65;37;96435;0.26;1.39;0.36;0.35
1987;11;27;331;7.3;5;3.1;3.7;2.6;1.1;1.8;-1.1;0.11;1.2;1.9;0;100;20;43;22;96295;0.87;6.65;0.36;0.35
1987;11;28;332;4.5;3.4;2.6;2.9;2.3;1.7;0.4;-0.2;0.11;1.2;1.9;0.02;107;22;31;19;97567;0.39;7.8;0.37;0.35
1987;11;29;333;5.2;3.6;1.8;2.1;1.8;1.2;-0.2;-1.3;0.11;1.2;1.9;0.02;136;24;37;20;97994;0.51;5.31;0.37;0.35
1987;11;30;334;4.7;3.9;2.9;3.4;2.6;1.7;0.1;-2;0.11;1.2;1.9;0.03;51;9;13;9;98019;0.63;17.02;0.39;0.35
1987;12;1;335;5.8;4;1.7;2.8;1.3;-2;0;-1.8;0.11;1.2;1.9;0;147;28;63;29;98270;0.74;5.96;0.4;0.35
1987;12;2;336;3.9;1.4;-1;-1.5;-2.4;-3.2;-0.1;-1.2;0.11;1.2;1.9;0.04;177;36;64;42;98607;0.24;0.37;0.39;0.35
1987;12;3;337;3.8;1.4;0;-1.2;-1.9;-2.8;0;0;0.11;1.2;1.9;0.32;170;37;86;40;98975;0.22;0.04;0.39;0.35
1987;12;4;338;3.4;1.7;0.3;0.4;-0.9;-1.5;-0.7;1.7;0.11;1.2;1.9;0.33;103;23;43;23;98745;0.24;0.29;0.39;0.35
1987;12;5;339;7.1;2.7;-0.4;2.8;0.5;-1.5;0.2;1.3;0.11;1.2;1.9;0.34;259;54;93;53;97686;0.21;0;0.39;0.35
1987;12;6;340;4.2;3.4;2.5;3.6;2.7;1.8;0;-0.2;0.11;1.2;1.9;0.28;28;5;23;6;96678;0.05;3.2;0.39;0.35
1987;12;7;341;6.4;2.8;0;4;1.5;-2.1;-0.7;-0.1;0.11;1.2;1.9;0.31;156;31;41;22;97064;0.44;2.66;0.39;0.35
1987;12;8;342;0.2;-1.7;-4.3;-2.3;-6.9;-11.9;-1.3;-1.4;0.16;1.2;1.9;4.05;96;19;88;39;97847;0.36;3.14;0.39;0.35
1987;12;9;343;-2.9;-4.4;-5.7;-10.4;-11.4;-12.1;-0.7;-1.2;0.17;1.2;1.9;4.46;240;50;97;70;97894;0.11;0;0.39;0.35
1987;12;10;344;-1.6;-4.4;-7;-9.4;-11.1;-12.5;0.3;0;0.17;1.2;1.9;4.29;272;58;126;77;97623;0.07;0;0.39;0.35
1987;12;11;345;3.1;-2.9;-8.1;-5.6;-10.9;-15.5;1.1;0;0.16;1.2;1.9;4.13;258;51;90;59;97203;0.08;0;0.39;0.35
1987;12;12;346;2.2;-2.5;-5.7;-5;-6.3;-8.1;0;0.4;0.16;1.2;1.9;3.91;241;53;103;70;97791;0.04;0;0.38;0.35
1987;12;13;347;-0.6;-2.8;-4.9;-4.5;-5.1;-6.2;-0.6;0.2;0.16;1.2;1.9;3.76;146;32;53;38;97853;0.04;0.13;0.38;0.35
1987;12;14;348;0.7;-2.3;-3.5;-3.8;-4.7;-5.5;-0.6;0.5;0.16;1.2;1.9;3.87;227;44;97;45;97004;0.05;0.13;0.38;0.35
1987;12;15;349;1;-2.4;-4.3;-3.2;-4.3;-5.1;-0.2;0.5;0.16;1.2;1.9;3.79;205;44;92;54;97198;0.05;0;0.38;0.35
1987;12;16;350;3;-0.8;-4.2;-1.6;-2.9;-4.7;0;0.9;0.15;1.2;1.9;3.59;245;47;95;43;97498;0.05;0.05;0.38;0.35
1987;12;17;351;4.3;0.2;-1.8;1.7;-1.5;-3;0.5;0.4;0.15;1.2;1.9;3.29;128;23;50;22;97615;0.03;1.32;0.38;0.36
1987;12;18;352;4.1;1.3;-0.8;3.4;0.6;-1.6;1;0.4;0.15;1.2;1.9;3.04;52;11;28;3;97674;-0.02;9.68;0.39;0.36
1987;12;19;353;7.4;3.1;0.1;5.7;1.5;-2.5;1.7;0;0.14;1.2;1.9;2.47;188;29;74;35;97267;0.01;1.47;0.39;0.36
1987;12;20;354;7.2;1.8;-1.9;4.3;0.1;-3.6;1.4;0.4;0.13;1.1;1.9;1.89;196;36;61;34;98083;0.1;3.37;0.39;0.36
1987;12;21;355;8.5;2.8;-0.9;6.4;1.8;-1.3;1.3;0.2;0.12;1.1;1.9;1.49;176;36;73;36;98073;0.02;0.35;0.39;0.36
1987;12;22;356;6.4;2.2;-1.1;5.2;1.5;-1.7;1;-0.1;0.12;1.1;1.9;1.11;103;21;38;17;98484;-0.01;0.17;0.39;0.36
1987;12;23;357;6.8;1.5;-1.4;2.6;-0.2;-2.4;0;0.1;0.11;1.1;1.9;0.88;248;53;105;62;98594;0.19;0.05;0.39;0.36
1987;12;24;358;3;0.1;-1.8;0;-1.9;-3.2;0;0.5;0.11;1.1;1.9;0.79;202;43;71;48;98730;0.21;0.12;0.39;0.36
1987;12;25;359;2.9;-0.4;-2.3;-1.5;-2.5;-3.2;-0.4;0.8;0.11;1.1;1.9;0.71;250;53;95;63;98506;0.08;0;0.39;0.36
1987;12;26;360;4.2;-0.4;-3.1;-0.3;-2.4;-4.3;0.4;0.2;0.11;1.1;1.9;0.64;246;48;94;55;98896;0.04;0;0.39;0.36
1987;12;27;361;6;0.9;-1.8;1.6;-1.6;-3.9;1.4;0.1;0.11;1.1;1.9;0.56;190;40;79;38;98923;0.03;0;0.39;0.36
1987;12;28;362;9.7;3.3;0.2;5.2;0.8;-1.6;1.5;-0.4;0.11;1.1;1.9;0.45;261;45;96;35;98604;0.13;0.01;0.39;0.36
1987;12;29;363;10;2.7;-1.4;5.6;0.5;-2.7;1.4;-0.2;0.11;1.1;1.9;0.34;260;54;101;55;98823;0.14;0;0.38;0.36
1987;12;30;364;7.9;1.5;-1.4;3.7;-0.6;-3.1;1.4;-0.3;0.1;1.1;1.9;0.27;227;47;73;50;98338;0.12;0;0.38;0.36
1987;12;31;365;6.5;2.1;-1.1;2.2;-0.2;-1.8;0;0.5;0.1;1.1;1.9;0.2;263;54;97;60;97663;0.14;0;0.38;0.36
1988;1;1;1;5.3;0.7;-2.4;1.8;-0.6;-2.9;0.3;0.2;0.1;1.1;1.9;0.15;222;49;77;53;97374;0.07;0;0.38;0.36
1988;1;2;2;6.3;1.2;-1.9;2.4;-0.3;-2.3;0.9;1;0.1;1.1;1.9;0.15;258;50;81;49;96932;0.05;0.02;0.38;0.36
1988;1;3;3;6.8;3.2;-1.1;4.9;1.8;-1.4;1.1;0.6;0.1;1.1;1.9;0.14;136;24;64;32;96319;-0.01;0.14;0.38;0.36
1988;1;4;4;7.1;1.6;-2;4.3;0.5;-2.3;0.8;0.7;0.1;1;1.9;0.1;217;46;71;48;96841;0.1;0;0.38;0.36
1988;1;5;5;9.3;2.5;-1.5;3.9;0.4;-2.4;1.4;0.9;0.1;1;1.9;0.04;259;54;94;60;97273;0.16;0;0.38;0.36
1988;1;6;6;11.2;5.6;0.2;5.9;2.9;-0.7;2.3;1.9;0.1;1;1.9;0;268;58;99;73;97064;0.19;0;0.38;0.36
1988;1;7;7;6;4;1.3;4.6;3.1;0.8;0.8;-0.6;0.1;1;1.9;0;59;10;52;15;97347;0.17;8.39;0.38;0.36
1988;1;8;8;6.1;1.7;-1.3;1;-1.5;-4.1;1.2;-0.6;0.1;1;1.9;0;205;44;80;53;98213;0.31;0.03;0.38;0.36
1988;1;9;9;5.6;1;-2.1;-1.2;-2.8;-4.5;0.1;-0.8;0.1;1;1.9;0;266;54;86;65;98926;0.17;0;0.38;0.36
1988;1;10;10;3.2;0.2;-1.7;-1.1;-2.4;-3.1;0.3;-0.3;0.1;1;1.9;0;255;53;84;52;98826;0.12;0.05;0.38;0.36
1988;1;11;11;1.7;-0.3;-1.5;-2.3;-2.6;-3.1;0.1;0.2;0.1;1;1.9;0.15;192;38;64;32;98265;0.07;0.26;0.38;0.36
1988;1;12;12;4.9;0;-3.1;-1.8;-3.6;-4.4;0.1;0.4;0.1;1;1.9;0.31;303;67;124;79;98401;0.13;0;0.38;0.36
1988;1;13;13;2.9;-0.9;-3;-2.3;-3.6;-4.1;-0.6;1.1;0.1;1;1.9;0.28;249;59;92;70;98388;0.06;0;0.38;0.37
1988;1;14;14;0.7;-2.2;-3.9;-2.8;-3.6;-4.8;-0.9;0.6;0.1;1;1.9;0.26;195;45;90;56;98361;0.04;0;0.38;0.37
1988;1;15;15;2.1;-1.2;-3.4;-1.5;-3;-4.2;-0.7;0.5;0.1;1;1.9;0.26;165;35;49;28;98456;0.04;0.13;0.38;0.37
1988;1;16;16;5.6;0.3;-2.5;2.1;-1.1;-3.1;-0.1;-0.1;0.1;1;1.9;0.2;258;56;100;47;98625;0.07;0;0.38;0.37
1988;1;17;17;4.9;-0.7;-3.8;1.1;-2.2;-4.3;0.4;-0.1;0.1;1;1.9;0.15;264;56;86;57;98391;0.05;0.01;0.37;0.37
1988;1;18;18;3.1;-0.2;-2.7;0.2;-1.4;-3.4;-0.2;0.2;0.1;1;1.9;0.15;256;52;76;33;98387;0.04;0.07;0.37;0.37
1988;1;19;19;4.3;1.6;-0.3;3.1;1.2;-0.5;-0.6;0.3;0.1;0.9;1.9;0.15;157;36;40;15;97943;0;0.14;0.37;0.37
1988;1;20;20;4.6;2.1;0.6;3.7;1.9;0.6;-0.7;0.8;0.1;0.9;1.9;0.15;115;24;13;7;97628;0.13;0.28;0.37;0.37
1988;1;21;21;2.4;1.5;0.6;2.3;1.4;0.4;-0.6;-0.2;0.1;0.9;1.9;0.28;62;13;11;3;97306;0.09;3.3;0.37;0.37
1988;1;22;22;3.5;1.4;-0.8;1;0.3;-1.3;-0.2;0.5;0.12;0.9;1.9;1;145;30;55;21;97039;0.21;1.23;0.37;0.37
1988;1;23;23;4.8;0.7;-3.1;0.4;-1.8;-6.9;0.4;-0.4;0.2;0.9;1.9;6.37;178;38;93;38;96967;0.25;7.02;0.37;0.37
1988;1;24;24;3.8;-0.2;-3.9;-2.7;-4.7;-8;0.5;1.1;0.2;0.9;1.9;6.43;240;47;74;46;97067;0.19;0.08;0.37;0.37
1988;1;25;25;6.5;2.5;-1.7;2.6;-0.3;-3.8;1.1;1.5;0.19;0.9;1.9;5.47;140;33;59;33;96276;0.08;4.44;0.37;0.37
1988;1;26;26;9.5;3.7;-0.7;4.6;1.9;-1.8;1.1;0.5;0.16;0.9;1.9;3.79;267;50;105;44;96444;0.23;6.4;0.39;0.37
1988;1;27;27;9.4;2.3;-2.2;3.7;-0.3;-3.4;1;0.2;0.14;0.9;1.9;2.64;319;76;111;69;97189;0.21;0;0.39;0.37
1988;1;28;28;9.4;3.5;-2;4.6;1.4;-2.5;0.9;1;0.13;0.9;1.9;1.82;294;68;88;56;97042;0.1;0;0.39;0.37
1988;1;29;29;12.7;8.4;4.7;7.7;5.8;3.6;0.7;2.9;0.12;0.9;1.9;0.93;210;46;80;41;95730;0.26;0.23;0.39;0.37
1988;1;30;30;7.5;4.9;1.1;5.9;3.5;0.1;0.7;0.4;0.11;0.9;1.9;0.31;132;27;51;30;94917;0.53;12.43;0.4;0.37
1988;1;31;31;7.6;2.8;-2.2;1.2;-2.8;-5.4;1.8;-1.5;0.1;0.9;1.9;0.22;341;78;107;78;96060;0.59;0.05;0.4;0.37
1988;2;1;32;7.6;3;-2.4;-3.8;-5.4;-6.2;0.6;1.6;0.1;0.9;1.9;0.21;379;88;128;85;97296;0.51;0;0.39;0.37
1988;2;2;33;4.2;2.1;-2.3;1.8;-1;-4.7;0.9;1.2;0.1;0.9;1.9;0.3;94;20;82;45;96865;0.23;3.19;0.39;0.37
1988;2;3;34;9.4;1.5;-3.9;0.7;-2;-5;1.6;0.6;0.11;0.9;1.9;0.35;351;85;113;80;97418;0.47;0.02;0.39;0.37
1988;2;4;35;10.4;3.6;-2.6;2.2;-0.5;-3.9;1.1;2.2;0.11;0.9;1.9;0.26;380;92;117;83;97373;0.34;0;0.39;0.37
1988;2;5;36;10.8;4.3;0.1;2.6;0.7;-0.9;1.3;1.4;0.1;0.9;1.9;0.13;394;90;108;76;96875;0.39;0;0.39;0.37
1988;2;6;37;11.2;5.5;-1.6;6.6;2.5;-2.6;1.2;2.3;0.1;0.8;1.9;0.08;321;73;81;49;96720;0.32;0.19;0.39;0.37
1988;2;7;38;14.5;10.1;4.8;8;6.4;3.1;0.5;2.9;0.1;0.8;1.9;0;299;66;92;40;96620;0.68;8.06;0.39;0.37
1988;2;8;39;8.5;4.4;1.9;2.1;1.7;1.4;0.4;1.6;0.1;0.8;1.9;0;209;41;67;34;96494;0.59;4.08;0.4;0.37
1988;2;9;40;7.3;3.7;1.5;1.2;-4.7;-6.2;1;0.3;0.1;0.8;1.9;0;417;101;134;76;96727;0.87;0.25;0.4;0.37
1988;2;10;41;2.7;1.5;0;1.7;-0.4;-3.6;0.8;0.4;0.13;0.8;1.9;2.39;126;24;40;25;96882;0.31;15.9;0.4;0.37
1988;2;11;42;5.8;0.5;-4.1;0.2;-2.3;-6.1;0.6;0.9;0.25;0.8;1.9;9.19;272;57;100;54;97180;0.37;2.73;0.4;0.37
1988;2;12;43;8.5;2.8;-3;3.7;0.2;-6.3;0.3;0.8;0.22;0.8;1.9;7.17;197;47;46;21;96722;0.17;6.72;0.4;0.37
1988;2;13;44;3.9;2.7;1.6;1.7;-1.5;-3.2;0.6;-2.5;0.19;0.8;1.9;5.72;102;24;32;23;98046;1.1;2.87;0.41;0.37
1988;2;14;45;6.5;2.4;-1;-0.8;-2.6;-4.9;-0.1;-1.4;0.18;0.8;1.9;5.09;361;91;105;65;99222;0.46;0;0.41;0.38
1988;2;15;46;6.4;2.6;-1.2;1.3;-0.6;-2.9;0;0;0.16;0.8;1.9;3.87;292;71;73;41;99179;0.27;0.02;0.41;0.38
1988;2;16;47;6.6;2.6;-0.9;0.6;-0.8;-3.1;-0.1;1.3;0.15;0.8;1.9;2.93;355;85;121;61;98702;0.37;0.03;0.4;0.38
1988;2;17;48;7.4;1.5;-2.1;0.1;-2.2;-4.3;0.1;0;0.14;0.8;1.9;2.22;425;106;121;77;97668;0.37;0;0.4;0.38
1988;2;18;49;7.4;2.6;-1.3;-2.7;-4.3;-6.5;1.5;-0.7;0.13;0.8;1.9;1.73;377;84;97;58;97473;0.47;0.02;0.4;0.38
1988;2;19;50;8;2.7;-1;-2.2;-4.1;-5.2;2.1;-0.5;0.13;0.8;1.9;1.37;357;91;101;65;97155;0.63;0.46;0.4;0.38
1988;2;20;51;3.9;0;-3.5;0;-3.7;-8.4;0.1;-0.9;0.13;0.8;1.9;1.89;226;63;78;59;97809;0.69;4.7;0.4;0.38
1988;2;21;52;2.7;-2;-5.8;-7.4;-8.9;-10.5;-0.8;-0.2;0.15;0.8;1.9;2.92;442;115;133;93;98827;0.35;0;0.4;0.38
1988;2;22;53;7.7;1.6;-2.8;-2.3;-5.2;-8.1;1.4;-0.1;0.14;0.9;1.9;2.47;382;95;99;65;98287;0.32;0;0.4;0.38
1988;2;23;54;8.8;2.5;-2;-0.9;-2.7;-5;1.3;1.1;0.14;0.9;1.9;1.84;435;112;116;72;97004;0.42;0.15;0.39;0.38
1988;2;24;55;2;0.6;-0.4;-0.3;-1.6;-3.1;-0.4;-1.8;0.18;0.9;1.9;5.01;145;36;42;26;95952;0.55;9.68;0.39;0.38
1988;2;25;56;3.6;0.7;-2.2;-3;-6;-10.1;1.6;-2.1;0.3;0.9;1.9;12.43;233;57;71;41;95698;0.94;3.54;0.39;0.38
1988;2;26;57;4.8;1.1;-1.7;-6;-7.5;-9.5;0.4;-2.8;0.28;0.9;1.9;11.47;375;87;125;55;96397;0.82;1.37;0.39;0.38
1988;2;27;58;2.3;1.1;0.3;-1.7;-3.7;-5.7;1.3;-3.2;0.34;0.9;1.9;17.5;77;20;25;19;96346;0.65;10.4;0.39;0.38
1988;2;28;59;4.5;0.1;-6.6;-2.6;-4.2;-8.5;1.3;0.7;0.35;0.9;1.9;20.04;298;67;78;44;96381;0.57;0.66;0.39;0.38
1988;2;29;60;3.6;-2;-9.1;-1.2;-5.6;-11.4;0.2;0.4;0.33;0.9;1.9;17.46;304;75;99;49;95506;0.48;0.49;0.39;0.38
1988;3;1;61;5.5;-1.3;-8.9;-4.3;-7;-10;1.6;-0.1;0.31;0.9;1.9;15.16;356;90;120;64;95385;0.69;0.23;0.39;0.38
1988;3;2;62;2.9;-0.9;-4.3;-7.8;-9.2;-10.1;1.7;-1.5;0.29;0.9;1.9;13.19;337;92;110;63;96539;0.75;0.11;0.39;0.38
1988;3;3;63;3.9;-0.4;-4.6;-4.1;-8.1;-11;0.5;0.6;0.26;1;1.9;11.66;375;98;110;64;97137;0.53;0.03;0.39;0.38
1988;3;4;64;8.3;2.3;-2.7;-1.1;-4.5;-9.1;1.1;1.2;0.23;1;1.9;9.39;470;117;127;74;96666;0.48;0;0.39;0.38
1988;3;5;65;6.3;2.4;-1;3.5;0.7;-2.4;0.1;0.8;0.21;1;1.9;7.11;243;52;73;37;96469;0.17;12.09;0.39;0.38
1988;3;6;66;6.7;2.1;-1.8;0.8;-3.9;-8;0.4;-1;0.21;1;1.9;6.77;339;83;127;53;96936;0.81;0.58;0.4;0.38
1988;3;7;67;4.5;0.6;-3.3;-1.2;-3.9;-6.3;0.8;0.6;0.19;1;1.9;5.88;258;66;58;47;96551;0.21;0.29;0.4;0.39
1988;3;8;68;4.6;0.6;-3;-3.9;-6.9;-9.4;1.4;-2.5;0.18;1;1.9;5.06;487;134;114;82;96807;0.83;0.16;0.4;0.39
1988;3;9;69;3.4;0.5;-1.1;-8;-8.9;-9.4;0.8;-4.9;0.18;1;1.9;4.55;349;102;85;62;97649;0.91;0;0.4;0.39
1988;3;10;70;5.7;1;-2.7;-6.3;-7.9;-8.7;0.6;-2.6;0.17;1;1.9;4.13;471;137;115;85;98205;0.92;0;0.4;0.39
1988;3;11;71;8.7;1.7;-2.9;-3.4;-5.8;-7.5;1.5;-0.5;0.17;1;1.9;3.53;414;104;114;66;97764;0.54;0.24;0.4;0.39
1988;3;12;72;10.1;3.4;-1.9;0.7;-3;-7.1;1.5;0.8;0.16;1;1.9;2.78;378;97;83;51;96832;0.63;1.99;0.39;0.39
1988;3;13;73;6;2;-1.9;1.3;-0.2;-2.6;0;1.4;0.15;1;1.9;2.36;349;88;72;50;96834;0.83;2.23;0.4;0.39
1988;3;14;74;11.5;3.8;-2.5;3.5;0.7;-3.3;0.4;0.3;0.15;1.1;1.9;1.61;307;97;95;60;96511;0.52;0.03;0.4;0.39
1988;3;15;75;9.5;4.1;-0.9;4.1;1.4;-1.5;-0.6;1.4;0.14;1.1;1.9;0.96;313;85;61;40;97154;0.44;0.03;0.39;0.39
1988;3;16;76;13;8.1;2.9;5.1;3.4;1.7;1.7;3;0.13;1.1;1.9;0.47;359;93;72;43;95852;0.78;0;0.39;0.39
1988;3;17;77;12.5;7.7;2.4;5.1;1.1;-2.1;0.8;-1.5;0.13;1.1;1.9;0.18;455;132;115;71;95865;1.07;0.13;0.39;0.39
1988;3;18;78;5.4;2.6;-2.2;0.6;-2.1;-4.1;-0.2;-0.1;0.13;1.1;1.9;0.13;285;74;78;54;96985;0.61;0.76;0.39;0.39
1988;3;19;79;8.4;2.1;-2.9;-4;-6.5;-9.5;-0.4;-0.9;0.13;1.1;1.9;0.11;552;166;137;92;98036;1.17;0.01;0.39;0.39
1988;3;20;80;12.2;5.2;0.7;3.7;-1.8;-7.3;0.2;0.9;0.13;1.2;1.9;0.11;518;130;105;54;97636;0.84;0.09;0.39;0.39
1988;3;21;81;11.4;5.9;0.7;5.2;2.3;-0.9;1.5;0.8;0.13;1.2;1.9;0.08;284;67;63;42;97062;0.58;0.67;0.38;0.39
1988;3;22;82;9.4;6;2.8;6.8;4.5;1.9;1.1;-0.1;0.13;1.2;1.9;0.02;186;42;43;25;96999;0.47;11.77;0.39;0.39
1988;3;23;83;13;8;3;3.6;1.2;-1.5;0.6;-0.4;0.13;1.2;1.9;0;497;143;122;62;97228;1.37;2.4;0.39;0.39
1988;3;24;84;10.7;5.8;1.2;4.5;0.7;-1.6;0.8;-0.8;0.13;1.2;1.9;0;357;96;103;61;97329;1.02;1.51;0.39;0.39
1988;3;25;85;12.4;6.4;1.9;4.9;2;-0.9;0.9;1.5;0.13;1.2;1.9;0;392;104;79;54;96802;1.09;2.42;0.39;0.39
1988;3;26;86;13.8;6.6;-1;4.3;0.8;-2.1;0.7;0.2;0.14;1.3;1.9;0;548;164;113;78;96743;1.55;1.9;0.39;0.39
1988;3;27;87;10.6;4.8;-1.7;3.3;-1.7;-3.6;1.4;-1.3;0.14;1.3;1.9;0;505;159;106;79;96976;1.48;0.36;0.39;0.39
1988;3;28;88;9.2;4.2;-1.4;-0.7;-3.3;-4.5;1.8;-1.8;0.14;1.3;1.9;0;494;147;113;78;97387;1.22;0.3;0.39;0.39
1988;3;29;89;12.1;5.5;-1.3;-1;-2.7;-4.4;0.1;-0.3;0.14;1.3;1.9;0;563;174;110;88;97513;1.39;0;0.39;0.39
1988;3;30;90;14;7.7;1.4;1.6;0;-2.3;0.5;2.1;0.14;1.3;1.9;0;607;165;120;77;96888;1.4;0.02;0.39;0.39
1988;3;31;91;11.6;6.4;1.5;7.9;4.5;0.4;-0.6;0.9;0.14;1.4;1.9;0;295;63;70;33;96529;0.85;12.98;0.39;0.39
1988;4;1;92;12.2;6;0.4;4.1;2.2;0.1;0.4;-0.7;0.14;1.4;1.9;0;563;157;114;61;96867;1.45;0.59;0.39;0.39
1988;4;2;93;12.1;6.5;-1;5.9;2.3;-2.3;0.1;0.2;0.14;1.4;1.9;0;523;158;99;73;97589;1.42;1.19;0.39;0.39
1988;4;3;94;13.7;7.8;0.4;5.4;3.3;0.1;0.1;0.5;0.14;1.4;1.9;0;476;139;94;65;97929;1.34;0.01;0.39;0.39
1988;4;4;95;12.7;8.8;4.2;6.5;4.9;3;-0.7;0.5;0.14;1.4;1.9;0;408;113;78;45;97783;1;0.18;0.39;0.39
1988;4;5;96;9.9;8.2;5.8;8.3;6.9;5.3;-0.9;-1.4;0.14;1.4;1.9;0;110;35;32;14;97637;0.76;6.98;0.39;0.39
1988;4;6;97;13.3;10.4;7.8;8.7;7.5;6.6;-0.7;-1.3;0.14;1.5;1.9;0;233;52;36;16;97643;0.78;3.3;0.39;0.39
1988;4;7;98;11.4;9.8;7.5;8.5;7.5;6.7;-0.7;-0.3;0.14;1.5;1.9;0;149;44;32;17;97328;0.71;3.01;0.4;0.39
1988;4;8;99;17.3;11.3;6.2;6.9;5.6;4.2;1.8;1.2;0.14;1.5;1.9;0;590;182;114;73;96777;1.91;0.06;0.39;0.39
1988;4;9;100;17.7;11;4.3;8.6;6.1;3.5;0.3;0.1;0.15;1.5;1.9;0;622;188;124;76;97051;1.95;1.85;0.39;0.39
1988;4;10;101;8.5;5.7;1.4;6.8;2.3;-1.4;-0.7;-0.1;0.15;1.5;1.9;0;327;85;107;55;97694;1.5;7.32;0.4;0.39
1988;4;11;102;13.3;6.8;-0.8;1.5;0.6;-1.6;0;1.5;0.15;1.6;1.9;0;692;217;133;99;98040;1.87;0;0.39;0.39
1988;4;12;103;18.8;11;2.4;5.9;3.7;0.3;0.8;1.8;0.15;1.6;1.9;0;663;200;127;83;97411;2.08;0.15;0.39;0.39
1988;4;13;104;15.5;11.6;5.8;8.7;6.2;-1.1;1.1;-0.8;0.15;1.6;1.9;0;368;124;86;52;96892;1.95;1.66;0.39;0.39
1988;4;14;105;8.9;5.4;1.6;-2.9;-6.3;-8.3;-0.3;-3.7;0.15;1.6;1.9;0;641;200;120;101;98220;1.98;0;0.39;0.39
1988;4;15;106;10.1;5.4;0.7;-0.8;-4.4;-7.5;-0.6;-0.6;0.15;1.6;1.9;0;710;235;148;109;98140;1.94;0;0.38;0.39
1988;4;16;107;12.7;6.3;-0.9;-0.2;-1.9;-3.5;-0.3;-0.5;0.15;1.7;1.9;0;719;239;156;111;97654;2.12;0;0.38;0.39
1988;4;17;108;14.1;7.6;-1;3.2;0.5;-2.7;-0.5;1;0.15;1.7;1.9;0;710;222;138;96;97418;2.11;0;0.38;0.39
1988;4;18;109;18.4;11.5;2.3;8.7;4.5;0.3;-0.2;-0.1;0.15;1.7;1.9;0;707;230;142;93;97335;2.37;0;0.38;0.39
1988;4;19;110;19.6;13.2;5.4;9.8;6.8;4.9;-0.5;-0.1;0.15;1.8;1.9;0;613;206;132;84;97235;2.36;0.02;0.37;0.39
1988;4;20;111;20.4;14.5;7.1;8.2;6.7;5.6;-0.5;1.3;0.15;1.8;1.9;0;646;214;126;84;97087;2.59;0.09;0.37;0.39
1988;4;21;112;16.7;12.8;8.7;10.6;8.5;7.3;0.3;-0.8;0.15;1.8;1.9;0;385;130;84;48;97527;2.01;3.34;0.37;0.39
1988;4;22;113;17.8;12.9;7.5;10.2;7.4;4.9;0.4;0;0.16;1.8;1.9;0;569;178;107;70;97384;2.3;2.39;0.37;0.39
1988;4;23;114;18.6;10.9;3;9.7;5.4;-3.3;-1.2;-1.3;0.16;1.9;1.9;0.01;580;187;111;69;97070;2.75;4.95;0.37;0.39
1988;4;24;115;6.7;3.3;0.5;-1.2;-2.7;-3.9;-0.6;-0.1;0.23;1.9;1.9;5.43;495;146;118;63;97582;1.62;7.36;0.37;0.39
1988;4;25;116;10.4;5.3;-0.8;1.7;-1.1;-4.5;-0.1;0.9;0.21;1.9;1.9;3.95;679;232;140;95;97295;1.91;0;0.37;0.39
1988;4;26;117;13.7;7.7;0.5;3.9;2.3;-0.3;-0.7;0.6;0.18;2;1.9;1.78;593;194;111;77;97458;1.93;0;0.37;0.39
1988;4;27;118;15.6;10.5;4.8;6.2;4.5;2.8;-1.3;0.7;0.17;2;1.9;0.61;640;218;122;83;97783;2.31;0;0.37;0.39
1988;4;28;119;15;10.5;5.3;10.3;7.4;4.1;-1;-1;0.16;2;1.9;0.19;344;94;51;33;97474;1.21;7.71;0.37;0.39
1988;4;29;120;14.3;11.2;9.2;10.7;9.3;8.1;-1;-1.3;0.16;2.1;1.9;0.01;222;65;41;23;97164;1.46;10.17;0.38;0.39
1988;4;30;121;15.9;11.9;8;10.9;9.5;7.4;-0.7;-0.4;0.16;2.1;1.9;0;487;133;74;41;97136;1.84;3.93;0.38;0.39
1988;5;1;122;17.8;13.4;8.5;9.9;9;8;-0.6;1.5;0.16;2.1;1.9;0;540;176;90;65;97234;2.53;1.04;0.38;0.39
1988;5;2;123;19.6;14.6;8.6;9.3;8.1;6.6;1.6;3.2;0.16;2.1;1.9;0;535;173;93;75;97124;2.57;0;0.38;0.39
1988;5;3;124;18.9;14.2;10.6;9.9;8.9;7.9;1.6;3;0.16;2.2;1.9;0;578;169;99;78;97022;2.26;0.3;0.37;0.39
1988;5;4;125;20.2;14.2;6.6;9.3;7.7;6;1.6;1.7;0.16;2.2;1.9;0;587;203;112;78;97302;2.88;0.5;0.37;0.39
1988;5;5;126;18;13.9;10.2;11.6;10;9.1;1;0.4;0.17;2.2;1.9;0;477;117;76;43;97395;2.03;8.42;0.38;0.39
1988;5;6;127;21.2;14.7;8.3;13.1;10.5;7.6;0.2;-0.9;0.17;2.3;1.9;0;628;202;113;74;97922;2.76;1.3;0.37;0.39
1988;5;7;128;19.4;14.2;7;12.1;9.5;6.9;-0.5;-0.2;0.17;2.3;1.9;0;545;154;102;57;98299;2.2;0;0.37;0.39
1988;5;8;129;18.6;14.5;9.4;11.4;9.8;7.3;-1.2;0.4;0.17;2.3;1.9;0;448;133;78;49;98156;1.84;0.07;0.37;0.39
1988;5;9;130;18.3;14.2;9.9;9.8;8.2;7.1;-0.6;-0.3;0.17;2.4;1.9;0;531;164;92;65;97773;2.38;0.03;0.37;0.39
1988;5;10;131;19.3;14.1;6.5;9;6.3;3.1;-0.7;-0.7;0.17;2.4;1.9;0;614;197;116;71;97345;2.98;0.19;0.36;0.39
1988;5;11;132;15.8;12.2;9.2;5.5;3.1;1.6;-1.4;-1;0.17;2.4;1.9;0;646;222;113;83;97495;3.12;0.01;0.36;0.39
1988;5;12;133;17.4;12.4;5.7;7.6;5.5;3.5;-1.4;-0.1;0.17;2.5;1.9;0;615;209;114;74;97395;2.84;0.06;0.36;0.39
1988;5;13;134;17.6;14.2;8.9;11.2;8.8;6;-1.2;-0.1;0.17;2.5;1.9;0;423;125;66;39;97276;2.04;1.46;0.35;0.39
1988;5;14;135;17.3;14.3;11.6;12.4;10.8;10;-1.1;-1;0.17;2.5;1.9;0;251;69;36;25;97308;1.22;3.09;0.35;0.38
1988;5;15;136;18.2;15.1;11.4;12.7;11;9;-0.8;-1.5;0.17;2.5;1.9;0;433;124;69;31;97144;2.51;3.03;0.36;0.38
1988;5;16;137;20.4;16.2;10.5;13.2;12;9.9;-0.1;0.3;0.17;2.6;1.9;0;592;186;92;61;97046;2.72;0.37;0.35;0.38
1988;5;17;138;22.7;17;10.7;13.8;12.4;9.9;0.9;1.2;0.17;2.6;1.9;0;648;221;109;78;96713;3.23;0.55;0.35;0.38
1988;5;18;139;21.7;16.3;10.9;14;12;10;1.3;1;0.17;2.6;1.9;0;569;183;105;66;96792;3.1;3.06;0.35;0.38
1988;5;19;140;21.1;15.9;10.2;13.9;12.1;9.5;0.5;0.9;0.17;2.6;1.9;0;559;176;88;67;97129;2.85;2.4;0.35;0.38
1988;5;20;141;20.6;15.1;9.7;12.9;11.3;9.1;0.9;-0.6;0.17;2.7;1.9;0;526;168;89;56;97265;3.04;7.77;0.35;0.38
1988;5;21;142;13.3;11;8.8;9.1;4.4;1.8;0.9;-2.8;0.17;2.7;1.9;0;306;93;88;41;98015;2.61;2.69;0.35;0.38
1988;5;22;143;14.3;11.3;8.1;5.5;3.2;1.8;-0.4;-1.7;0.17;2.7;1.9;0;401;121;65;46;98172;2.15;0;0.35;0.38
1988;5;23;144;16;12.1;6.8;7.7;5.4;3;-0.6;-0.3;0.17;2.7;1.9;0;446;166;98;66;97878;2.39;0;0.35;0.38
1988;5;24;145;19.9;14;6.6;11.7;8.1;5.5;-0.3;-0.2;0.17;2.7;1.9;0;622;234;122;84;97799;3.31;0;0.34;0.38
1988;5;25;146;20.1;15.3;8;12.6;10;7.4;-0.2;-0.7;0.17;2.8;1.9;0;567;181;105;63;97765;2.73;0.01;0.34;0.38
1988;5;26;147;21.2;16.1;10.4;14.5;12.1;9.3;-0.1;-0.6;0.17;2.8;1.9;0;596;199;93;65;97332;3.01;9.58;0.34;0.38
1988;5;27;148;20.4;16;10.7;14;12.5;10;-0.5;0.3;0.17;2.8;1.9;0;521;171;89;59;96941;2.78;2.13;0.35;0.38
1988;5;28;149;21;16.2;10.9;13;11.9;10.3;0;1.7;0.17;2.8;1.9;0;617;212;99;73;96804;3.29;0.24;0.34;0.38
1988;5;29;150;21;16.3;10;13.1;11.7;9.9;0.1;1.3;0.17;2.9;1.9;0;624;205;102;70;96823;3.24;0.13;0.34;0.38
1988;5;30;151;20.4;16.3;11.3;13;11.6;10;0.8;1.6;0.17;2.9;1.9;0;509;168;93;69;96998;2.69;0.44;0.34;0.38
1988;5;31;152;18.8;15.3;11.5;12.7;11.6;10.4;0.4;-0.6;0.17;2.9;1.9;0;329;114;70;47;97276;1.99;1.74;0.34;0.38
1988;6;1;153;15.5;13.1;11.1;11.1;9.7;6.7;0.9;-1.1;0.17;2.9;1.9;0;264;75;71;37;97086;1.9;6.66;0.34;0.38
1988;6;2;154;19.1;14.5;9.6;7.4;5.8;4.6;2;-2.1;0.17;2.9;1.9;0;670;230;109;87;97411;3.82;0;0.34;0.38
1988;6;3;155;21.6;16;9.2;12.3;9.3;6.1;0.1;-0.2;0.17;3;1.9;0;574;200;95;70;97443;3.24;0.02;0.33;0.38
1988;6;4;156;26;18.7;10.1;14.2;11.7;8.7;0.9;1.3;0.17;3;1.9;0;716;255;114;86;96857;4.23;0;0.33;0.38
1988;6;5;157;16.9;15.4;12.9;14.3;12.4;10.6;0.2;-1.3;0.17;3;1.9;0;223;62;62;28;96818;1.74;27.89;0.33;0.38
1988;6;6;158;20.2;15.5;12;12.9;11.8;10.9;0;-0.3;0.17;3;1.9;0;447;133;95;44;96656;2.55;14.7;0.36;0.38
1988;6;7;159;20.3;15.1;10.2;14;11.8;9.7;0.2;0.1;0.17;3;1.9;0;563;177;108;59;97005;3.03;6.55;0.36;0.38
1988;6;8;160;21.5;15.8;8.2;13.3;9.4;7.4;0.7;1.2;0.17;3.1;1.9;0;658;239;118;88;97230;4.05;0.08;0.36;0.38
1988;6;9;161;22.1;17.4;9.5;14.4;11.1;8.2;0;-0.1;0.17;3.1;1.9;0;523;204;98;76;97413;3.31;0.09;0.36;0.38
1988;6;10;162;24.6;19.2;11.1;15.4;12.7;10.3;0.1;0.4;0.17;3.1;1.9;0;622;226;109;76;97280;3.84;0.02;0.36;0.38
1988;6;11;163;21.8;17.8;13.7;16.2;14.4;12.5;0.3;-0.3;0.17;3.1;1.9;0;536;189;89;62;96889;3.27;5.85;0.36;0.38
1988;6;12;164;20.2;16.4;12.6;16.1;14.3;11.4;-0.2;-0.9;0.17;3.2;1.9;0;374;120;62;41;97069;2.44;17.63;0.36;0.38
1988;6;13;165;20.1;15.9;12.1;11;9.6;7.8;-0.5;-0.5;0.17;3.2;1.9;0;592;161;94;58;97322;3.17;1.71;0.37;0.38
1988;6;14;166;23;17.6;9.8;13.6;10.8;8.9;0.4;0.6;0.17;3.2;1.9;0;673;243;125;85;97251;4.04;0;0.37;0.38
1988;6;15;167;23.7;18.5;12.2;16.1;13.2;11;0.3;-0.3;0.17;3.2;1.9;0;629;202;101;67;97122;3.53;2.13;0.36;0.38
1988;6;16;168;21.3;17.2;13.2;15.2;14.1;12.5;-0.2;-0.6;0.17;3.2;1.9;0;534;187;90;58;97119;3.43;9.59;0.36;0.38
1988;6;17;169;19.7;16;12.3;12.4;9.8;8.2;0.2;-0.8;0.17;3.2;1.9;0;464;155;83;56;97051;3.05;0.18;0.37;0.38
1988;6;18;170;20.8;16.9;10.4;12.6;9.9;8.3;0.6;-0.9;0.17;3.3;1.9;0;530;203;103;73;97362;3.52;0.25;0.36;0.38
1988;6;19;171;22.4;17.8;12.8;13.1;10.5;7.9;0.4;-1.3;0.17;3.3;1.9;0;603;218;103;76;97488;4.05;0.65;0.36;0.38
1988;6;20;172;20.8;16.3;10.6;12.6;10.7;9;0.4;-0.9;0.17;3.3;1.9;0;522;194;97;72;97524;3.46;1.38;0.36;0.38
1988;6;21;173;21;16.6;11.3;12.1;8.8;7.2;0.9;-0.8;0.17;3.3;1.9;0;477;200;106;77;97578;3.53;0.22;0.35;0.38
1988;6;22;174;22.6;17.7;10.9;13;9.4;7.7;1.3;-0.7;0.17;3.3;1.9;0;597;217;101;74;97782;3.89;0.02;0.35;0.38
1988;6;23;175;18.7;15.4;10.1;14.3;11.6;6.7;-0.5;-1.1;0.17;3.3;1.9;0;342;117;79;49;97754;2.55;11.73;0.35;0.38
1988;6;24;176;18.1;14;7.7;9.6;7.5;5.5;-0.2;0.1;0.17;3.3;1.9;0;424;175;92;64;97647;3.13;0.01;0.35;0.38
1988;6;25;177;20.2;16.3;10.6;12.1;10.2;7.9;-0.2;-0.2;0.17;3.4;1.9;0;535;181;88;64;97353;2.97;0.13;0.35;0.38
1988;6;26;178;19.7;16.3;11.4;14.4;12.4;10.4;-0.6;-0.1;0.17;3.4;1.9;0;482;178;81;59;97215;2.96;1.79;0.35;0.38
1988;6;27;179;21.7;17.2;10.3;15.1;13;10.2;-0.1;0.6;0.17;3.4;1.9;0;587;203;87;63;97217;3.34;0.15;0.35;0.37
1988;6;28;180;24;19.4;13.1;15.9;14.4;12;0.1;0.6;0.17;3.4;1.9;0;623;215;93;66;96989;3.7;0.59;0.34;0.37
1988;6;29;181;25.1;19.2;12.4;17.4;15.4;12.1;0.8;0.1;0.17;3.4;1.9;0;639;217;99;71;97033;3.65;1.15;0.34;0.37
1988;6;30;182;26.7;20.7;12.8;17.4;15.4;12.4;0.5;1;0.17;3.4;1.9;0;674;239;106;74;97428;4.32;0.05;0.34;0.37
1988;7;1;183;27.3;21.5;14.6;17.1;15.6;13.7;1.1;2.2;0.17;3.4;1.9;0;695;217;103;78;96811;4.09;0.02;0.33;0.37
1988;7;2;184;21.1;18.6;14.9;15.7;13.9;12.4;0.2;-0.3;0.17;3.5;1.9;0;360;125;62;48;96499;2.5;1.03;0.33;0.37
1988;7;3;185;25;19.7;13.5;15;13.7;12.2;0.7;2.4;0.17;3.5;1.9;0;536;202;89;67;96660;3.82;0.1;0.33;0.37
1988;7;4;186;26.3;20.9;14.8;16.1;14.9;13;1;2;0.17;3.5;1.9;0;503;201;85;72;97063;3.68;0.07;0.33;0.37
1988;7;5;187;30.8;24.3;16.8;18.1;16.1;14.6;1.6;2.3;0.17;3.5;1.9;0;701;242;108;81;97180;4.64;0;0.32;0.37
1988;7;6;188;30.5;22.9;16.7;19.1;15.8;13.1;0.7;0;0.17;3.5;1.9;0;715;252;110;79;97534;4.56;0.18;0.32;0.37
1988;7;7;189;28.4;22.4;17.8;17.1;15;12.7;0.1;-0.4;0.17;3.5;1.9;0;666;227;103;68;97760;4;0.39;0.31;0.37
1988;7;8;190;24.9;21.4;17.3;15.3;14.4;13.4;-0.3;-0.9;0.17;3.5;1.9;0;532;180;83;60;97720;3.38;2.16;0.31;0.37
1988;7;9;191;25.4;20.4;15.6;15.7;13.4;11.4;0.7;-0.9;0.17;3.6;1.9;0;642;216;114;72;97738;4.22;3.7;0.31;0.37
1988;7;10;192;24.2;19.5;13.2;12.6;10.8;9.2;-0.1;-0.5;0.17;3.6;1.9;0;570;195;101;78;98101;3.57;0.05;0.31;0.37
1988;7;11;193;25.3;20.6;13.8;16.4;12.6;9.7;-0.4;0.3;0.17;3.6;1.9;0;631;225;100;74;97905;3.76;0;0.3;0.37
1988;7;12;194;22.2;18.8;13.7;17.3;15.2;13.2;0.3;-0.3;0.17;3.6;1.9;0;273;94;79;50;97631;1.62;5.33;0.3;0.37
1988;7;13;195;24.8;19.2;12.4;15.5;13.9;12.2;-0.1;1.1;0.17;3.6;1.9;0;621;220;103;67;97422;3.85;0.01;0.3;0.37
1988;7;14;196;25;18.7;15.2;17.6;13.7;10;0.8;0;0.17;3.6;1.9;0;487;145;78;49;97201;3.19;13.51;0.3;0.37
1988;7;15;197;18.9;16;13.5;12.2;10.7;8.6;0.5;-1;0.17;3.6;1.9;0;320;86;55;33;97417;1.94;0.59;0.31;0.37
1988;7;16;198;20.9;16.3;9.8;11.5;9.1;7.8;0.9;-0.6;0.17;3.6;1.9;0;568;224;114;80;97468;3.72;0.1;0.31;0.37
1988;7;17;199;21.4;17.4;12.5;12.6;10.6;9.1;0.6;0.5;0.17;3.6;1.9;0;631;202;109;69;97558;3.49;0.68;0.31;0.37
1988;7;18;200;23.5;19.1;14.2;15.1;13.5;11.7;0.4;-0.1;0.17;3.6;1.9;0;649;210;103;67;97513;3.43;1.07;0.3;0.37
1988;7;19;201;22.3;18.2;13.7;15.4;14.3;13.1;0;0.1;0.17;3.6;1.9;0;526;166;88;56;97624;3.04;2.79;0.3;0.37
1988;7;20;202;23.8;18.9;14.1;15.1;13.7;13;-0.3;0.9;0.17;3.6;1.9;0;460;177;101;62;97778;3.11;0.08;0.3;0.37
1988;7;21;203;27.8;21.6;13.5;17;15.2;12.6;0.3;0.6;0.17;3.6;1.9;0;696;239;115;77;97779;4.01;0;0.3;0.37
1988;7;22;204;29.5;23.8;15.8;20.4;17.5;14.8;0.4;0.4;0.17;3.6;1.9;0;626;226;99;68;97726;3.87;0.08;0.29;0.37
1988;7;23;205;31.8;25.1;16.8;19.5;17.9;16.4;0.2;0.7;0.17;3.6;1.9;0;677;242;110;77;97628;4.28;0;0.29;0.37
1988;7;24;206;33.2;26.3;19.8;19.4;16.7;12.9;0.5;1.4;0.17;3.6;1.9;0;701;241;117;83;97336;4.37;0.08;0.29;0.37
1988;7;25;207;26.9;23.1;19;16.9;13.5;11.5;0.1;-1.3;0.17;3.6;1.9;0;681;224;116;83;98064;3.98;0;0.28;0.37
1988;7;26;208;29.1;23.6;15.4;18.9;14.8;13.1;-0.1;0;0.17;3.6;1.9;0;702;251;129;91;97995;4.02;0;0.28;0.36
1988;7;27;209;30.7;24.6;15.6;19.5;16.4;14.6;0.4;-0.4;0.17;3.6;1.9;0;672;223;108;73;97461;3.73;0.32;0.28;0.36
1988;7;28;210;25.1;21.5;17.8;16;11.6;9.7;-0.3;-0.6;0.17;3.6;1.9;0;705;232;131;89;97832;3.8;0;0.27;0.36
1988;7;29;211;28.7;22.7;16.5;19.2;14.2;10.9;0.2;0.4;0.17;3.6;1.9;0;681;233;113;75;97249;3.61;10.3;0.27;0.36
1988;7;30;212;23.2;19.7;17;17.3;11.6;9;0.3;-1.2;0.17;3.6;1.9;0;544;165;112;62;97809;3.74;3.93;0.28;0.36
1988;7;31;213;24.4;19.8;12.3;13.9;11.1;10.1;-0.1;-0.1;0.17;3.6;1.9;0;688;241;126;90;98127;3.81;0;0.28;0.36
1988;8;1;214;28;21.8;13.5;14.9;13.3;11.1;0.1;1.3;0.17;3.6;1.9;0;689;241;121;88;97992;3.99;0;0.27;0.36
1988;8;2;215;30.4;23.6;16.1;17.1;14.7;11.7;0.4;1;0.17;3.6;1.9;0;669;234;120;86;97460;3.77;0;0.27;0.36
1988;8;3;216;30.8;22.6;16.6;17.9;15.1;12;1;0;0.17;3.6;1.9;0;616;187;107;68;96966;3.25;0.06;0.27;0.36
1988;8;4;217;19.4;15.5;12.5;11.6;8.8;7.3;-1.8;-1.6;0.17;3.6;1.9;0;609;174;105;57;97553;2.95;5.13;0.27;0.36
1988;8;5;218;23;16.9;12.2;10.9;9.8;7.8;0.3;-1.3;0.17;3.6;1.9;0;647;180;116;64;97708;3.4;2.65;0.27;0.36
1988;8;6;219;24.2;18.1;11;12.7;10.6;8.3;0.1;-0.3;0.17;3.6;1.9;0;570;200;101;78;97984;3.14;0.01;0.27;0.36
1988;8;7;220;25.1;19.9;13.9;15.8;12.8;10.1;-0.3;-0.1;0.17;3.5;1.9;0;639;220;112;81;97908;3.26;0;0.26;0.36
1988;8;8;221;26;21.4;13.9;15.7;14.1;12.6;-0.1;0.1;0.17;3.5;1.9;0;634;207;109;73;97561;3.1;0;0.26;0.36
1988;8;9;222;26.5;20.8;16.4;17.2;15.7;14.2;0.6;-0.6;0.17;3.5;1.9;0;592;161;104;62;97403;2.57;2.23;0.26;0.36
1988;8;10;223;26.5;21.2;14.1;17;14.9;13.3;0.3;0.2;0.17;3.5;1.9;0;569;192;101;73;97469;2.99;0.03;0.26;0.36
1988;8;11;224;30.4;23.8;15.3;17.5;15.6;13.7;0.2;0.4;0.17;3.5;1.9;0;652;217;117;78;97344;3.33;0;0.26;0.36
1988;8;12;225;30.4;24;17.5;17.8;16;14.4;0.6;0.3;0.17;3.5;1.9;0;589;205;107;77;97417;3.19;0;0.25;0.36
1988;8;13;226;29.1;23.2;16.8;18.8;16.4;14.1;0.4;-0.3;0.17;3.5;1.9;0;630;191;105;69;97601;2.9;0.06;0.25;0.36
1988;8;14;227;29.4;24.2;18.1;20.3;18.1;17;-0.2;0.1;0.17;3.5;1.9;0;601;198;103;64;97737;2.93;0.02;0.25;0.36
1988;8;15;228;31.5;24.6;18.3;19.5;18.2;16.5;0.8;-0.4;0.17;3.5;1.9;0;633;194;102;67;97468;3.11;3.07;0.25;0.36
1988;8;16;229;28.4;23.3;19.2;19.9;18.6;17.5;0.9;-0.7;0.17;3.5;1.9;0;599;176;97;60;97435;3.03;1.89;0.25;0.36
1988;8;17;230;25.3;21.6;17.4;17.8;15.9;13;-0.3;-1.1;0.17;3.5;1.9;0;533;176;95;69;97702;2.75;0.58;0.25;0.36
1988;8;18;231;25.9;21;17.3;13.6;12;9.8;-0.5;0.4;0.16;3.4;1.9;0;603;209;128;88;97856;2.88;0;0.25;0.35
1988;8;19;232;27.9;21.8;15.8;14;11.9;10.3;-0.3;1.6;0.16;3.4;1.9;0;657;220;133;95;97394;2.96;0;0.24;0.35
1988;8;20;233;30.4;23.3;15.2;15.6;13.4;10.5;0.9;2.2;0.16;3.4;1.9;0;650;214;117;86;96874;2.94;0.83;0.24;0.35
1988;8;21;234;20.4;16.5;14.5;15.7;12.1;10.9;0.2;-0.5;0.16;3.4;1.9;0;301;69;72;36;97263;2.14;11.93;0.25;0.35
1988;8;22;235;19.3;16.2;13.8;12.8;12;10.9;-0.4;-1.1;0.16;3.4;1.9;0;346;84;52;34;97195;1.95;16.72;0.26;0.35
1988;8;23;236;17.8;14.8;12.9;12.3;10.8;8.5;1.8;-1.9;0.16;3.3;1.9;0;247;73;85;40;97280;2.58;16.5;0.28;0.35
1988;8;24;237;19.6;15.3;9.3;11.4;9.4;7.5;0.1;0.5;0.16;3.3;1.9;0;508;154;107;70;97251;2.46;0;0.28;0.35
1988;8;25;238;21.3;16.1;12.6;14.3;11.8;8.1;0.8;0.3;0.16;3.3;1.9;0;521;162;94;59;96615;2.93;9.24;0.28;0.35
1988;8;26;239;19.9;15.5;10.6;9.4;7.5;6.2;1;0.1;0.16;3.3;1.9;0;552;173;104;76;97271;3.09;0.02;0.28;0.35
1988;8;27;240;17.3;15.2;12;12.1;10;7.6;0.7;0;0.16;3.2;1.9;0;206;70;52;42;97686;1.1;0.01;0.28;0.35
1988;8;28;241;23.6;18.2;13.3;15.5;13;10.8;-0.1;1.5;0.16;3.2;1.9;0;622;190;113;68;97534;2.95;0;0.28;0.35
1988;8;29;242;26.2;19.9;12.1;17.6;15.2;11.7;0.3;1.1;0.16;3.2;1.9;0;597;188;98;69;96889;2.9;0.09;0.28;0.35
1988;8;30;243;20.7;18.8;17.1;14.4;12.2;10.5;0.6;-0.3;0.16;3.2;1.9;0;382;84;57;40;97517;1.67;0;0.27;0.35
1988;8;31;244;22.3;18.8;14.7;15.1;12.9;11.6;-0.4;0.2;0.16;3.1;1.9;0;470;124;85;53;97746;1.94;0;0.27;0.35
1988;9;1;245;24.3;19;12;15.8;14.3;11.5;-0.1;1.2;0.16;3.1;1.9;0;559;173;99;74;97245;2.61;0.28;0.27;0.35
1988;9;2;246;23.6;17.8;11.6;17.9;14.3;8.4;0.3;1.2;0.16;3.1;1.9;0;341;93;66;43;96074;2.16;13.57;0.27;0.35
1988;9;3;247;21.3;15.9;9.1;10.6;8.6;6.1;0.7;1.2;0.16;3.1;1.9;0;615;184;125;84;97026;3.19;0.01;0.28;0.35
1988;9;4;248;23.4;18.1;13;15.7;12.9;10.6;0.2;-0.3;0.16;3.1;1.9;0;495;142;95;57;97610;2.22;0;0.28;0.35
1988;9;5;249;23.7;18.8;14;17.4;15.1;12.6;-0.3;0;0.16;3;1.9;0;502;147;87;57;98073;2.1;0.79;0.28;0.35
1988;9;6;250;23;18.2;14.2;15.8;12.6;9.2;0.8;-1.7;0.16;3;1.9;0;491;128;96;60;97933;2.33;0.02;0.28;0.35
1988;9;7;251;17.8;14.7;11.3;8.9;7.8;6.9;0.6;-3;0.16;3;1.9;0;460;139;96;78;98281;2.24;0.31;0.27;0.35
1988;9;8;252;19.1;15.3;12.4;9.7;8.4;7.3;-0.1;-2.6;0.16;3;1.9;0;483;159;99;80;98103;2.44;0.38;0.27;0.35
1988;9;9;253;19.3;14.6;8.1;10.2;8.5;6.9;-0.4;-0.1;0.15;2.9;1.9;0;500;158;106;78;97942;2.07;0;0.27;0.35
1988;9;10;254;20.4;15.5;9.9;11.3;10;8.5;-0.3;-0.1;0.15;2.9;1.9;0;513;156;113;74;98173;2.04;0.01;0.27;0.35
1988;9;11;255;23.6;17;9.1;14.4;12.2;8.6;0.3;0.4;0.15;2.9;1.9;0;582;173;115;76;98079;2.24;0;0.27;0.35
1988;9;12;256;23.3;17.7;12.4;15.8;14.1;11.6;0.3;-0.5;0.15;2.9;1.9;0;441;132;90;57;97462;1.77;2.34;0.27;0.35
1988;9;13;257;16;13.4;10.7;14.8;12.2;9.3;-0.5;-0.9;0.15;2.9;1.9;0;135;30;43;25;96913;1.18;47.42;0.29;0.35
1988;9;14;258;12.3;10.5;8.9;8.9;8.2;7;1.2;-1.1;0.15;2.8;1.9;0;138;44;67;32;97117;1.54;8.26;0.32;0.35
1988;9;15;259;14.4;11.1;8.8;8.5;7.7;6.9;0.3;-1.8;0.15;2.8;1.9;0;267;61;41;30;97448;1.7;5.11;0.32;0.35
1988;9;16;260;15.5;11.8;7.9;9;7.6;6.3;0.9;-0.9;0.15;2.8;1.9;0;440;117;92;61;97522;2.1;2.9;0.32;0.35
1988;9;17;261;16.8;11.6;5.6;8.1;6.5;4.5;0.6;-2;0.15;2.7;1.9;0;492;123;106;58;97593;1.94;0.67;0.32;0.35
1988;9;18;262;16.9;13.4;9.9;8.6;7.4;6.7;0.9;-1.5;0.15;2.7;1.9;0;330;83;80;50;97920;1.45;0.09;0.32;0.35
1988;9;19;263;17.7;14.2;11.1;10.8;9.3;6.8;0.2;0.2;0.15;2.6;1.9;0;282;80;55;35;98627;1.27;0.16;0.32;0.35
1988;9;20;264;17.1;14;11.4;11.7;10.6;9.3;-0.5;0.2;0.15;2.6;1.9;0;339;82;56;35;98484;1.22;1.49;0.32;0.35
1988;9;21;265;16.7;13.9;10.5;11.1;10.1;9.4;-0.5;0.4;0.15;2.6;1.9;0;280;76;53;34;97858;1.3;0.37;0.32;0.35
1988;9;22;266;17.1;13.7;9.9;11.1;9.8;9.1;-0.3;0.3;0.15;2.5;1.9;0;276;86;70;50;97542;1.17;0;0.32;0.35
1988;9;23;267;19.2;14;8.1;11.7;10.2;8.1;0.6;1.1;0.15;2.5;1.9;0;397;105;67;48;97287;1.46;0.01;0.32;0.35
1988;9;24;268;20.9;15;8.7;14;11.1;8.1;0.4;0.1;0.15;2.4;1.9;0;497;135;102;63;97582;1.78;0;0.31;0.34
1988;9;25;269;20.8;15.1;9.6;14.8;12.3;9.4;0.1;-0.5;0.15;2.4;1.9;0;520;126;99;55;98087;1.58;0.05;0.31;0.34
1988;9;26;270;22.1;15.9;10.4;14.6;12.7;10.3;0.8;0.9;0.15;2.4;1.9;0;435;125;96;57;98398;1.67;0.01;0.31;0.34
1988;9;27;271;22.7;16.5;9.6;15.1;12.7;9.1;0.2;0.6;0.15;2.3;1.9;0;527;147;114;73;98259;1.85;0;0.31;0.34
1988;9;28;272;23.5;16.4;10;14.9;12.8;9.9;0.4;1;0.15;2.3;1.9;0;525;145;115;73;97834;1.83;0;0.31;0.34
1988;9;29;273;23.8;16.9;10.1;15.5;12.7;9.3;0.1;0.7;0.15;2.2;1.9;0;509;146;113;74;97598;1.83;0;0.31;0.34
1988;9;30;274;22.3;16.4;10.9;14.5;12.8;10.2;-0.2;-0.6;0.15;2.2;1.9;0;529;138;111;64;97839;1.67;2.58;0.31;0.34
1988;10;1;275;17.8;14.3;11.2;12.4;11.4;9.7;-0.9;-0.5;0.15;2.2;1.9;0;302;81;70;44;98611;1.28;2.48;0.31;0.34
1988;10;2;276;17.1;13.5;9.8;11.5;10.2;8.4;-1;-0.1;0.14;2.1;1.9;0;353;87;62;42;98884;1.03;0.04;0.31;0.34
1988;10;3;277;15.5;13;11;11.2;8.4;5.6;-1.1;-0.5;0.14;2.1;1.9;0;399;87;113;45;98625;1.15;0.12;0.31;0.34
1988;10;4;278;15.7;12.3;8.3;9.1;7.2;6.5;-0.7;0.7;0.14;2;1.9;0;369;99;79;54;98197;1.11;0.06;0.31;0.34
1988;10;5;279;16.8;12.7;9.5;8.9;7.7;6.5;-0.4;1.3;0.14;2;1.9;0;404;101;88;62;97619;1.1;0;0.3;0.34
1988;10;6;280;14.6;10.5;7.8;9.5;7.5;6;0.7;1.1;0.14;2;1.9;0;326;70;102;58;97085;1;7.26;0.31;0.34
1988;10;7;281;17.4;12.5;7.9;12.6;9.4;5.6;0.2;1;0.14;1.9;1.9;0;284;74;57;36;96334;1.28;13.19;0.31;0.34
1988;10;8;282;13;9.4;5.8;8.5;5.6;3;0.5;1.4;0.14;1.9;1.9;0;314;80;116;64;97005;1.29;4.14;0.32;0.34
1988;10;9;283;16.9;10;3.4;5.8;4.4;2.2;1;1.7;0.14;1.8;1.9;0;476;132;110;82;97588;1.44;0;0.32;0.34
1988;10;10;284;19.9;13.2;6.9;12.6;9;5.5;0.9;0.8;0.14;1.8;1.9;0;452;119;97;62;97402;1.27;0.02;0.32;0.34
1988;10;11;285;19;14.7;11.8;13.2;11.5;9.7;-0.5;1.1;0.14;1.8;1.9;0;242;66;67;40;97652;0.72;0.03;0.32;0.34
1988;10;12;286;20.8;14.9;10.2;12.9;11.8;9.9;-0.4;1.1;0.14;1.7;1.9;0;387;106;106;67;97419;1.07;0;0.32;0.34
1988;10;13;287;20.7;15.1;10.5;15.2;13;10.4;-0.1;0.9;0.14;1.7;1.9;0;356;85;80;46;97754;0.83;0.07;0.32;0.34
1988;10;14;288;21.5;15.6;11.2;14.8;13;10.7;0.2;1.2;0.14;1.6;1.9;0;444;112;105;62;98074;1.13;0;0.32;0.34
1988;10;15;289;20.6;15.1;10.4;15.4;13.1;10.2;-0.5;0.1;0.14;1.6;1.9;0;424;108;96;58;98333;1.02;0.04;0.32;0.34
1988;10;16;290;17.3;14.2;11.8;12.1;11.2;9.2;-0.8;-0.3;0.14;1.6;1.9;0;279;74;60;39;98494;0.8;0.25;0.32;0.34
1988;10;17;291;17.7;13.1;10.2;9.8;8.8;7.5;-0.7;0.5;0.14;1.6;1.9;0;440;114;111;71;98321;1.08;0;0.32;0.34
1988;10;18;292;19.4;13.3;7.4;13.8;11;7.2;-0.1;-0.2;0.14;1.6;1.9;0;434;111;110;66;97613;0.91;0;0.31;0.34
1988;10;19;293;14.4;12;9.4;12.6;11;9.4;-0.9;-0.5;0.14;1.5;1.9;0;178;50;50;19;97456;0.58;1.44;0.31;0.34
1988;10;20;294;11.5;10.4;9.3;10.2;8.9;8.2;-1.3;-0.6;0.13;1.5;1.9;0;92;21;16;9;97837;0.9;11.62;0.32;0.34
1988;10;21;295;9.8;9.4;8.9;8.6;8.3;7.7;-0.5;-1.6;0.13;1.5;1.9;0;39;8;21;12;98225;0.68;19.61;0.34;0.34
1988;10;22;296;10.3;9.2;8.2;8.1;7.4;6.4;-0.4;-0.3;0.13;1.5;1.9;0;96;22;38;19;98337;0.41;0.38;0.34;0.34
1988;10;23;297;11.3;8.9;5.9;6.8;6.1;4.8;-0.2;0.8;0.13;1.5;1.9;0;196;46;72;37;97919;0.44;0;0.34;0.34
1988;10;24;298;13.7;8.6;2.9;8.7;6.2;2.7;0.3;0.2;0.13;1.5;1.9;0;358;80;94;58;97776;0.61;0.47;0.34;0.34
1988;10;25;299;12.4;9;5.7;9.7;7.6;2.5;-0.6;-0.6;0.13;1.5;1.9;0;189;40;44;24;98124;0.95;6.16;0.35;0.34
1988;10;26;300;6.3;4.6;2.6;1.3;-1;-2.8;-1.1;0.3;0.13;1.4;1.9;0;235;57;76;43;98818;0.84;0.24;0.35;0.34
1988;10;27;301;8.2;3.7;0.7;-0.6;-1.6;-3.1;-0.8;1.4;0.13;1.4;1.9;0;396;98;110;77;98485;0.74;0;0.35;0.34
1988;10;28;302;11.6;5.7;1.2;6.1;2.6;-1.1;-0.3;0.3;0.13;1.4;1.9;0;409;103;105;71;98266;0.63;0;0.35;0.34
1988;10;29;303;12.2;6.9;1.9;8.6;5.3;1.5;-0.2;0;0.13;1.4;1.9;0;264;68;68;40;97988;0.61;1.26;0.35;0.34
1988;10;30;304;5.8;4.1;1.3;3.9;1.3;0.3;-0.7;0.3;0.13;1.4;1.9;0;199;42;59;35;98235;1;2.89;0.35;0.34
1988;10;31;305;5.1;1.3;-2.2;-0.2;-1.8;-3.2;0.1;0.1;0.13;1.4;1.9;0.2;312;77;100;74;98045;0.68;1.15;0.35;0.34
1988;11;1;306;9.2;3;-1.2;-1.1;-2.2;-3;0.6;1;0.13;1.4;1.9;0.23;366;91;117;76;98140;0.64;0;0.35;0.34
1988;11;2;307;11.2;4.5;-1.8;4.4;0.5;-3.7;0.9;0;0.13;1.4;1.9;0.17;388;90;105;64;97645;0.56;1.38;0.35;0.34
1988;11;3;308;5.5;3.2;0;2.5;-1;-5.2;-1.1;-1.7;0.12;1.3;1.9;0.13;332;84;108;63;98354;0.94;3.34;0.35;0.34
1988;11;4;309;2.2;-0.3;-3;-5.5;-6.4;-7;-1.1;-2;0.13;1.3;1.9;0.23;284;64;95;71;99131;0.52;0.06;0.35;0.34
1988;11;5;310;2.1;-1.3;-3.4;-5.2;-6.2;-7.4;-0.1;0.3;0.12;1.3;1.9;0.25;397;96;127;92;98812;0.32;0;0.35;0.34
1988;11;6;311;4.7;-0.8;-3.7;-3.3;-4.6;-5.5;0.3;1.2;0.12;1.3;1.9;0.19;385;94;121;87;98296;0.27;0;0.35;0.34
1988;11;7;312;6.4;0.8;-3.2;-0.5;-2.9;-5;0.4;0.1;0.12;1.3;1.9;0.16;366;88;109;70;98127;0.32;0;0.35;0.34
1988;11;8;313;5.7;1.3;-2.8;1.8;-0.8;-3.7;-0.3;-0.2;0.12;1.3;1.9;0.15;283;67;78;49;98397;0.24;0;0.35;0.34
1988;11;9;314;4.3;1.9;-0.7;1.2;0.3;-0.8;-0.9;0.8;0.12;1.3;1.9;0.14;170;35;43;25;98595;0.2;0.22;0.35;0.34
1988;11;10;315;3.3;0.5;-1.7;-0.7;-2.1;-3.5;-0.8;0.9;0.12;1.2;1.9;0.15;246;58;88;51;98863;0.33;0.06;0.35;0.34
1988;11;11;316;3.7;-0.5;-2.6;-1.4;-2.8;-3.9;-0.6;0.8;0.12;1.2;1.9;0.14;357;84;109;75;99017;0.29;0;0.35;0.34
1988;11;12;317;5;0.2;-2.7;-0.3;-2.3;-3.9;-0.6;0.6;0.12;1.2;1.9;0.13;349;81;95;66;98825;0.24;0;0.35;0.34
1988;11;13;318;8.1;2.4;-1;4.4;0.2;-2.5;0.4;-0.1;0.12;1.2;1.9;0.1;280;65;70;48;98058;0.19;0.86;0.35;0.34
1988;11;14;319;9.2;3.6;-0.6;2.6;-0.8;-2.7;2;-0.2;0.11;1.2;1.9;0.07;324;71;90;62;97904;0.61;1.18;0.35;0.34
1988;11;15;320;8.1;3.6;-0.5;1.5;-0.8;-3.2;0;-0.9;0.11;1.2;1.9;0.04;359;82;124;59;98053;0.64;2.06;0.35;0.34
1988;11;16;321;4.1;2.1;-0.8;2.6;0.7;-1.8;-0.3;0.8;0.11;1.2;1.9;0.06;133;29;41;21;98621;0.33;1.48;0.35;0.34
1988;11;17;322;7.4;3.8;-0.3;4.5;2.8;-0.5;0.3;0.8;0.11;1.2;1.9;0.07;189;40;65;33;98544;0.29;0.11;0.35;0.34
1988;11;18;323;8.6;2.3;-1.7;4.2;0.6;-2.3;1;0.4;0.11;1.2;1.9;0.04;336;74;114;62;97650;0.34;0;0.35;0.34
1988;11;19;324;8.1;2.4;-1.7;2.7;-1.3;-4.1;0.5;-0.9;0.11;1.2;1.9;0;246;60;108;64;97368;0.34;0;0.35;0.34
1988;11;20;325;4;0.4;-2;-3.2;-4;-4.7;-0.4;1.2;0.11;1.2;1.9;0.07;280;59;94;58;97076;0.27;0.07;0.35;0.34
1988;11;21;326;-0.2;-1.3;-2.4;-2.5;-4;-6.7;-1;-1.5;0.16;1.2;1.9;3.38;106;20;59;25;96176;0.18;10.28;0.35;0.34
1988;11;22;327;-1.6;-5.2;-14;-7.5;-10.9;-17.3;0.9;-3.3;0.27;1.2;1.9;10.61;249;55;102;67;97506;0.49;0.59;0.35;0.34
1988;11;23;328;-4.2;-14.1;-20.8;-10.6;-18.2;-23.6;1.3;-0.5;0.27;1.2;1.9;10.45;282;64;119;72;98375;0.17;0;0.35;0.34
1988;11;24;329;-0.6;-8.1;-19.1;-5.1;-11.1;-21.6;1;0.3;0.27;1.2;1.9;10.32;223;49;89;34;98344;0.17;0.12;0.35;0.34
1988;11;25;330;2.3;-1.6;-5.8;-1;-3.6;-7.5;1.1;0.5;0.26;1.2;1.9;10.16;167;33;49;24;97825;0.09;1.1;0.35;0.34
1988;11;26;331;3.9;0.2;-3.7;0;-1.7;-4.9;1;0;0.25;1.2;1.9;9.78;129;26;44;27;97768;0.1;0.08;0.35;0.34
1988;11;27;332;5.5;-1.3;-5;-0.3;-4.1;-6.4;1.5;-0.1;0.24;1.2;1.9;8.6;242;53;104;54;98079;0.15;0;0.35;0.34
1988;11;28;333;4.3;-0.8;-4.5;-0.3;-3.7;-7;1;0.7;0.22;1.2;1.9;7.45;276;57;108;52;98111;0.11;0;0.35;0.34
1988;11;29;334;6.3;1.3;-3.1;1.1;-1.6;-5.3;2;1.1;0.2;1.2;1.9;6.27;227;47;80;55;96866;0.02;0;0.35;0.34
1988;11;30;335;2.5;0.3;-1.3;0.7;-1.1;-2.5;-0.3;-0.4;0.19;1.2;1.9;5.46;128;19;49;17;96870;0.13;1.84;0.35;0.34
1988;12;1;336;2.1;0.3;-0.7;1.2;-0.3;-1.6;-0.7;-0.7;0.18;1.2;1.9;5.3;88;16;12;2;96489;0.13;0.33;0.35;0.34
1988;12;2;337;1.3;0.5;-0.5;1;0.1;-1;0;-1.4;0.19;1.2;1.9;6.02;32;6;6;3;96012;0.06;14.9;0.35;0.34
1988;12;3;338;4.4;1.5;-0.6;2.1;0.4;-1.5;0.5;0.4;0.22;1.2;1.9;7.47;140;28;43;19;96599;0.11;0.62;0.36;0.34
1988;12;4;339;6.9;2.3;-2.6;3.4;0.8;-3;0.7;1.6;0.19;1.2;1.9;5.93;256;50;100;41;96966;0.21;0.72;0.37;0.34
1988;12;5;340;9.4;4.6;2.3;2.5;-0.5;-4;1.7;-0.2;0.16;1.2;1.9;3.8;277;60;121;60;96170;0.63;1.2;0.37;0.34
1988;12;6;341;6.2;2.6;-2.2;2.9;-1.6;-6.4;0.9;-0.6;0.15;1.2;1.9;2.92;223;43;101;53;96198;0.5;3.19;0.37;0.34
1988;12;7;342;4.5;-0.3;-3;-2.2;-5;-6.7;1.4;-0.1;0.14;1.2;1.9;2.62;202;35;77;58;97279;0.14;0.17;0.37;0.34
1988;12;8;343;3.1;-0.2;-2.4;-4.8;-6.3;-7.6;0.7;-0.8;0.14;1.2;1.9;2.48;219;47;86;55;98369;0.14;0.1;0.37;0.34
1988;12;9;344;3.3;0.6;-1.7;-1.3;-3.8;-6;0.6;0.8;0.14;1.2;1.9;2.54;151;29;52;32;98207;0.05;0.28;0.37;0.34
1988;12;10;345;4.5;0.9;-1.1;-0.4;-1.7;-2.9;0.5;1.1;0.14;1.2;1.9;2.4;227;47;86;41;98071;0.07;0.03;0.37;0.34
1988;12;11;346;7.4;2.4;-0.1;3.7;0.6;-1.7;1.1;0.2;0.13;1.2;1.9;2;165;33;59;23;98030;0.12;0.06;0.37;0.34
1988;12;12;347;5.9;1.9;-0.8;3;0.2;-2.3;1.2;-0.5;0.13;1.2;1.9;1.6;161;28;56;32;97745;0.07;0;0.37;0.34
1988;12;13;348;6;1.3;-1.9;1;-1.8;-4.1;0.8;0.3;0.12;1.2;1.9;1.35;180;36;65;47;98231;0.13;0.11;0.37;0.34
1988;12;14;349;6.7;1.8;-1.9;-1.2;-2.9;-4.6;1.4;-0.5;0.12;1.2;1.9;1.17;227;45;92;51;97874;0.31;0.36;0.37;0.34
1988;12;15;350;-0.5;-2.1;-3.7;-5.1;-10.2;-12.9;0.5;-3.1;0.12;1.2;1.9;1.27;250;53;101;77;97899;0.3;0.24;0.37;0.34
1988;12;16;351;-2.5;-4.6;-6.6;-9.3;-12;-13.6;-1.1;-2.6;0.14;1.2;1.9;2.53;220;48;108;74;98160;0.13;1.42;0.37;0.34
1988;12;17;352;-1;-6;-9.6;-11.4;-13.2;-14.4;0.7;-0.1;0.14;1.2;1.9;2.66;274;58;120;85;98238;0.04;0;0.37;0.34
1988;12;18;353;3.2;-2.4;-6.5;-6.1;-10;-14.4;1.4;0.1;0.14;1.2;1.9;2.55;243;51;97;59;98274;0.04;0.02;0.37;0.34
1988;12;19;354;4.6;0.2;-3.1;-3.9;-5.2;-7.8;1.7;1;0.14;1.2;1.9;2.84;197;38;81;46;96909;0.25;1.07;0.37;0.34
1988;12;20;355;6;0.1;-3.2;-1.3;-4;-6.6;0.6;-1.1;0.14;1.1;1.9;2.65;246;51;92;65;97017;0.12;0.22;0.37;0.34
1988;12;21;356;1.1;-1.9;-4.8;-5.4;-6.3;-7.8;0.2;1.2;0.14;1.1;1.9;2.5;247;52;109;63;98613;0.09;0.06;0.37;0.35
1988;12;22;357;5.4;0.7;-1.8;-0.5;-3.2;-5.3;1.1;0.6;0.13;1.1;1.9;2.34;177;38;83;35;98542;0.04;0;0.37;0.35
1988;12;23;358;5.5;0.4;-3.1;0.9;-1.8;-4.2;1.1;0.2;0.13;1.1;1.9;2.03;233;44;83;46;97835;0.03;0;0.37;0.35
1988;12;24;359;8.1;1.5;-2.1;2.4;-1;-3.4;1.6;0.5;0.13;1.1;1.9;1.66;245;49;93;56;97456;0.01;0.07;0.37;0.35
1988;12;25;360;6.6;1.8;-2.2;4.2;0.4;-3.4;0.9;0.3;0.12;1.1;1.9;1.3;181;40;67;43;98296;0.06;0.11;0.37;0.35
1988;12;26;361;8.1;1.9;-2.3;4.3;0.1;-3.1;0.8;-0.3;0.12;1.1;1.9;1.02;257;54;96;54;98688;0.11;0;0.37;0.35
1988;12;27;362;7.4;0.8;-2.3;3.6;-1;-3.5;1;-0.1;0.11;1.1;1.9;0.79;266;56;103;61;98624;0.08;0;0.36;0.35
1988;12;28;363;5.9;0.9;-2.5;2.6;-1;-3.8;1.2;-0.4;0.11;1.1;1.9;0.65;143;28;57;29;99018;0.03;0;0.36;0.35
1988;12;29;364;5.2;0.1;-3.1;2.4;-1.2;-3.9;0.8;0;0.11;1.1;1.9;0.53;209;47;87;53;99501;0.06;0;0.36;0.35
1988;12;30;365;6.1;-0.1;-3.5;0.9;-2.5;-4.9;0.7;-0.2;0.11;1.1;1.9;0.44;275;59;109;67;99358;0.06;0;0.36;0.35
1988;12;31;366;5.9;-0.5;-4.1;-0.4;-3.9;-6.8;0.8;-0.2;0.11;1.1;1.9;0.36;278;60;112;68;99082;0.04;0;0.36;0.35
1989;1;1;1;4.1;-0.6;-3.5;-1.1;-3.5;-4.9;0.9;-0.2;0.1;1.1;1.9;0.31;220;49;97;54;99157;0.04;0;0.36;0.35
1989;1;2;2;2;-0.3;-3.1;1;-1.5;-3.6;-0.2;-0.2;0.11;1.1;1.9;0.5;65;13;46;18;99517;0.02;1.43;0.36;0.35
1989;1;3;3;1.7;-2.1;-4.3;-2.9;-4.5;-5.9;0;1;0.11;1.1;1.9;0.72;290;62;114;75;99901;0.23;0;0.36;0.35
1989;1;4;4;2.8;-2;-5.1;-4.9;-6.4;-7.4;0.1;0.5;0.11;1;1.9;0.66;286;62;113;79;99408;0.03;0;0.36;0.35
1989;1;5;5;4.2;-2.2;-6.2;-4.7;-7;-8.8;0.5;0.1;0.11;1;1.9;0.65;287;63;115;77;98694;0;0;0.36;0.35
1989;1;6;6;1.5;-2;-5.8;-3.6;-6.1;-8.2;1;0.6;0.11;1;1.9;0.69;125;28;64;37;97536;0;0.68;0.36;0.35
1989;1;7;7;1.2;-0.9;-2.2;-0.2;-2.1;-3.4;0.5;0.6;0.14;1;1.9;2.72;96;21;53;24;97338;0.05;3.38;0.36;0.35
1989;1;8;8;3.7;0.8;-1.1;2.2;-0.1;-2;0.6;0.6;0.16;1;1.9;3.84;117;21;26;13;97634;0.04;2.66;0.36;0.35
1989;1;9;9;8.5;2.1;-1.8;4.9;0.8;-2.5;0.8;0.2;0.15;1;1.9;3.14;271;59;97;51;98044;0.08;0;0.36;0.35
1989;1;10;10;6.4;0.7;-2.5;2.1;-1.2;-3.5;0.3;-0.2;0.13;1;1.9;2.37;276;60;98;58;97876;0.12;0;0.36;0.35
1989;1;11;11;7.9;1.8;-2;3.2;0.1;-2.6;0.1;0.2;0.13;1;1.9;1.87;278;58;99;47;98448;0.04;0.02;0.36;0.35
1989;1;12;12;4.7;1.1;-1.4;3.1;0.7;-1.6;-0.2;0.5;0.12;1;1.9;1.47;194;39;49;25;98681;0.04;0.04;0.36;0.35
1989;1;13;13;6.4;0.7;-2.7;2.5;-0.8;-3.2;0.7;0.3;0.12;1;1.9;1.17;238;52;93;50;99077;0.14;0.03;0.36;0.35
1989;1;14;14;5.8;0;-3;1.4;-1.8;-3.9;0.7;0.4;0.11;1;1.9;0.95;271;60;95;58;99262;0.09;0;0.36;0.35
1989;1;15;15;6.6;0.5;-2.9;-0.8;-2.9;-4.7;0.9;0.2;0.11;1;1.9;0.76;263;60;102;58;99437;0.06;0;0.36;0.35
1989;1;16;16;7.4;1.6;-2.8;2;-1.2;-4;0.6;-0.2;0.11;1;1.9;0.61;305;68;102;64;99230;0.09;0;0.36;0.35
1989;1;17;17;7.3;1.1;-3.1;1.7;-1.9;-4.3;0.4;-0.4;0.11;1;1.9;0.46;311;70;110;68;98912;0.08;0;0.36;0.35
1989;1;18;18;6.3;0.2;-3.9;-0.2;-3;-5.2;0.9;-0.3;0.11;1;1.9;0.35;299;67;106;68;99206;0.06;0;0.36;0.35
1989;1;19;19;5.9;0;-4;0.1;-2.7;-4.9;0.6;-0.2;0.1;0.9;1.9;0.3;314;70;109;67;99313;0.04;0;0.36;0.35
1989;1;20;20;5.3;-0.6;-3.8;-0.7;-3.1;-5;-0.1;0.5;0.1;0.9;1.9;0.26;320;73;108;72;99197;0.06;0;0.36;0.35
1989;1;21;21;2.7;-1.9;-4.6;-1.8;-3.4;-5.1;-0.6;0.1;0.1;0.9;1.9;0.19;283;64;104;59;98615;0.04;0;0.36;0.35
1989;1;22;22;2;-1.7;-3.5;-1.6;-3.1;-4.1;-0.3;-0.4;0.1;0.9;1.9;0.15;215;49;83;50;98381;0.04;0;0.36;0.35
1989;1;23;23;4.9;0.3;-3.4;-1;-2.3;-4.3;0;-0.5;0.1;0.9;1.9;0.15;250;55;74;47;99209;0.05;0.02;0.36;0.35
1989;1;24;24;1.7;-0.2;-1.7;-0.8;-1.9;-2.8;-0.3;0.2;0.1;0.9;1.9;0.23;159;33;50;28;99308;0.04;0.12;0.36;0.35
1989;1;25;25;1.5;-0.8;-2;-1.9;-2.9;-3.6;-0.4;0.7;0.11;0.9;1.9;0.36;227;52;82;39;99269;0.05;0.14;0.36;0.35
1989;1;26;26;2.2;-1.1;-2.8;-3.4;-4;-4.9;-0.4;0.9;0.11;0.9;1.9;0.39;325;71;106;61;99262;0.05;0.01;0.36;0.35
1989;1;27;27;3.2;-1;-3.3;-2.9;-4.1;-4.9;-0.3;0.8;0.11;0.9;1.9;0.39;362;83;114;77;99643;0.05;0;0.36;0.35
1989;1;28;28;3.3;-1.1;-3.2;-2.4;-3.8;-4.6;-0.5;0.8;0.11;0.9;1.9;0.3;341;79;113;72;99676;0.05;0;0.36;0.35
1989;1;29;29;3.8;-0.3;-2.5;-1.7;-3;-3.7;-0.3;0.5;0.1;0.9;1.9;0.24;366;85;117;76;99836;0.04;0;0.36;0.35
1989;1;30;30;5.6;0.1;-4.2;-1.7;-3.5;-5.4;0.3;0.2;0.1;0.9;1.9;0.23;358;86;119;80;99890;0.05;0;0.36;0.35
1989;1;31;31;6.8;0.7;-4.7;-1.2;-4;-6.1;0.4;-0.1;0.1;0.9;1.9;0.18;363;87;106;66;99843;0.05;0;0.36;0.35
1989;2;1;32;5.9;1.3;-2.3;-0.4;-2.6;-5;0.2;0.2;0.1;0.9;1.9;0.15;240;56;62;32;99742;0.05;0.01;0.36;0.35
1989;2;2;33;5.7;1.5;-1.3;1.3;-0.2;-1.6;-0.3;1;0.1;0.9;1.9;0.12;286;68;81;46;99349;0.12;0;0.36;0.35
1989;2;3;34;5.5;0.9;-1.7;1.4;-0.4;-1.8;-0.6;0.3;0.1;0.9;1.9;0.08;341;82;100;58;99135;0.13;0;0.36;0.35
1989;2;4;35;3.6;0.5;-1.5;0.8;-0.5;-1.7;-0.5;0.4;0.1;0.9;1.9;0.13;238;52;61;27;99029;0.11;0.16;0.36;0.35
1989;2;5;36;6.4;1.5;-1.1;1.2;-0.4;-1.6;0.5;0.4;0.1;0.9;1.9;0.17;344;78;111;48;98814;0.19;0;0.36;0.35
1989;2;6;37;8.7;3;-1.2;2.3;-0.4;-2.1;0.6;0.1;0.1;0.8;1.9;0.15;242;55;77;38;99215;0.19;0;0.35;0.35
1989;2;7;38;10.8;3;-2.7;3.8;-0.3;-3.5;0.5;0.2;0.1;0.8;1.9;0.11;391;97;113;69;99246;0.26;0;0.35;0.35
1989;2;8;39;9.2;2.2;-3.1;3.5;-0.2;-4.1;0;-0.2;0.1;0.8;1.9;0.03;409;101;119;69;99004;0.17;0;0.35;0.35
1989;2;9;40;4.3;1.7;-0.1;2.6;0.9;-0.4;-0.2;0.1;0.1;0.8;1.9;0;162;38;34;12;98861;0.17;0.49;0.35;0.35
1989;2;10;41;4.4;1.8;0.1;0.5;0;-0.6;-0.6;0.9;0.1;0.8;1.9;0.07;242;57;56;27;99233;0.3;0.14;0.35;0.35
1989;2;11;42;6.1;2.3;-0.4;1.1;-0.1;-2.1;-0.1;0.4;0.1;0.8;1.9;0.08;304;75;108;51;99763;0.24;0.02;0.35;0.35
1989;2;12;43;9.3;2.2;-3;1.4;-1.4;-4;0.7;0.5;0.1;0.8;1.9;0.07;431;109;127;77;99339;0.25;0;0.35;0.35
1989;2;13;44;7.1;1.9;-2.7;-0.2;-3.9;-6.9;1.5;-1.3;0.1;0.8;1.9;0.03;402;98;113;69;98673;0.46;0.15;0.35;0.35
1989;2;14;45;5.1;0.6;-3.2;-3.5;-5.7;-7.7;1.1;0.5;0.1;0.8;1.9;0.04;211;59;83;63;97885;0.11;0.02;0.35;0.35
1989;2;15;46;6.9;2.1;-2;-3.8;-5.2;-7;1.1;-0.2;0.1;0.8;1.9;0.07;346;84;86;58;98009;0.27;0.18;0.35;0.35
1989;2;16;47;9.9;3.7;-0.7;0.7;-2.9;-5.2;0.8;0.3;0.1;0.8;1.9;0.08;385;80;91;50;97463;0.36;0.21;0.35;0.35
1989;2;17;48;6.8;2.3;-1.5;0.9;-0.7;-3;-0.4;0.3;0.11;0.8;1.9;0.03;266;69;74;49;98070;0.33;0.25;0.35;0.35
1989;2;18;49;10.3;4.3;-1.9;2.8;0.9;-2;0;0.2;0.11;0.8;1.9;0;434;101;105;47;98216;0.43;0.43;0.35;0.35
1989;2;19;50;10.5;5.1;1.2;6.1;3.2;0.7;1;0.5;0.11;0.8;1.9;0;167;43;69;29;98462;0.23;0.28;0.35;0.35
1989;2;20;51;17.2;7.3;-0.7;8;3.7;-1.3;1.2;0.3;0.11;0.8;1.9;0;447;117;116;69;98255;0.64;0;0.35;0.35
1989;2;21;52;6.6;4.7;2.8;5.6;3.4;1.8;-1;-0.4;0.11;0.9;1.9;0;95;21;28;7;98158;0.53;4.26;0.35;0.35
1989;2;22;53;5.5;3.7;1.8;3.1;1.7;0.4;-0.3;0.5;0.11;0.9;1.9;0;190;51;35;20;98031;0.53;1.03;0.35;0.35
1989;2;23;54;12.7;7.1;3.1;5.9;4.4;2.8;0.8;2.3;0.11;0.9;1.9;0;287;73;98;41;97132;0.51;0.04;0.35;0.35
1989;2;24;55;14.5;9.1;4.2;6.6;4.7;3.5;1;3.4;0.11;0.9;1.9;0;326;93;93;63;96062;0.73;0.03;0.35;0.35
1989;2;25;56;12.7;9.2;6.8;7.4;5.5;3.3;0;4.4;0.11;0.9;1.9;0;356;88;82;54;94589;1.35;5.85;0.35;0.35
1989;2;26;57;10.6;5.9;1.8;5.7;3.2;0.7;0.7;1.5;0.11;0.9;1.9;0;254;55;89;45;93369;0.98;8.02;0.36;0.35
1989;2;27;58;8;3;-2.3;1.7;-0.6;-3.4;0.6;0.5;0.11;0.9;1.9;0;365;95;99;70;94523;0.59;0.19;0.36;0.35
1989;2;28;59;10.2;3.6;-2.5;2.1;-0.8;-4.3;0.9;1.2;0.11;0.9;1.9;0;509;126;127;76;95262;0.71;0.57;0.36;0.35
1989;3;1;60;11.2;4.4;-2.4;1.7;-0.8;-3.9;0.8;0.6;0.12;0.9;1.9;0;518;138;131;81;96114;0.9;0.35;0.36;0.35
1989;3;2;61;11.7;4.9;-2.1;0.9;-3.4;-5.1;1;-0.3;0.12;0.9;1.9;0;460;128;119;81;96936;0.87;0.04;0.36;0.35
1989;3;3;62;7.5;4;1.2;4.8;1.2;-4.4;1;0.7;0.12;0.9;1.9;0;161;38;49;27;96529;0.32;6.87;0.36;0.35
1989;3;4;63;11.6;5.6;0.2;3.6;0.8;-0.5;1.1;-2;0.12;1;1.9;0;441;119;105;65;97346;0.93;0.83;0.36;0.35
1989;3;5;64;11.5;5.9;-0.9;2.8;1;-1.9;0;-0.4;0.12;1;1.9;0;425;111;97;67;98311;0.69;0.14;0.36;0.35
1989;3;6;65;11.1;5.8;-0.6;2.6;0.6;-1.2;-0.2;-0.2;0.12;1;1.9;0;503;130;116;75;98425;0.77;0;0.36;0.35
1989;3;7;66;14.6;5.7;-2.1;2.2;-0.2;-3;0.9;0.8;0.12;1;1.9;0;551;156;143;96;97895;0.99;0;0.36;0.35
1989;3;8;67;14.9;6.4;-1.6;4.4;0.9;-3.2;1.1;-0.6;0.12;1;1.9;0;446;116;98;59;97131;0.91;0.84;0.36;0.35
1989;3;9;68;12.2;6.9;0.2;1.9;-0.1;-2.3;0.6;-0.9;0.12;1;1.9;0;489;131;117;72;97970;0.95;0;0.36;0.35
1989;3;10;69;11.7;6.6;0.1;2.6;1.4;-0.8;-0.4;0.1;0.12;1;1.9;0;409;120;95;59;98336;0.82;0.07;0.36;0.35
1989;3;11;70;12.2;7.6;4.1;4.2;2.7;1.6;-0.4;0.9;0.12;1;1.9;0;437;120;97;63;98332;0.87;0.42;0.36;0.35
1989;3;12;71;13.3;7.9;1.9;6.5;3.9;0.6;-0.4;0.6;0.12;1;1.9;0;393;108;86;53;97884;0.82;0.44;0.36;0.35
1989;3;13;72;14.4;8.4;4.5;6.6;5.4;3.5;-0.6;0.5;0.13;1;1.9;0;409;113;109;52;97364;0.81;1.35;0.36;0.35
1989;3;14;73;10;6.1;1.9;4.2;1.5;-1.8;0.5;-0.2;0.13;1.1;1.9;0;281;71;101;53;97699;0.76;0.95;0.36;0.35
1989;3;15;74;11.8;6;-0.1;1.1;-0.2;-1.6;0.7;1.6;0.13;1.1;1.9;0;553;142;116;68;96887;1.01;0;0.36;0.35
1989;3;16;75;14.6;8.3;1.4;4.4;2.9;-0.1;1.8;1.9;0.13;1.1;1.9;0;462;138;93;72;96443;1.02;0;0.36;0.35
1989;3;17;76;16;10;3.2;6.4;3.8;2.4;2.3;2.1;0.13;1.1;1.9;0;450;135;100;74;96534;1.16;0;0.35;0.35
1989;3;18;77;11.1;7.6;4.1;7.8;5.2;3.1;-0.1;-1.1;0.13;1.1;1.9;0;219;60;67;35;97363;1.24;8.14;0.35;0.35
1989;3;19;78;10.7;6.8;3.9;3.8;2.6;1.6;-0.5;-0.4;0.13;1.1;1.9;0;405;107;80;45;97925;1.18;2.96;0.36;0.35
1989;3;20;79;11;7.4;5;5.9;4.8;2.9;-0.4;1;0.13;1.2;1.9;0;210;51;68;25;97220;0.63;2.21;0.36;0.35
1989;3;21;80;10.7;7.3;3.9;8.4;5.6;3.3;0.5;-0.7;0.13;1.2;1.9;0;182;42;35;22;96763;0.68;7.38;0.36;0.35
1989;3;22;81;12.6;8.1;2.1;3.3;1;-1.1;0.5;0.1;0.13;1.2;1.9;0;552;141;123;70;97536;1.21;0;0.37;0.35
1989;3;23;82;15.6;7.5;2.3;3.7;1.2;-4.9;1;-0.8;0.13;1.2;1.9;0;515;136;101;56;97535;1.76;3.01;0.37;0.35
1989;3;24;83;10;6;0.6;-2.1;-4.2;-5.3;0.2;0.5;0.13;1.2;1.9;0;631;193;151;94;97762;1.5;0;0.37;0.35
1989;3;25;84;16.3;9.6;2;5.7;1.5;-2.1;1;0;0.13;1.2;1.9;0;515;128;88;60;97459;1.22;0;0.37;0.35
1989;3;26;85;14.8;9.5;4.6;6.1;4.7;2.6;-0.6;0.5;0.14;1.3;1.9;0;343;113;105;60;98071;0.99;0.19;0.36;0.35
1989;3;27;86;15.2;9.5;3.5;6.1;3.5;1;-0.9;-0.2;0.14;1.3;1.9;0;554;163;113;77;98160;1.38;0;0.36;0.35
1989;3;28;87;18.9;11.4;4.9;8.8;5.3;1.7;-0.3;0.2;0.14;1.3;1.9;0;631;195;137;92;97882;1.65;0;0.36;0.35
1989;3;29;88;23.2;13.3;3.4;9.9;6.2;2.5;0.6;-0.6;0.14;1.3;1.9;0;618;178;132;82;97839;1.86;0.22;0.36;0.35
1989;3;30;89;21.2;14.4;8.7;10.7;8.4;6.3;0.5;0.7;0.14;1.3;1.9;0;605;177;118;80;98040;1.76;0.06;0.36;0.35
1989;3;31;90;23;14.6;5.9;10;6.6;4.1;1.5;1;0.14;1.4;1.9;0;628;191;137;93;97599;2.1;0;0.36;0.35
1989;4;1;91;21;14.5;9.5;7.9;6;4;2.1;1.3;0.14;1.4;1.9;0;614;185;125;89;96668;2.16;1.36;0.35;0.35
1989;4;2;92;8.9;5.5;3;7.8;3.4;1.9;-1.7;-0.9;0.14;1.4;1.9;0;176;45;33;18;96700;1.59;9.83;0.36;0.35
1989;4;3;93;7.7;5;2.7;6;4;1.8;-1;-0.6;0.14;1.4;1.9;0;141;35;23;10;96899;0.55;4.71;0.36;0.35
1989;4;4;94;18.6;11.6;6.5;9.9;8.1;6;-0.4;0.6;0.14;1.4;1.9;0;348;98;77;36;96250;1.19;3.74;0.37;0.35
1989;4;5;95;15.4;11.1;7.1;9.2;5;1.8;1;2.4;0.14;1.4;1.9;0;619;156;119;73;96026;1.9;1.48;0.37;0.35
1989;4;6;96;14.7;9.7;4.3;6.6;4.9;3.3;0.4;1.7;0.14;1.5;1.9;0;504;156;101;76;96578;1.51;0.39;0.37;0.35
1989;4;7;97;15.6;9.8;3.4;5.4;3.9;2;1.1;0.8;0.14;1.5;1.9;0;601;176;116;81;97219;1.83;0.33;0.36;0.35
1989;4;8;98;17.4;11.1;3.9;5.9;3.9;2.1;2.1;2.4;0.14;1.5;1.9;0;533;163;107;81;97429;1.82;0;0.36;0.35
1989;4;9;99;15.8;11.4;6;8.4;6.2;4;0.3;0;0.15;1.5;1.9;0;520;151;98;76;97397;1.65;1.01;0.36;0.35
1989;4;10;100;19.6;12.5;4.5;8.4;6.8;4.5;0.5;1.9;0.15;1.5;1.9;0;663;200;130;80;97302;2.14;0;0.36;0.35
1989;4;11;101;21.7;14.8;6.5;7.7;5.6;3;0.5;1.8;0.15;1.6;1.9;0;675;210;143;93;97229;2.51;0;0.36;0.35
1989;4;12;102;19.7;14.5;9.6;9.6;7.6;5.6;-0.4;2.5;0.15;1.6;1.9;0;506;161;100;63;96709;1.98;0.13;0.35;0.35
1989;4;13;103;18.3;13.1;8.8;11.1;8.4;6.4;-1.6;1.5;0.15;1.6;1.9;0;523;159;103;60;95875;1.94;5.81;0.35;0.35
1989;4;14;104;12.5;10.7;8.4;9.9;9.1;6.5;-0.1;-0.4;0.15;1.6;1.9;0;207;65;58;30;95920;1.47;13.97;0.36;0.35
1989;4;15;105;13.2;9.5;7.1;5.7;4.6;2.2;2.5;-3;0.15;1.6;1.9;0;349;101;71;31;96441;3.07;12.2;0.38;0.35
1989;4;16;106;18.3;12.8;7.2;7.8;6;3.9;0.8;1.2;0.15;1.7;1.9;0;612;194;113;73;96499;2.43;0.41;0.38;0.35
1989;4;17;107;15.2;11.2;7.6;7.5;5.3;2.8;1.1;3.2;0.15;1.7;1.9;0;527;151;103;77;96136;2.19;2.15;0.37;0.35
1989;4;18;108;12.8;8.8;5.2;4.9;3.8;2.5;0.2;0.3;0.15;1.7;1.9;0;487;154;91;74;96866;1.8;1.83;0.37;0.35
1989;4;19;109;12.9;8.4;5.5;8.2;5.5;2.9;-0.7;0.9;0.15;1.8;1.9;0;392;111;80;47;97439;1.61;3.83;0.37;0.35
1989;4;20;110;16.8;10.6;2.8;8.3;5.5;2.4;0.6;1.7;0.15;1.8;1.9;0;586;191;114;79;97489;2.16;0.18;0.37;0.35
1989;4;21;111;18.4;12.7;7.6;9.8;7;4.9;0.4;1.9;0.15;1.8;1.9;0;610;168;122;64;97221;2;0.38;0.37;0.35
1989;4;22;112;16.7;12.1;7.6;9.4;5.8;2.4;1.1;2.4;0.16;1.8;1.9;0;589;186;112;79;96743;2.36;0.61;0.37;0.35
1989;4;23;113;13.3;9.1;5;4.1;2.4;0.5;0.4;-1;0.16;1.9;1.9;0;594;194;115;80;97284;2.3;1.05;0.37;0.35
1989;4;24;114;16.2;9.9;1.5;4.1;2.2;0.1;-0.1;0.3;0.16;1.9;1.9;0;730;241;149;105;97496;2.75;0;0.37;0.35
1989;4;25;115;17.7;11.7;4.5;6.5;4.3;2.6;0.6;2.7;0.16;1.9;1.9;0;672;198;119;84;97092;2.42;0.03;0.36;0.35
1989;4;26;116;20.7;14.5;8;8.8;5.2;2.4;0.5;2.7;0.16;2;1.9;0;658;218;121;88;96451;2.98;0;0.36;0.35
1989;4;27;117;16;11.6;7.4;12.3;9;6.5;-0.9;-0.2;0.16;2;1.9;0;357;115;81;49;96434;2.19;31.47;0.37;0.35
1989;4;28;118;13.8;10.2;7.8;7.7;5.9;-0.2;0.2;-1.3;0.16;2;1.9;0;273;83;54;31;96437;1.48;3.64;0.39;0.35
1989;4;29;119;12.8;8.9;5.4;1.3;0.2;-0.7;0.4;-2.6;0.16;2.1;1.9;0;549;157;92;64;97166;2.21;0.23;0.38;0.35
1989;4;30;120;10.3;7;4.8;4;1.3;-1.1;1.4;-3.7;0.16;2.1;1.9;0;268;86;80;39;97105;2.74;12.59;0.38;0.35
1989;5;1;121;10;7.1;5.2;5.4;3.6;2.1;1.6;-3.7;0.16;2.1;1.9;0;339;73;38;20;97214;3.61;20.58;0.4;0.35
1989;5;2;122;14.2;10.6;7.1;5.5;3;0.8;0.9;-3.3;0.16;2.1;1.9;0;413;113;55;34;97519;3.34;6.94;0.41;0.35
1989;5;3;123;17.4;12.7;7.9;7.4;5.1;2.5;0.1;-2.7;0.16;2.2;1.9;0;611;179;104;66;97828;2.64;0.29;0.41;0.35
1989;5;4;124;16.5;12.9;8.5;8.5;7.2;6.4;-0.3;-2;0.16;2.2;1.9;0;463;143;78;53;98037;2.01;0.24;0.4;0.36
1989;5;5;125;20.9;15.2;10;8.8;7;5.6;0.8;-2.1;0.17;2.2;1.9;0;638;208;109;72;98031;3.17;0.02;0.4;0.36
1989;5;6;126;20.3;12.6;6.9;10.9;5.9;-2.6;1.3;-1.9;0.17;2.3;1.9;0;565;154;105;75;97357;2.55;2.67;0.39;0.36
1989;5;7;127;13.3;9.6;6.4;0.9;-1.1;-2.6;1.9;-3.8;0.17;2.3;1.9;0;619;228;117;101;97679;3.15;0.43;0.39;0.36
1989;5;8;128;16.6;11.1;5.7;5.2;1.2;-0.7;1.1;-2;0.17;2.3;1.9;0;639;221;114;92;97633;3.1;0;0.39;0.36
1989;5;9;129;18.5;12.4;4.1;8.6;5.8;2.2;-0.3;1.1;0.17;2.4;1.9;0;714;240;132;92;97508;3.05;0;0.38;0.36
1989;5;10;130;22.6;15.2;5.8;10.3;8.3;4.8;1.7;1.6;0.17;2.4;1.9;0;723;253;134;96;97073;3.57;0;0.38;0.36
1989;5;11;131;21.6;16.2;10.2;10.8;9.2;7.6;1.5;1.6;0.17;2.4;1.9;0;646;206;105;74;96988;3.25;0.25;0.37;0.36
1989;5;12;132;21.3;16.3;10.1;10.1;8.8;7.1;2;1.8;0.17;2.5;1.9;0;617;194;106;79;96756;3.13;0;0.37;0.36
1989;5;13;133;20.9;15.7;10.3;13.2;11;9;-0.2;-0.1;0.17;2.5;1.9;0;525;164;79;58;96987;2.75;5.68;0.37;0.36
1989;5;14;134;16.4;13.4;10.9;10.9;9.1;5.3;0.7;-2;0.17;2.5;1.9;0;373;113;61;35;97677;2.67;3.05;0.37;0.36
1989;5;15;135;13.4;11.8;10.4;8.4;7.2;5.8;-0.4;-4.4;0.17;2.5;1.9;0;198;50;25;19;98271;2.94;13.39;0.37;0.36
1989;5;16;136;12.9;11.3;9.8;9.6;8.6;7.7;0;-2.9;0.17;2.6;1.9;0;171;46;22;13;98328;2.27;20.63;0.39;0.36
1989;5;17;137;17.8;14.1;11.3;13.7;11.3;8.8;0;-1.5;0.17;2.6;1.9;0;393;114;60;36;98241;2.3;13.41;0.4;0.36
1989;5;18;138;19.5;15;10.4;14;12.1;9.4;0.3;-0.8;0.17;2.6;1.9;0;440;154;83;50;98116;2.53;15.61;0.4;0.36
1989;5;19;139;18.6;14.6;10.7;14.1;12.4;9.8;0.2;-1.4;0.17;2.6;1.9;0;406;124;65;47;97995;2.32;12.31;0.41;0.36
1989;5;20;140;19.3;15.2;10.5;13.2;11.8;9.7;0.4;-1;0.17;2.7;1.9;0;489;164;88;58;97843;2.74;4;0.42;0.37
1989;5;21;141;20.9;16.3;10.3;13.4;11.1;8.8;0;-2;0.17;2.7;1.9;0;565;187;88;67;97702;3.16;1.58;0.41;0.37
1989;5;22;142;19.4;15.8;12;9.8;7.8;6.1;-1.3;-2.5;0.17;2.7;1.9;0;688;244;123;86;98093;3.96;0.15;0.41;0.37
1989;5;23;143;17.8;13.6;9.2;6.9;4.9;3.6;-1.8;-1.3;0.17;2.7;1.9;0;735;253;136;96;98495;3.86;0;0.4;0.37
1989;5;24;144;18.4;13.6;6.2;8.6;6;4.3;-0.9;-0.2;0.17;2.7;1.9;0;707;223;130;83;98530;3.27;0;0.39;0.37
1989;5;25;145;18.4;14.9;8.5;9.7;7.6;6.1;-0.6;0.3;0.17;2.8;1.9;0;594;171;113;71;98431;2.67;0;0.39;0.37
1989;5;26;146;18.8;15;9.3;11;8.8;7.3;-0.9;-0.1;0.17;2.8;1.9;0;579;211;109;75;98241;3.16;0.61;0.39;0.37
1989;5;27;147;20;15.5;8;11.6;8.8;7;-0.1;0.4;0.17;2.8;1.9;0;620;223;112;84;98021;3.38;0.01;0.38;0.37
1989;5;28;148;22.5;16.5;8.1;13.3;9.9;7.4;0.5;0.4;0.17;2.8;1.9;0;689;228;121;83;97759;3.55;0.17;0.38;0.37
1989;5;29;149;21.5;15.9;8.9;14.2;11.1;8.4;0.3;-0.3;0.17;2.9;1.9;0;678;219;112;79;97510;3.3;1.35;0.37;0.37
1989;5;30;150;22.8;16.6;8.8;13.3;10.8;8.2;1.1;1.3;0.17;2.9;1.9;0;634;223;104;80;97086;3.63;0.31;0.37;0.37
1989;5;31;151;20.6;16.1;11.3;13.6;11.6;8.1;0.3;0.9;0.17;2.9;1.9;0;484;165;82;61;96884;2.62;4.37;0.37;0.37
1989;6;1;152;19.1;15.6;13;14.7;13.1;11.6;-0.6;-0.5;0.17;2.9;1.9;0;384;116;68;30;96904;2.11;4.16;0.37;0.37
1989;6;2;153;19.6;15.9;12.7;15;13.2;10.8;0.5;0.1;0.17;2.9;1.9;0;459;133;77;36;96616;2.61;14.63;0.37;0.37
1989;6;3;154;19.2;14.9;11;13.2;11;9.8;0.1;1.6;0.17;3;1.9;0;444;130;85;49;96794;2.37;1.3;0.38;0.37
1989;6;4;155;19.5;15;10.3;11.7;10.1;8.3;0.5;1.2;0.17;3;1.9;0;583;198;99;74;96828;3.34;0.95;0.38;0.37
1989;6;5;156;19.1;14.3;8;12.5;9.4;7.5;0.2;0.6;0.17;3;1.9;0;591;201;102;75;96866;3.21;1.14;0.38;0.37
1989;6;6;157;17.6;13.8;9.5;9.8;7.4;5.6;0.3;-1;0.17;3;1.9;0;565;155;82;54;96962;2.67;0.13;0.37;0.37
1989;6;7;158;19.1;14.4;8.5;11.5;9.1;7.3;0.2;0;0.17;3;1.9;0;576;212;107;78;97071;3.29;3.98;0.37;0.37
1989;6;8;159;16.1;12.2;8;10.5;8.6;7.1;0.6;-1.1;0.17;3.1;1.9;0;373;127;70;51;97641;2.46;2.85;0.37;0.37
1989;6;9;160;20.2;14.6;6.5;9.8;6.8;5.3;0.5;0.1;0.17;3.1;1.9;0;709;261;132;94;97894;4.13;0;0.37;0.37
1989;6;10;161;22.5;16.5;7.8;11.8;9.2;6.5;-0.1;0;0.17;3.1;1.9;0;680;233;121;86;97765;3.81;0.02;0.37;0.37
1989;6;11;162;22.3;17.5;11.2;11.2;9.6;8.7;-0.1;-1.8;0.17;3.1;1.9;0;658;236;111;81;97787;4.15;0;0.36;0.37
1989;6;12;163;21.7;17.5;12.9;11.5;7.9;5.4;-0.4;-3;0.17;3.2;1.9;0;691;242;128;81;97798;4.53;0;0.36;0.37
1989;6;13;164;17.8;15.5;13.7;12;10.2;7.4;0.4;-2.5;0.17;3.2;1.9;0;251;81;44;26;97742;2.6;4.88;0.36;0.37
1989;6;14;165;21;16.9;13.1;11.1;8.9;6;-0.6;-2.8;0.17;3.2;1.9;0;508;159;97;53;97767;3.69;0.87;0.36;0.37
1989;6;15;166;20.3;16.1;10.9;10.1;7;4.3;0.2;-0.2;0.17;3.2;1.9;0;574;208;103;76;97988;3.66;0.63;0.35;0.37
1989;6;16;167;15.7;12.9;10.2;9.6;7.4;5.8;0.1;-1.7;0.17;3.2;1.9;0;516;168;107;68;97921;3.18;6.75;0.35;0.37
1989;6;17;168;15.5;12.9;9.4;11.4;8.8;5.6;1.1;-0.4;0.17;3.2;1.9;0;187;60;77;33;97818;1.12;1.56;0.35;0.37
1989;6;18;169;16.2;13.8;11.6;13.4;11.6;9.8;1.1;-0.6;0.17;3.3;1.9;0;188;60;75;33;97711;1.22;19.35;0.36;0.37
1989;6;19;170;21.4;16.6;10.5;14.2;11.1;9.2;0.5;-1;0.17;3.3;1.9;0;543;195;90;62;97969;3.45;0.8;0.37;0.37
1989;6;20;171;19.2;15.6;12;13.1;11.8;10.6;0.1;-0.4;0.17;3.3;1.9;0;533;196;97;63;97810;3.31;5.87;0.37;0.37
1989;6;21;172;18.2;15.2;12.2;14.2;12.6;11.4;0.1;0.6;0.17;3.3;1.9;0;446;133;66;45;97466;2.52;8.74;0.38;0.37
1989;6;22;173;24.2;17.7;10.7;16.6;13.6;10.6;0.8;0.3;0.17;3.3;1.9;0;645;202;108;61;97206;3.48;1.45;0.37;0.37
1989;6;23;174;20.8;17;11.9;16.9;14.7;11.7;0.8;-0.3;0.17;3.3;1.9;0;370;128;55;46;97103;2.45;9.14;0.37;0.37
1989;6;24;175;21.8;17.4;13.4;15.6;13;10.8;1;-0.7;0.17;3.3;1.9;0;456;168;87;45;97297;3.38;3.94;0.38;0.37
1989;6;25;176;22.8;18.6;14.1;17.2;14.5;12;0.6;-1.2;0.17;3.4;1.9;0;479;161;79;46;97459;3.29;3.74;0.38;0.37
1989;6;26;177;22.4;18;13.2;17.2;15.6;12.7;0.1;-0.4;0.17;3.4;1.9;0;497;156;77;54;97457;2.6;4.38;0.38;0.37
1989;6;27;178;24.6;19;14.4;19;16.7;14.2;0.3;0.5;0.17;3.4;1.9;0;603;193;87;47;97126;3.23;1.86;0.38;0.37
1989;6;28;179;23.2;17.3;13.7;17.5;13.4;9.7;1.1;-1.3;0.17;3.4;1.9;0;547;146;84;43;97120;3.25;9.16;0.38;0.37
1989;6;29;180;21.6;17.5;12.7;12.2;10.1;8.3;0.5;0.4;0.17;3.4;1.9;0;623;225;111;78;97465;4.14;0.22;0.38;0.37
1989;6;30;181;21.4;17.2;11.7;14.5;12.1;10.4;0.6;-0.3;0.17;3.4;1.9;0;447;148;83;59;97461;2.55;0.05;0.38;0.37
1989;7;1;182;23.6;18.5;11;16;13.5;10.7;0.2;0.7;0.17;3.4;1.9;0;598;217;100;69;97396;3.78;0.21;0.37;0.37
1989;7;2;183;24.4;19.6;13.3;16.5;15;12.9;0.1;0;0.17;3.5;1.9;0;596;212;95;64;97044;3.8;0.83;0.37;0.37
1989;7;3;184;23.3;19;15.5;17.6;15.4;13.1;0.1;-2;0.17;3.5;1.9;0;430;144;77;47;97393;3.21;10.09;0.37;0.37
1989;7;4;185;24.8;19.8;16;19.3;17.1;14.7;0.2;-1.1;0.17;3.5;1.9;0;507;156;78;46;97672;3.2;26.26;0.38;0.37
1989;7;5;186;25.4;20.6;16.1;18.5;17.1;15.5;0.5;-1.4;0.17;3.5;1.9;0;594;189;87;53;97986;3.75;10.31;0.4;0.37
1989;7;6;187;25.8;20.9;15.3;17.2;15.3;13.5;0.5;-0.8;0.17;3.5;1.9;0;604;210;101;76;98115;3.86;0.18;0.4;0.37
1989;7;7;188;26.8;21.4;13.8;18.8;16.5;13.6;0.2;1;0.17;3.5;1.9;0;650;212;103;67;97867;3.96;0.01;0.39;0.37
1989;7;8;189;27.9;22.6;15.8;20.9;18;15.5;0.1;0.8;0.17;3.5;1.9;0;682;238;101;68;97492;4.39;0.12;0.39;0.37
1989;7;9;190;28.2;22.3;16.4;20.1;18;15.9;0.5;0.1;0.17;3.6;1.9;0;654;224;96;67;97534;4.21;0.42;0.38;0.37
1989;7;10;191;26.4;21.3;16.8;19.3;17.4;16.1;1;-0.4;0.17;3.6;1.9;0;644;197;91;61;97802;3.81;1.18;0.38;0.37
1989;7;11;192;26.4;20.9;15.2;19.4;17.4;15.2;0.4;0.2;0.17;3.6;1.9;0;689;215;99;62;97577;4.05;2.72;0.37;0.37
1989;7;12;193;24;19.9;16.2;17.9;16.9;15.5;0.4;-0.3;0.17;3.6;1.9;0;486;151;83;49;97595;3.04;10.57;0.38;0.37
1989;7;13;194;24;20.3;16;17.2;15.6;14.5;0.9;-0.4;0.17;3.6;1.9;0;513;171;92;58;97444;3.38;0.38;0.38;0.37
1989;7;14;195;24.2;19.1;15.2;15.9;13.9;11.9;0.9;-0.3;0.17;3.6;1.9;0;635;186;102;62;97332;3.72;4.9;0.38;0.37
1989;7;15;196;20.1;17;13.5;11.1;8.8;6.6;0.7;-0.8;0.17;3.6;1.9;0;477;185;99;69;97804;3.81;0.01;0.38;0.37
1989;7;16;197;22.6;18;12.3;14.2;11.1;9.4;1.1;0.2;0.17;3.6;1.9;0;556;189;94;67;97728;3.52;0.07;0.37;0.37
1989;7;17;198;20.7;17.5;14.2;13.6;10.5;8.3;0;-0.8;0.17;3.6;1.9;0;493;167;89;62;97849;3.21;0.48;0.37;0.37
1989;7;18;199;21.9;16.9;11.8;14.7;12.1;10;0.7;0.4;0.17;3.6;1.9;0;576;206;95;72;97496;3.59;2.68;0.37;0.37
1989;7;19;200;19.9;15.9;11.1;10.2;8;5;0.7;-1.5;0.17;3.6;1.9;0;644;207;109;79;97807;4.12;0;0.36;0.37
1989;7;20;201;23.1;17.4;9.4;14.3;10.9;8.2;0.6;0.5;0.17;3.6;1.9;0;636;223;109;82;98018;3.88;0;0.36;0.37
1989;7;21;202;23.7;18.8;10.9;15.2;13.1;10.2;-0.4;-0.4;0.17;3.6;1.9;0;619;227;105;78;98087;3.86;0.14;0.36;0.37
1989;7;22;203;23.2;18.9;13.6;16.1;12.7;10.1;-0.7;0.2;0.17;3.6;1.9;0;657;201;96;63;98185;3.61;0;0.35;0.37
1989;7;23;204;26;21.3;15.4;19.4;16.7;13.9;-0.2;0.5;0.17;3.6;1.9;0;568;179;78;53;98029;3.15;0;0.35;0.37
1989;7;24;205;27.8;22;16.1;20.1;18.6;16;0.3;0.1;0.17;3.6;1.9;0;573;171;75;47;97888;3.11;0.62;0.35;0.37
1989;7;25;206;25.5;20.9;17.3;18.7;18;17.2;-0.3;-0.5;0.17;3.6;1.9;0;538;157;85;41;97794;3.2;15.78;0.35;0.37
1989;7;26;207;20.6;18.6;17.1;17.7;17.2;16.1;0.1;-0.9;0.17;3.6;1.9;0;198;52;52;21;97726;1.35;17.94;0.37;0.37
1989;7;27;208;24.2;20;15.9;16.6;15.2;14.1;0.6;-1.3;0.17;3.6;1.9;0;618;197;96;61;97606;3.99;1.21;0.37;0.37
1989;7;28;209;22.8;19;15.1;16.7;15.1;13.7;0.5;-1.4;0.17;3.6;1.9;0;495;164;74;56;97754;2.98;2.09;0.37;0.37
1989;7;29;210;23.3;18.8;13.6;15.6;14.2;12.7;-0.1;-1;0.17;3.6;1.9;0;635;206;97;69;97924;3.77;0.44;0.37;0.37
1989;7;30;211;25.7;20;13.5;17.3;15.2;12.9;0.7;0.8;0.17;3.6;1.9;0;573;201;92;68;97355;3.72;0.02;0.36;0.37
1989;7;31;212;24.2;17.7;12.4;18.3;14.9;10.9;0.6;0.3;0.17;3.6;1.9;0;474;133;76;48;96815;2.96;30.88;0.37;0.37
1989;8;1;213;19;14.2;10.5;12.2;9.2;5.2;0.8;-0.6;0.17;3.6;1.9;0;450;148;85;62;96624;3.2;4.92;0.38;0.37
1989;8;2;214;18.4;14.1;9.3;8;6.5;5.1;1.7;-1.2;0.17;3.6;1.9;0;618;211;113;82;97007;3.83;0.05;0.38;0.37
1989;8;3;215;16.6;13.7;10.4;10.7;8.2;6.9;0.8;0;0.17;3.6;1.9;0;357;105;70;46;97217;1.91;0.22;0.38;0.37
1989;8;4;216;22.8;17.1;11.1;14;11.5;9.2;0.7;1.1;0.17;3.6;1.9;0;604;202;105;73;97260;3.48;0;0.38;0.37
1989;8;5;217;25;18.7;10.8;16.3;13.7;10.3;0.8;0.8;0.17;3.6;1.9;0;599;205;98;75;97126;3.61;0.04;0.37;0.37
1989;8;6;218;25.4;19.7;13.6;18.2;15.7;12.4;0.9;0.7;0.17;3.6;1.9;0;620;197;96;66;96961;3.47;0.89;0.37;0.37
1989;8;7;219;25.7;20.8;14.7;18.7;16.5;14.3;0.5;0.1;0.17;3.5;1.9;0;579;190;92;61;97254;3.43;0.45;0.37;0.37
1989;8;8;220;26.8;21.1;14.6;19.2;17.4;14.3;0.4;-0.4;0.17;3.5;1.9;0;628;191;95;60;97287;3.4;1.56;0.36;0.37
1989;8;9;221;22.8;18.9;14.8;17.1;15.9;12.8;0.6;-1.1;0.17;3.5;1.9;0;417;106;72;44;97290;2.42;13.06;0.37;0.37
1989;8;10;222;24.1;19;12.6;15.9;13.9;11.2;0.2;0.5;0.17;3.5;1.9;0;578;200;102;72;97490;3.7;0.04;0.37;0.37
1989;8;11;223;24.3;19.4;14.8;18.2;16.1;13.6;0.3;0.7;0.17;3.5;1.9;0;529;169;82;57;97106;2.94;1.78;0.37;0.37
1989;8;12;224;25.2;19.9;13.6;17.5;15.8;13.5;0.7;0.2;0.17;3.5;1.9;0;604;178;91;57;97136;3.39;0.02;0.37;0.37
1989;8;13;225;23;19.6;15.5;17.7;16.1;14.4;-0.3;-0.5;0.17;3.5;1.9;0;332;114;63;45;97341;2.04;0.44;0.36;0.37
1989;8;14;226;27.4;22.5;16.6;20.9;18.1;15.4;-0.1;0.3;0.17;3.5;1.9;0;640;207;98;62;97440;3.62;0;0.36;0.37
1989;8;15;227;28;23.3;16.8;21.9;19.7;16.7;0;0.2;0.17;3.5;1.9;0;589;187;90;57;97747;3.3;0.24;0.36;0.37
1989;8;16;228;28.3;23.1;17;21.3;19.1;16.9;-0.1;0.7;0.17;3.5;1.9;0;552;184;82;59;97818;3.46;0.1;0.35;0.37
1989;8;17;229;28.4;22.3;17.4;20.3;18.8;16.6;0.7;-0.3;0.17;3.5;1.9;0;593;179;90;56;97756;3.32;10.03;0.35;0.37
1989;8;18;230;25.1;21.2;17.8;19.4;17.9;16.7;0.5;-1.3;0.16;3.4;1.9;0;469;140;74;47;98016;3.15;6.11;0.36;0.37
1989;8;19;231;22.3;19.2;17.1;18.3;17.1;16.1;0.3;-1;0.16;3.4;1.9;0;357;85;44;29;97990;2.07;23.89;0.37;0.37
1989;8;20;232;24;20.4;17.2;19.3;17.3;16;-0.1;-0.7;0.16;3.4;1.9;0;512;139;75;41;97810;2.71;1.66;0.38;0.37
1989;8;21;233;26.1;21.1;14.9;20.3;17.7;14.7;0.3;-0.6;0.16;3.4;1.9;0;583;179;91;62;97840;3.07;0.23;0.38;0.37
1989;8;22;234;25.2;20.9;15.9;19.4;17.8;15.4;0.4;-0.5;0.16;3.4;1.9;0;507;164;82;59;97821;2.91;1.4;0.38;0.37
1989;8;23;235;27;21.4;15.7;18.6;17;14.9;0.4;-1.2;0.16;3.3;1.9;0;600;191;95;65;97778;3.63;1.55;0.37;0.37
1989;8;24;236;24;19.9;15.3;17.4;16.2;14.5;0.1;-0.6;0.16;3.3;1.9;0;521;163;87;62;97696;2.88;0.59;0.37;0.37
1989;8;25;237;24.5;19.5;14.8;18.6;16.9;14.5;0.7;0.1;0.16;3.3;1.9;0;489;163;85;57;97122;2.82;1.57;0.37;0.37
1989;8;26;238;18.8;16.9;14.2;15.8;14;12.6;-0.6;0.5;0.16;3.3;1.9;0;344;93;58;42;97176;1.9;2.13;0.37;0.37
1989;8;27;239;22.2;17.6;14.1;17.1;14.9;13.4;-0.4;0.9;0.16;3.2;1.9;0;543;137;72;42;96772;2.48;11.53;0.37;0.37
1989;8;28;240;15.9;13.9;11.8;15.5;10.8;6.7;0.9;-1.2;0.16;3.2;1.9;0;180;41;57;32;96638;1.8;33.95;0.39;0.37
1989;8;29;241;15.7;12.8;10.7;6.7;5.5;4.3;1.7;-2.5;0.16;3.2;1.9;0;322;109;70;50;97072;2.41;0.19;0.4;0.37
1989;8;30;242;14.9;12.5;10.5;7.4;6.1;4.7;2.1;-2.8;0.16;3.2;1.9;0;234;75;49;35;97273;2.66;3.67;0.4;0.37
1989;8;31;243;19.2;15.3;11.6;10.2;6.7;4.1;1.1;-1.8;0.16;3.1;1.9;0;421;136;95;58;97279;2.8;0.11;0.39;0.37
1989;9;1;244;20.9;15.1;7.7;11.9;9.5;6.6;-0.4;-0.1;0.16;3.1;1.9;0;576;191;122;82;97421;2.87;0;0.39;0.37
1989;9;2;245;19.9;15.3;10.3;12.2;10.6;9.2;-0.4;-0.6;0.16;3.1;1.9;0;549;152;106;61;97301;2.45;2.37;0.39;0.37
1989;9;3;246;13.4;12.5;11;11.4;10.4;9.1;0.9;-1.8;0.16;3.1;1.9;0;86;24;27;20;97259;1.59;19.22;0.4;0.37
1989;9;4;247;16.1;13.2;10.7;10.3;9.3;8;1.1;-1;0.16;3.1;1.9;0;289;90;66;41;97478;1.8;2.53;0.4;0.37
1989;9;5;248;18.3;14;10.9;9.4;8.5;7.4;1.6;-2.4;0.16;3;1.9;0;415;115;93;51;97934;2.86;3.02;0.4;0.37
1989;9;6;249;18.3;14;8.8;10;8.4;6.8;0.1;-1;0.16;3;1.9;0;455;137;87;64;98365;2.17;0.17;0.4;0.37
1989;9;7;250;17.8;13.9;9.2;10.8;8.6;7.3;0;-1;0.16;3;1.9;0;481;137;100;64;98159;2.07;0.03;0.39;0.37
1989;9;8;251;17.9;14.2;8.2;12.1;9.4;7.2;0;-0.2;0.16;3;1.9;0;418;116;76;48;97658;1.73;0.04;0.39;0.37
1989;9;9;252;17.9;15.3;12.9;12.6;10.7;8.9;-0.4;0.2;0.15;2.9;1.9;0;316;87;61;38;97065;1.35;2.67;0.39;0.37
1989;9;10;253;17.6;14.3;10.9;13.6;11.9;10;0.9;-0.3;0.15;2.9;1.9;0;208;57;69;33;97259;1.07;0.73;0.39;0.37
1989;9;11;254;22;15.9;8.3;14.8;11.7;7.7;-0.1;0.1;0.15;2.9;1.9;0;538;168;104;67;97555;2.5;0.33;0.39;0.37
1989;9;12;255;17.5;14.8;12.5;15.6;13.4;11.8;-0.8;-1.1;0.15;2.9;1.9;0;249;60;41;22;97690;1.15;4.8;0.38;0.37
1989;9;13;256;18.2;15.3;13.5;12.7;12;11.6;-0.9;0.8;0.15;2.9;1.9;0;298;90;62;31;97678;1.7;0.11;0.39;0.37
1989;9;14;257;17.1;14.2;9.6;13.2;11.6;8.6;0.6;0.1;0.15;2.8;1.9;0;186;58;81;41;97424;0.9;1.17;0.38;0.37
1989;9;15;258;20.6;14.6;7.5;12.6;10.4;6.7;1.2;0.9;0.15;2.8;1.9;0;536;146;105;62;97367;2.21;0.03;0.38;0.37
1989;9;16;259;23.6;18;12.9;15.2;13.1;11;0.4;0.3;0.15;2.8;1.9;0;502;131;86;54;97534;2.09;0.03;0.38;0.37
1989;9;17;260;24.4;18.1;11.5;16.5;14.4;10.9;0.2;0.6;0.15;2.7;1.9;0;561;167;109;71;97799;2.45;0;0.38;0.37
1989;9;18;261;24.4;18.6;11.9;18.1;15.5;11.5;-0.1;0.3;0.15;2.7;1.9;0;544;153;95;63;98085;2.15;0;0.37;0.37
1989;9;19;262;24.9;19.2;13.9;17.6;16;13.7;0;0.9;0.15;2.6;1.9;0;559;161;111;69;98053;2.26;0;0.37;0.37
1989;9;20;263;24.2;18.3;11.6;17.9;15.5;11.2;-0.1;-0.8;0.15;2.6;1.9;0;475;138;87;60;98463;1.96;0.05;0.37;0.37
1989;9;21;264;22.9;18.1;12.5;17.6;15.3;12.5;0.1;-0.7;0.15;2.6;1.9;0;401;115;78;51;98390;1.71;0.32;0.37;0.37
1989;9;22;265;22.9;18;13.4;15.7;14;11.4;-0.6;0.2;0.15;2.5;1.9;0;521;147;107;72;97883;2.09;0;0.36;0.37
1989;9;23;266;21.4;16.9;13.1;13.9;12.4;10.6;-0.4;0.1;0.15;2.5;1.9;0;527;151;117;75;97672;1.98;0;0.36;0.37
1989;9;24;267;21.3;16.3;10.5;14.5;12.4;10;0;0.2;0.15;2.4;1.9;0;456;129;93;62;97875;1.75;0.04;0.36;0.37
1989;9;25;268;20.9;16.3;11.3;13.8;12;10.6;0.3;-0.1;0.15;2.4;1.9;0;435;119;87;58;97770;1.62;0;0.36;0.37
1989;9;26;269;19.6;14.9;11.3;13.1;12;10.6;0.4;-0.7;0.15;2.4;1.9;0;359;113;90;59;97631;1.48;0.47;0.36;0.37
1989;9;27;270;17;13.5;9.4;14.5;12.2;9;0;-0.4;0.15;2.3;1.9;0;307;79;62;39;97330;1.45;29.31;0.36;0.37
1989;9;28;271;11.9;10.7;9.4;10;8.8;7.5;1.1;-3;0.15;2.3;1.9;0;90;20;28;16;97381;2.22;30.15;0.39;0.37
1989;9;29;272;15.8;12.5;9.4;10;8;4.3;0.2;-3.3;0.15;2.2;1.9;0;228;60;84;41;97631;1.83;3.03;0.4;0.37
1989;9;30;273;15.7;11.5;7.7;4.7;3.4;1.8;1.2;-1.9;0.15;2.2;1.9;0;411;121;102;72;97896;1.88;0;0.4;0.37
1989;10;1;274;14.3;11.9;9.8;9;6.8;4.3;0.4;-0.2;0.15;2.2;1.9;0;263;63;69;36;97877;1.06;1.85;0.4;0.37
1989;10;2;275;17.6;12.3;8.3;10;7.2;4.2;0.6;-0.1;0.14;2.1;1.9;0;437;116;111;66;97500;1.7;0.37;0.4;0.38
1989;10;3;276;12.7;8.8;5.3;6.3;3.3;0.2;1.1;-1.3;0.14;2.1;1.9;0;344;88;121;69;97383;1.45;1.39;0.39;0.38
1989;10;4;277;12.6;7.6;3.2;3;0.9;-1.2;0.2;-0.8;0.14;2;1.9;0;429;117;109;80;98354;1.35;0;0.39;0.38
1989;10;5;278;14;8.1;1.5;5.7;3.2;0.6;0.3;0.3;0.14;2;1.9;0;515;145;127;88;98492;1.42;0;0.39;0.38
1989;10;6;279;15.7;9;1.8;7.5;5;1.4;0.3;0.7;0.14;2;1.9;0;503;142;126;83;97948;1.38;0.05;0.39;0.38
1989;10;7;280;11.8;8.9;4.9;8.8;6.9;4.5;0.3;0.1;0.14;1.9;1.9;0;178;40;68;37;96802;0.41;2.49;0.39;0.38
1989;10;8;281;10.9;7;2.1;5.8;4.2;2;-0.5;-1.8;0.14;1.9;1.9;0;310;70;73;43;96411;1.09;1.13;0.39;0.38
1989;10;9;282;13.3;9.4;6.8;4.2;3.1;2;0.1;-2.6;0.14;1.8;1.9;0;357;83;87;54;96822;1.45;0.18;0.38;0.38
1989;10;10;283;13.3;8.8;4.6;3.9;2.4;1.1;0.4;-2.4;0.14;1.8;1.9;0;339;88;110;65;96928;1.24;0.17;0.38;0.38
1989;10;11;284;13.7;8;2.6;3.7;1.7;0;1.2;0;0.14;1.8;1.9;0;500;135;132;82;97426;1.33;0;0.38;0.38
1989;10;12;285;14.7;8.9;4.1;6.8;4.4;2.4;0.3;0;0.14;1.7;1.9;0;366;96;108;62;97917;0.95;0;0.38;0.38
1989;10;13;286;16.6;9.3;2.3;8.1;5.4;1.8;0.8;0.9;0.14;1.7;1.9;0;476;129;123;83;97800;1.18;0;0.38;0.38
1989;10;14;287;16.4;9.8;3.4;8.7;6.2;2.9;0.8;0.7;0.14;1.6;1.9;0;469;117;112;74;97336;1.03;0;0.37;0.38
1989;10;15;288;12.5;8.7;5.5;7.2;4.1;0.8;1.4;-1.2;0.14;1.6;1.9;0;277;63;101;56;97641;0.93;3.91;0.38;0.38
1989;10;16;289;13.5;8.2;4.4;3.3;1.7;0.6;0.6;-0.4;0.14;1.6;1.9;0;418;117;128;83;98663;1.1;0;0.37;0.38
1989;10;17;290;16.1;8.6;1.7;6.9;4;0.8;0.7;0.3;0.14;1.6;1.9;0;456;120;121;78;98744;1.08;0;0.37;0.38
1989;10;18;291;17.8;10.1;2.9;9.2;5.8;2;0.3;0.2;0.14;1.6;1.9;0;458;121;124;79;98274;1.09;0;0.37;0.38
1989;10;19;292;16.8;9.7;2.8;9.4;6.5;2.5;0.1;0.3;0.14;1.5;1.9;0;441;115;122;80;97734;0.96;0;0.37;0.38
1989;10;20;293;17.2;9.5;3;9.1;6;2.4;1.3;0.7;0.13;1.5;1.9;0;440;114;114;75;97502;1;0;0.37;0.38
1989;10;21;294;18.7;11.1;5.2;10.4;7.6;4.5;0.7;0.8;0.13;1.5;1.9;0;416;106;110;68;98288;0.94;0;0.37;0.38
1989;10;22;295;19.8;12.1;5.4;12.3;8.7;4.7;0.3;0.7;0.13;1.5;1.9;0;435;113;116;76;98474;1;0;0.37;0.38
1989;10;23;296;19.6;11.9;5.4;11.8;8.6;4.8;0.3;0.7;0.13;1.5;1.9;0;434;110;119;76;98288;0.94;0;0.36;0.38
1989;10;24;297;19.9;11.9;4.6;12.7;8.7;4.2;0.7;0.1;0.13;1.5;1.9;0;427;110;117;74;98128;0.94;0;0.36;0.38
1989;10;25;298;20.2;12;5.4;11.7;8.5;4.9;0.7;0.4;0.13;1.5;1.9;0;416;107;115;73;98268;0.97;0;0.36;0.38
1989;10;26;299;19.9;12.1;5.2;12.7;8.5;4.4;0.6;0.1;0.13;1.4;1.9;0;419;107;120;75;98073;0.93;0;0.36;0.38
1989;10;27;300;18.6;11.1;4.4;11.8;8.3;4.1;0.1;0.4;0.13;1.4;1.9;0;412;102;123;75;97909;0.81;0;0.36;0.38
1989;10;28;301;18.2;11;4.8;10;7.2;4;0.2;1.4;0.13;1.4;1.9;0;396;96;123;78;97706;0.86;0.02;0.36;0.38
1989;10;29;302;15.4;9.9;5.7;9.1;6.5;3.7;1.6;0.7;0.13;1.4;1.9;0;364;75;90;63;97549;0.67;0.98;0.36;0.38
1989;10;30;303;17.4;10.4;4.1;11.6;8.1;3.5;1.1;0.4;0.13;1.4;1.9;0;375;74;86;49;97633;0.73;0.47;0.35;0.38
1989;10;31;304;16.9;11.7;7.4;12.1;9.5;6.7;0.2;0.1;0.13;1.4;1.9;0;216;52;80;41;97680;0.39;0.06;0.35;0.38
1989;11;1;305;18;12.4;6.6;11;9.4;6.1;0.2;1;0.12;1.4;1.9;0;375;90;107;67;97854;0.73;0;0.35;0.38
1989;11;2;306;17.9;11.9;6.8;10.3;8.6;6;0.8;0.5;0.12;1.4;1.9;0;384;90;105;64;97574;0.73;0;0.35;0.38
1989;11;3;307;17.9;12.4;7.4;9.9;8.7;7.2;0.7;2;0.12;1.3;1.9;0;269;68;106;61;97375;0.67;0.01;0.35;0.38
1989;11;4;308;15.4;11.9;9.1;12.8;9.7;5.9;0.3;2.5;0.12;1.3;1.9;0;177;38;66;49;96641;0.82;3.61;0.35;0.38
1989;11;5;309;12.6;8.7;5.4;7.8;5.8;4.4;0.3;2.4;0.12;1.3;1.9;0;235;51;78;62;96329;0.69;0.96;0.35;0.38
1989;11;6;310;9.4;8.1;5.8;8.3;6.6;3.7;-1;0.2;0.12;1.3;1.9;0;52;9;52;19;95795;0.32;18;0.36;0.38
1989;11;7;311;10.6;6.9;3.1;4.6;1.8;-1.3;1;-1;0.12;1.3;1.9;0;286;65;118;64;96602;0.69;0;0.37;0.38
1989;11;8;312;10.2;5.2;0.5;2.1;-0.1;-2.2;0.8;-0.4;0.12;1.3;1.9;0;364;84;116;74;97287;0.59;0;0.37;0.38
1989;11;9;313;9.2;5.3;1.2;4.2;2.1;0.2;0.8;-0.3;0.12;1.3;1.9;0;196;44;50;37;97832;0.32;0.21;0.37;0.38
1989;11;10;314;9.9;4.7;0.3;4;1.9;-0.2;0.3;-0.4;0.12;1.2;1.9;0;356;80;113;71;98399;0.53;0.03;0.37;0.38
1989;11;11;315;9.2;3.6;-2.1;2.1;0;-2.6;0.3;-0.4;0.12;1.2;1.9;0;373;89;127;85;98567;0.47;0;0.36;0.38
1989;11;12;316;6.6;1.8;-2.2;1.3;-0.6;-3.3;0.2;-0.6;0.12;1.2;1.9;0;372;87;124;80;98619;0.37;0;0.36;0.38
1989;11;13;317;7.3;1.7;-2.2;1.6;-0.7;-3.1;0.7;-0.1;0.11;1.2;1.9;0;357;79;120;68;98568;0.39;0;0.36;0.38
1989;11;14;318;8.6;1.9;-3.2;3.4;-1.6;-4.7;0.7;-0.2;0.11;1.2;1.9;0;354;83;115;77;98360;0.38;0;0.36;0.38
1989;11;15;319;8.7;2.2;-2.1;1.4;-2.1;-4.9;0.9;-0.7;0.11;1.2;1.9;0;353;82;115;73;97723;0.4;0;0.36;0.38
1989;11;16;320;6;1.9;-0.9;-0.8;-2.8;-3.7;0;-1.7;0.11;1.2;1.9;0;283;69;105;73;98010;0.38;0;0.36;0.38
1989;11;17;321;1.6;-0.2;-1.6;-2.8;-4.9;-7.2;-1.1;0.1;0.11;1.2;1.9;0;251;57;79;55;98418;0.27;0.04;0.36;0.38
1989;11;18;322;1.8;-1.2;-3.1;-4.4;-5;-5.6;-0.8;1;0.11;1.2;1.9;0;296;70;104;72;98429;0.21;0;0.36;0.38
1989;11;19;323;3.2;-0.8;-3.1;-3.1;-4.3;-5.5;-0.9;0.6;0.11;1.2;1.9;0;320;72;93;65;98082;0.13;0;0.36;0.38
1989;11;20;324;4.2;0.4;-2.2;-0.1;-2.1;-4.1;-0.5;-0.1;0.11;1.2;1.9;0;250;57;76;48;97766;0.13;0;0.36;0.38
1989;11;21;325;6.8;1.2;-2.1;3.2;-0.2;-2.7;0.4;-0.2;0.11;1.2;1.9;0;317;69;109;59;97188;0.2;0;0.36;0.38
1989;11;22;326;10.5;3.5;-2.2;7.1;2;-2.7;1.2;0.2;0.11;1.2;1.9;0.06;310;64;89;39;96078;0.39;9.14;0.36;0.38
1989;11;23;327;3.3;0.1;-3.1;-1.4;-6.7;-9.9;0.8;-1.1;0.14;1.2;1.9;2.05;284;67;119;75;96702;0.67;0.71;0.36;0.38
1989;11;24;328;3.4;-1;-3.2;-5.5;-7.2;-8.8;0.3;1.4;0.14;1.2;1.9;1.95;318;71;122;85;96831;0.14;0;0.36;0.38
1989;11;25;329;2.4;-1.8;-4.1;-3.7;-7;-13.8;-0.6;-1.2;0.14;1.2;1.9;1.9;223;51;100;67;96955;0.09;0.27;0.36;0.38
1989;11;26;330;-0.1;-3.1;-5.5;-11;-12.8;-14.4;1.2;0.6;0.14;1.2;1.9;1.96;316;71;124;89;97495;0.08;0.03;0.36;0.38
1989;11;27;331;3.9;-0.9;-3.3;-4.2;-6.9;-10.7;1;0.3;0.13;1.2;1.9;1.91;243;46;81;51;97171;0.05;0;0.36;0.38
1989;11;28;332;6.4;0;-3.5;-2.3;-5.2;-6.4;1.1;-1.3;0.13;1.2;1.9;1.69;267;59;114;73;97437;0.07;0.02;0.36;0.38
1989;11;29;333;0.6;-2.3;-4.3;-7;-8.3;-9.4;-0.8;0.4;0.13;1.2;1.9;1.53;307;68;124;91;98894;0.05;0;0.36;0.38
1989;11;30;334;1;-3.2;-5.6;-7.5;-8.9;-9.4;-0.5;0.5;0.13;1.2;1.9;1.45;300;66;115;84;99000;0.04;0;0.36;0.38
1989;12;1;335;-0.1;-3.6;-6.5;-8;-8.5;-9.1;0.2;-0.4;0.13;1.2;1.9;1.38;294;64;112;79;99627;0.02;0;0.36;0.38
1989;12;2;336;4.3;-1.3;-6.3;-4;-7.3;-9.6;0.6;0;0.12;1.2;1.9;1.28;290;63;111;69;99736;0;0;0.36;0.38
1989;12;3;337;3.3;-0.7;-3.9;-2.9;-5;-6.5;0.3;0.3;0.12;1.2;1.9;1.13;278;60;102;69;99434;0;0;0.36;0.38
1989;12;4;338;3.5;-1.5;-5.5;-3;-4.8;-6.7;0.2;0.1;0.12;1.2;1.9;1.04;288;62;106;69;98636;0.02;0;0.36;0.38
1989;12;5;339;3.2;-1.9;-5.5;-2.9;-4.7;-6.7;-0.1;0.1;0.12;1.2;1.9;0.92;290;60;111;69;98262;0;0;0.36;0.38
1989;12;6;340;1.5;-2.1;-4.2;-3;-4.2;-5.4;0.3;0.8;0.12;1.2;1.9;0.86;217;45;94;57;98091;0.02;0.02;0.36;0.38
1989;12;7;341;4.6;-1.5;-5.1;-2.8;-5.2;-6.8;1;-0.2;0.12;1.2;1.9;0.82;275;58;109;62;97495;0.03;0;0.36;0.38
1989;12;8;342;1.4;-1.5;-3.5;-3;-4.2;-5.3;-0.3;0.9;0.12;1.2;1.9;0.89;140;32;75;45;97701;0;0.15;0.36;0.38
1989;12;9;343;2.4;-2.1;-5.9;-4.7;-6.1;-7.6;0.9;-0.7;0.12;1.2;1.9;0.88;275;59;114;70;97078;0.02;0;0.36;0.38
1989;12;10;344;-1.2;-3.6;-6.6;-6.4;-10.1;-12.2;-0.9;0;0.12;1.2;1.9;0.85;256;53;118;76;97913;0;0.03;0.35;0.38
1989;12;11;345;0;-4.4;-8.1;-7.9;-10;-11.2;0.3;0.8;0.11;1.2;1.9;0.84;285;61;110;77;97321;0;0;0.35;0.38
1989;12;12;346;3;-2.2;-6.1;-3.9;-6;-7.8;0.7;1;0.11;1.2;1.9;0.81;280;60;114;71;97056;0;0.09;0.35;0.38
1989;12;13;347;6.3;2.2;-1.7;0.9;-1.6;-4.6;1.7;1.4;0.11;1.2;1.9;0.73;231;47;87;42;96265;0;0.02;0.35;0.38
1989;12;14;348;8.6;3.2;-1.8;3.9;1;-3;1.8;1.5;0.11;1.2;1.9;0.54;255;52;88;61;96496;-0.1;0;0.35;0.38
1989;12;15;349;11.4;6.5;1.3;8.3;5;1.1;1.7;1.6;0.11;1.2;1.9;0.28;181;34;59;33;95986;-0.06;0.02;0.35;0.37
1989;12;16;350;11.9;5.5;0.9;8.7;4.3;0.2;1.8;1.2;0.1;1.2;1.9;0.14;260;52;97;51;96225;-0.13;0;0.35;0.37
1989;12;17;351;14.8;11.6;7.8;9.7;8;6.1;2.5;3.3;0.1;1.2;1.9;0.02;165;37;84;45;95967;0.47;0.07;0.35;0.37
1989;12;18;352;12.1;8.2;3;8.4;6.5;2.8;1;2.1;0.1;1.2;1.9;0;195;43;68;45;96705;0.22;1.64;0.35;0.37
1989;12;19;353;15.5;11.4;5.2;9.7;7.6;3.3;2.2;2.8;0.1;1.2;1.9;0;240;50;79;56;96586;0.7;5.64;0.35;0.37
1989;12;20;354;9.5;4.9;2.3;4.7;2.9;1.1;1;1.1;0.1;1.1;1.9;0;152;33;89;48;97712;0.23;0;0.36;0.37
1989;12;21;355;11.9;6;2.7;7;4;1.6;1.9;1;0.1;1.1;1.9;0;264;56;102;66;97517;0.13;0;0.36;0.37
1989;12;22;356;13;7.8;3.5;7.5;4.9;3.1;2.1;2.1;0.1;1.1;1.9;0;259;54;110;72;96775;0.34;0;0.36;0.37
1989;12;23;357;7.2;3.1;-2.8;4.7;0.7;-4.8;1.1;-0.2;0.1;1.1;1.9;0;100;23;109;54;97454;0.23;2.12;0.36;0.37
1989;12;24;358;5.8;1;-2.8;1.3;-1.5;-4.5;0.9;0.6;0.1;1.1;1.9;0;235;44;97;52;98033;0.29;1.33;0.36;0.37
1989;12;25;359;6.1;2.2;-0.4;1.8;0.2;-0.9;-0.4;0.5;0.1;1.1;1.9;0;241;50;86;46;98066;0.23;0.16;0.36;0.37
1989;12;26;360;0.9;0.1;-1.3;0.2;-1.5;-3.5;-0.8;0.3;0.1;1.1;1.9;0.22;98;19;41;15;98049;0.14;0.44;0.36;0.37
1989;12;27;361;0;-0.9;-1.7;-3.2;-4;-4.9;-0.6;0.9;0.11;1.1;1.9;0.41;104;24;47;30;97848;0.14;0.06;0.36;0.37
1989;12;28;362;2.3;-1;-2.9;-2.4;-3.6;-4.6;-0.4;0.4;0.11;1.1;1.9;0.4;276;59;112;75;97822;0.07;0;0.36;0.37
1989;12;29;363;1.2;-1.3;-3;-2.8;-3.7;-4.1;0;-0.2;0.11;1.1;1.9;0.36;251;50;97;63;97987;0.04;0;0.36;0.37
1989;12;30;364;1.8;-1.2;-2.9;-2.4;-3.3;-4;-0.3;0.3;0.11;1.1;1.9;0.36;256;55;101;64;98191;0.04;0;0.35;0.37
1989;12;31;365;-0.8;-1.8;-2.4;-3;-3.3;-3.7;-0.4;0.2;0.11;1.1;1.9;0.43;90;21;29;18;98204;0;0.14;0.35;0.37
1990;1;1;1;-1.1;-2.2;-2.8;-3.3;-4.1;-5.2;-0.3;0.4;0.11;1.1;1.9;0.62;126;27;43;26;97986;0;0.12;0.35;0.37
1990;1;2;2;0.8;-1.7;-2.8;-3.9;-4.5;-4.9;-0.2;0.5;0.11;1.1;1.9;0.67;258;53;108;53;97891;0.03;0.03;0.35;0.37
1990;1;3;3;0.5;-1.2;-2.7;-2.8;-4.1;-6.4;-0.7;-0.2;0.11;1.1;1.9;0.98;105;19;45;25;98108;0.02;0.56;0.35;0.37
1990;1;4;4;0.4;-2.4;-4.3;-6.6;-7;-7.7;-0.2;0.8;0.12;1;1.9;1.2;287;61;115;71;98672;0.04;0;0.35;0.37
1990;1;5;5;-0.7;-3.8;-5.6;-6.4;-7.1;-8.2;-0.6;0.9;0.12;1;1.9;1.19;253;56;104;70;98696;0.02;0;0.35;0.37
1990;1;6;6;-3;-5.5;-7.4;-8.2;-9.1;-10.1;-0.5;0.4;0.12;1;1.9;1.18;254;55;117;75;98960;0.01;0;0.35;0.37
1990;1;7;7;-1;-5.8;-8.8;-9.6;-10.3;-10.9;0;0.8;0.12;1;1.9;1.12;298;65;122;90;99204;0.01;0;0.35;0.37
1990;1;8;8;-0.4;-5.6;-8.7;-9.4;-10.5;-11.5;-0.1;0.6;0.12;1;1.9;1.06;302;67;123;89;99386;0.01;0;0.35;0.37
1990;1;9;9;2.5;-3.8;-8.4;-8.7;-10.3;-11.7;0.5;0.3;0.11;1;1.9;1.05;299;66;119;80;99350;0;0;0.35;0.37
1990;1;10;10;3.3;-2.4;-6.8;-6.5;-9.2;-11.7;0.4;0.3;0.11;1;1.9;0.97;273;60;99;65;99145;0;0;0.35;0.37
1990;1;11;11;3.7;-2.7;-6.7;-4.3;-6.7;-9.1;0.5;0.4;0.11;1;1.9;0.87;296;65;110;75;98985;0;0;0.35;0.37
1990;1;12;12;3.5;-2.9;-7.4;-5.8;-7.5;-9.7;0.3;0.1;0.11;1;1.9;0.82;304;64;115;74;98921;0;0;0.35;0.37
1990;1;13;13;1.6;-4;-7.8;-4.9;-6.9;-9.3;0.2;0.4;0.11;1;1.9;0.79;293;64;110;70;98734;0;0;0.35;0.37
1990;1;14;14;2.4;-3.4;-7.7;-5.8;-7.4;-9.6;-0.1;0.1;0.11;1;1.9;0.71;305;67;111;75;98473;0;0;0.35;0.37
1990;1;15;15;1.9;-3.3;-6.8;-6.1;-7.1;-8.6;0.2;0.7;0.11;1;1.9;0.66;315;71;115;80;98658;0;0;0.35;0.37
1990;1;16;16;6.6;-1.3;-7.2;-4.5;-7;-9.6;1.2;0.4;0.11;1;1.9;0.61;292;57;90;48;98355;0;0;0.35;0.37
1990;1;17;17;8.8;1.3;-2.6;2.4;-1.6;-4.3;1;-0.2;0.11;1;1.9;0.47;302;68;98;55;98054;0.03;0;0.35;0.37
1990;1;18;18;4.4;0.9;-2.6;3.5;0.1;-3.4;0.6;-0.1;0.11;1;1.9;0.39;93;20;45;16;98047;0.03;2.04;0.35;0.37
1990;1;19;19;6.2;-0.1;-5.2;-2.6;-5.1;-6.6;1.1;-0.2;0.1;0.9;1.9;0.34;323;73;116;77;98515;0.22;0;0.35;0.37
1990;1;20;20;6.8;0.4;-3.3;-1.2;-4.6;-6;0.9;0.3;0.1;0.9;1.9;0.3;319;69;111;61;98626;0.03;0;0.35;0.37
1990;1;21;21;8.8;2.1;-1.6;1.2;-1.7;-3.8;1.2;0.2;0.1;0.9;1.9;0.22;289;64;85;41;98885;0.03;0;0.35;0.37
1990;1;22;22;9.9;2;-2.7;4.7;-0.5;-3.5;0.8;-0.1;0.1;0.9;1.9;0.15;324;74;111;65;98891;0.06;0;0.35;0.37
1990;1;23;23;8.5;0.9;-3.3;1.3;-2;-4.5;0.5;0.6;0.1;0.9;1.9;0.15;337;78;115;74;98453;0.08;0;0.35;0.37
1990;1;24;24;6.1;1.5;-2.1;1.4;-1.2;-4.1;1.7;1.5;0.1;0.9;1.9;0.14;137;33;74;56;97222;0;0.37;0.35;0.37
1990;1;25;25;8.8;3.3;-3.1;3.8;0.6;-4.1;1.2;1.5;0.1;0.9;1.9;0.06;280;61;76;54;97135;0.19;0;0.35;0.37
1990;1;26;26;7.7;4.4;-0.2;6.3;3.2;-0.4;0.5;0.7;0.1;0.9;1.9;0.35;99;17;46;19;96487;0.04;12.75;0.35;0.37
1990;1;27;27;7.1;1.1;-3;2.1;-0.9;-3.7;1;1.1;0.12;0.9;1.9;1.32;329;76;113;67;97406;0.28;1.36;0.36;0.37
1990;1;28;28;10.4;6;-1.1;6.2;3.5;-2.9;1.6;3.2;0.11;0.9;1.9;0.85;221;48;58;42;97018;0.17;0.03;0.36;0.37
1990;1;29;29;7.5;4.7;2.6;5.7;3.7;1.9;0.5;0.1;0.11;0.9;1.9;0.29;70;14;37;11;97008;0.06;3.12;0.36;0.37
1990;1;30;30;11.2;4.7;0.4;6.4;3.3;0;0.3;0.6;0.1;0.9;1.9;0.21;263;56;87;35;96987;0.32;0;0.36;0.37
1990;1;31;31;10.9;4.7;-0.8;5.5;2.7;-1.1;0.3;1.6;0.1;0.9;1.9;0.14;257;59;75;43;97488;0.14;0;0.36;0.37
1990;2;1;32;10.1;4.8;1.1;3.7;2.4;0.2;1;1.8;0.1;0.9;1.9;0.03;360;84;116;74;97260;0.33;0;0.36;0.37
1990;2;2;33;11.7;4.9;0.2;4.6;2.4;-0.4;1.5;1.6;0.1;0.9;1.9;0;341;82;108;61;97418;0.35;0.67;0.36;0.37
1990;2;3;34;9.5;5.6;2.1;5.6;3.6;1.6;0.5;1.5;0.1;0.9;1.9;0;171;41;72;36;98049;0.29;0.35;0.36;0.37
1990;2;4;35;10.7;4.6;-1.3;3.2;-0.7;-3.4;1.4;0;0.1;0.9;1.9;0;386;94;130;81;98630;0.51;0;0.36;0.37
1990;2;5;36;11.4;3.1;-2.2;2.8;-1.2;-4.4;0.6;-0.2;0.1;0.9;1.9;0;398;93;120;79;98821;0.37;0;0.36;0.37
1990;2;6;37;9.1;2.8;-2;3.2;-0.2;-3.7;-0.2;0.3;0.1;0.8;1.9;0;403;98;119;79;98358;0.34;0;0.36;0.37
1990;2;7;38;7.9;2.6;-1.8;3.1;0.5;-2.6;-0.1;0;0.1;0.8;1.9;0;404;96;122;77;98217;0.24;0;0.36;0.37
1990;2;8;39;10.8;3.2;-1.8;4.7;-0.1;-3.1;0.8;0.5;0.1;0.8;1.9;0;398;96;112;66;97804;0.3;0;0.36;0.37
1990;2;9;40;7.9;3.4;-0.9;3.3;-1;-4.2;1;-1.3;0.1;0.8;1.9;0;271;62;97;47;98339;0.42;0.79;0.36;0.37
1990;2;10;41;7.4;1.9;-2.7;-2.1;-4;-5;0.5;0.7;0.1;0.8;1.9;0;404;103;125;86;98112;0.34;0;0.36;0.37
1990;2;11;42;4.4;1.5;0.1;1.7;-1.5;-4.5;0.5;1.7;0.11;0.8;1.9;0.51;182;34;55;28;96862;0.28;6.39;0.35;0.37
1990;2;12;43;4;0.9;-1.6;1.6;-0.1;-2.2;0.1;1;0.12;0.8;1.9;1.25;152;35;45;24;95544;0.42;2.43;0.36;0.37
1990;2;13;44;7.5;1;-4.1;-0.2;-4;-6.6;1.2;-0.5;0.12;0.8;1.9;1.07;412;99;117;76;95575;0.54;0.06;0.36;0.37
1990;2;14;45;7.6;2.9;-1.1;3.1;-0.2;-5.9;1.4;0.7;0.13;0.8;1.9;1.96;255;67;82;37;95108;0.65;5.32;0.36;0.37
1990;2;15;46;12.1;4.4;-1.2;7.1;0;-8.4;2.1;-0.8;0.13;0.8;1.9;1.58;311;66;108;54;95008;0.74;2.4;0.36;0.37
1990;2;16;47;8.1;4.3;1.5;-2.3;-5.7;-8.2;1.6;-1.3;0.12;0.8;1.9;0.98;429;108;122;82;96538;0.71;0.13;0.36;0.37
1990;2;17;48;7.7;2.5;-2.4;-2.2;-4.8;-6.5;0.6;0.5;0.12;0.8;1.9;0.91;447;106;122;81;97614;0.55;0.02;0.36;0.37
1990;2;18;49;12.7;4.4;-1.6;2.1;-1.5;-4.9;0.8;0.8;0.12;0.8;1.9;0.65;446;114;118;74;97746;0.56;0;0.36;0.37
1990;2;19;50;12.5;5.1;-1.5;4.4;0.5;-3.2;0.6;0;0.11;0.8;1.9;0.39;342;89;91;61;98038;0.43;0;0.36;0.37
1990;2;20;51;15.7;6.5;-1.4;5.5;1.9;-2.5;0.5;0.5;0.11;0.8;1.9;0.22;458;120;124;76;98738;0.66;0;0.36;0.37
1990;2;21;52;15;6.6;-1.1;7.6;3.2;-2;0.3;0.2;0.11;0.9;1.9;0.1;460;119;122;73;98919;0.61;0;0.36;0.37
1990;2;22;53;14.5;6.9;-0.2;7;3.3;-1.2;-0.2;-1;0.11;0.9;1.9;0.03;415;105;104;67;99576;0.57;0;0.36;0.37
1990;2;23;54;13.1;5.2;-1.4;4.7;1.2;-1.6;0.6;0.3;0.11;0.9;1.9;0;487;124;136;79;99445;0.7;0;0.36;0.37
1990;2;24;55;16.6;6.7;-1.5;4.2;1.1;-2.8;0.8;0.7;0.11;0.9;1.9;0;490;131;137;87;98753;0.81;0;0.36;0.37
1990;2;25;56;17.3;7.4;-1.3;5.7;1.9;-2.5;1.1;0.9;0.11;0.9;1.9;0;496;133;137;88;97729;0.82;0;0.36;0.37
1990;2;26;57;14;8.2;1.8;5.1;3.4;0.6;2.7;1.7;0.11;0.9;1.9;0;503;131;122;79;96459;1.01;1.42;0.36;0.37
1990;2;27;58;13.1;6.6;0.2;5.5;1;-9.5;2.6;-0.1;0.11;0.9;1.9;0;335;76;116;63;95316;1.28;4.4;0.36;0.37
1990;2;28;59;9.7;5.8;3.2;-1.6;-5.5;-9.1;3.5;-0.5;0.11;0.9;1.9;0;483;131;120;89;95957;1.08;0.47;0.36;0.37
1990;3;1;60;10.8;5.8;1.3;1.6;-5;-10;2.7;-1.1;0.12;0.9;1.9;0;544;137;145;95;95855;1.09;0.03;0.36;0.37
1990;3;2;61;8.4;3;-2.5;-1.4;-5.9;-8.8;1.3;-0.6;0.12;0.9;1.9;0;517;138;133;92;97473;0.85;0.15;0.36;0.37
1990;3;3;62;6.4;1.9;-1.6;-5.7;-8.2;-11;1.9;-2;0.12;0.9;1.9;0;497;135;123;89;99111;0.8;0;0.36;0.37
1990;3;4;63;9.7;3.7;-1.2;-2.2;-4.1;-5.6;1.2;0.2;0.12;1;1.9;0;505;139;128;81;99463;0.78;0;0.35;0.37
1990;3;5;64;11.2;4.6;-1.8;-0.6;-2.5;-4.2;0.8;0.7;0.12;1;1.9;0;420;123;115;77;98882;0.76;0;0.35;0.37
1990;3;6;65;13.2;5.4;-1.4;1.8;-1.1;-4;1.6;0.4;0.12;1;1.9;0;335;96;124;68;97795;0.58;0;0.35;0.37
1990;3;7;66;15.9;9;2.1;1.2;-1.4;-4.3;0.7;-0.9;0.12;1;1.9;0;484;137;134;82;97972;1.13;0;0.35;0.37
1990;3;8;67;17.7;9.2;-0.4;4.8;1.9;-1.7;1.5;0.7;0.12;1;1.9;0;543;153;132;85;98059;1.14;0;0.35;0.37
1990;3;9;68;14.9;8.8;3.4;5.2;3.9;1.9;2.1;0.7;0.12;1;1.9;0;380;96;101;66;97845;0.72;0;0.35;0.37
1990;3;10;69;11.1;6.8;1.5;6.3;4.2;0.8;0.3;0.5;0.12;1;1.9;0;396;94;88;49;98524;1.1;3.44;0.35;0.37
1990;3;11;70;19.1;9.7;0.8;8.9;4.3;0.2;1.4;0.1;0.12;1;1.9;0;552;145;126;77;98438;1.24;0;0.35;0.37
1990;3;12;71;20.1;11.2;2.4;9.4;5.3;1.2;0.6;-0.7;0.12;1;1.9;0;483;126;110;64;97876;1.04;0;0.35;0.37
1990;3;13;72;12.9;8.8;4.9;4.6;3.7;1.6;-1;0;0.13;1;1.9;0;447;116;105;68;98338;0.81;0;0.35;0.37
1990;3;14;73;14.5;9.1;4.8;4.4;2.6;0.6;-0.9;0.2;0.13;1.1;1.9;0;560;159;130;81;98679;1.1;0;0.34;0.37
1990;3;15;74;13.3;8.9;4.7;5.3;3.7;2.3;-0.9;-0.8;0.13;1.1;1.9;0;465;120;97;51;99244;0.9;0.1;0.34;0.37
1990;3;16;75;12.6;8.1;3.8;4.7;2.3;0;-1.2;-0.2;0.13;1.1;1.9;0;485;134;100;72;99607;1.02;0;0.34;0.37
1990;3;17;76;11.8;7;1;0.6;-1.9;-3.7;-0.5;-0.2;0.13;1.1;1.9;0;598;177;149;102;99684;1.18;0;0.34;0.37
1990;3;18;77;14.3;7.1;-0.5;2.9;-0.5;-3.7;0.1;0.5;0.13;1.1;1.9;0;603;179;146;100;99570;1.21;0;0.34;0.37
1990;3;19;78;15.2;7.4;-1.5;4.3;0.8;-2.2;0.5;0;0.13;1.1;1.9;0;604;180;151;98;99202;1.27;0;0.34;0.37
1990;3;20;79;16.7;7.9;-0.6;4.1;1.1;-2.1;0.8;-0.1;0.13;1.2;1.9;0;603;181;150;94;98570;1.35;0;0.34;0.37
1990;3;21;80;19.3;10.1;0.8;4.3;2.3;-0.6;1.1;1.2;0.13;1.2;1.9;0;592;175;135;87;98238;1.52;0;0.33;0.37
1990;3;22;81;23;13.6;4.4;7.6;4.6;1.4;0.9;0.6;0.13;1.2;1.9;0;585;174;137;86;97759;1.67;0;0.33;0.37
1990;3;23;82;18.3;11;5.9;9.7;6.7;3.3;-0.3;-1;0.13;1.2;1.9;0;571;145;115;65;97726;1.33;4.4;0.33;0.37
1990;3;24;83;16.6;10.9;6.6;7.2;5.9;5.1;0.4;1.3;0.13;1.2;1.9;0;434;121;103;56;97861;1.22;0.04;0.33;0.37
1990;3;25;84;10.9;7.3;3.6;9;4.9;-0.5;0.8;-1.1;0.13;1.2;1.9;0;166;42;63;31;97272;1.42;15.57;0.34;0.37
1990;3;26;85;8;5;2.6;0.9;-0.9;-2.8;-0.3;-1.2;0.14;1.3;1.9;0;321;84;55;40;97490;1.1;0.87;0.35;0.37
1990;3;27;86;9.4;5.5;2.3;4.6;1.3;-2.4;-1.3;-2;0.14;1.3;1.9;0.03;262;65;55;25;97335;1.32;16.22;0.35;0.37
1990;3;28;87;12.6;8;3.2;5.9;3.2;0.4;-0.2;0.1;0.14;1.3;1.9;0.01;452;132;119;53;97141;1.41;12.48;0.37;0.37
1990;3;29;88;13.9;7.7;1.5;4.7;2.6;-0.3;0.6;-1.4;0.14;1.3;1.9;0;512;153;94;59;97776;1.57;7.19;0.37;0.37
1990;3;30;89;13.2;8.8;5.3;7.1;5.1;3.6;0.4;-1.7;0.14;1.3;1.9;0;298;71;53;28;98506;1.51;5.93;0.38;0.37
1990;3;31;90;17.2;10.6;4.4;6.1;4.6;3;0.1;-1.1;0.14;1.4;1.9;0;635;181;132;83;98853;1.64;0;0.38;0.37
1990;4;1;91;16.1;10.5;3.5;6.9;5.3;2.5;-0.3;0.7;0.14;1.4;1.9;0;640;196;138;93;98553;1.67;0;0.38;0.37
1990;4;2;92;19;11.9;3.8;7;4.5;2.7;1.3;2.4;0.14;1.4;1.9;0;651;205;140;100;97208;2.07;0;0.37;0.37
1990;4;3;93;16.7;11.8;6.6;6.6;5.1;3.1;1.9;3;0.14;1.4;1.9;0;553;150;108;76;96476;1.61;0.2;0.37;0.37
1990;4;4;94;9;8.2;6.4;6.9;5;3.3;0.2;-0.8;0.14;1.4;1.9;0;244;63;44;28;97007;1.6;6.82;0.37;0.37
1990;4;5;95;8.1;6.8;6;4.1;3.1;1.7;-0.6;-0.1;0.14;1.4;1.9;0;307;69;42;25;97471;1.14;2.49;0.38;0.37
1990;4;6;96;14.6;9.8;6.1;8.2;5.8;4;-0.1;0.8;0.14;1.5;1.9;0;347;94;62;28;96957;1.02;2.38;0.38;0.37
1990;4;7;97;11.9;9.7;7.8;10.4;8.8;6.4;-0.5;-0.9;0.14;1.5;1.9;0;153;41;28;15;96200;0.87;20.17;0.38;0.37
1990;4;8;98;8.1;6.2;2.8;5.6;0.5;-3.4;0.1;-3.3;0.14;1.5;1.9;0;286;95;59;36;96833;1.63;2.61;0.4;0.37
1990;4;9;99;8.1;4.6;0.6;0.3;-2.5;-5.2;-1.1;-0.6;0.15;1.5;1.9;0;552;159;90;65;97176;1.31;0;0.39;0.37
1990;4;10;100;10.1;5.8;2.2;-0.9;-2.1;-3.3;-0.4;-2.5;0.15;1.5;1.9;0;524;146;96;65;96426;1.43;0;0.39;0.37
1990;4;11;101;10.7;6;-1.4;3.5;-0.7;-3.4;1.3;-0.5;0.15;1.6;1.9;0;490;153;110;71;96350;1.34;0.17;0.39;0.37
1990;4;12;102;11.5;6.7;0.9;0.9;-0.9;-1.5;0.4;-2.2;0.15;1.6;1.9;0;609;192;118;84;97019;1.87;0.51;0.39;0.37
1990;4;13;103;13.2;7.8;2.2;1.5;-0.4;-1.9;0.1;-0.3;0.15;1.6;1.9;0;596;188;120;90;97397;1.86;0.01;0.38;0.37
1990;4;14;104;17.1;9.7;1.3;2.6;1;-0.7;0.9;1.8;0.15;1.6;1.9;0;695;218;136;95;97127;2.27;0;0.38;0.37
1990;4;15;105;15.9;10.3;4.2;5.9;3.3;0.1;1.5;1.3;0.15;1.6;1.9;0;517;171;115;69;96717;1.94;2.02;0.38;0.37
1990;4;16;106;12.8;9.2;6.3;4.9;1.3;-1.2;0.1;-2.1;0.15;1.7;1.9;0;457;135;86;52;97285;1.92;0.31;0.38;0.37
1990;4;17;107;13.3;9;4.3;3.5;0.2;-1.3;0.1;-0.3;0.15;1.7;1.9;0;514;162;112;73;97507;1.87;0;0.37;0.37
1990;4;18;108;9.3;7.1;4.4;4.8;3.3;1.3;0;-0.3;0.15;1.7;1.9;0;248;65;63;39;97258;0.75;0.93;0.37;0.37
1990;4;19;109;11.1;7.2;3.5;8.6;5.3;2.9;-0.1;-0.7;0.15;1.8;1.9;0;416;88;83;40;96722;1.25;9.85;0.38;0.37
1990;4;20;110;11.6;7.2;2.6;9.2;5.8;2.3;-0.5;-1.1;0.15;1.8;1.9;0;319;100;57;38;96651;1.54;13.24;0.38;0.37
1990;4;21;111;9.7;7.4;4.7;8.3;6.1;3.8;-0.3;0.1;0.15;1.8;1.9;0;245;77;76;29;96582;1.34;5.11;0.39;0.37
1990;4;22;112;15.7;9.5;1.8;5.5;3.4;1.1;0.5;1.5;0.16;1.8;1.9;0;490;172;107;75;96710;2.04;0.01;0.39;0.37
1990;4;23;113;11.7;8.5;6.3;9.4;5.5;2.3;0.1;1.6;0.16;1.9;1.9;0;282;61;93;42;96480;1.14;10.32;0.4;0.37
1990;4;24;114;16.4;10.5;5.4;5.7;4.7;3.8;1.7;1.8;0.16;1.9;1.9;0;662;210;119;81;96735;2.6;0.79;0.4;0.37
1990;4;25;115;17;10.4;3.2;8.7;5.4;2.8;0.9;0.1;0.16;1.9;1.9;0;644;206;122;85;97100;2.39;2.16;0.39;0.37
1990;4;26;116;16;10.3;2.3;7.2;4.3;2;1.2;-0.8;0.16;2;1.9;0;579;197;120;79;97341;2.46;0.2;0.39;0.37
1990;4;27;117;17.5;11.8;4.4;7.7;4.2;2.7;1.3;-0.7;0.16;2;1.9;0;615;212;116;84;97507;2.59;0.06;0.39;0.37
1990;4;28;118;14.2;10.1;5.6;4.9;0.4;-3.2;0.9;-2.5;0.16;2;1.9;0;572;176;117;76;97933;2.58;0.68;0.39;0.37
1990;4;29;119;13.2;8.8;3.3;3.6;0.1;-2;-0.1;-1.7;0.16;2.1;1.9;0;527;176;108;80;98350;2.15;0;0.38;0.37
1990;4;30;120;16.7;10.9;1.8;7.3;3.8;0.6;0;-0.4;0.16;2.1;1.9;0;634;193;120;73;98379;2.35;0;0.38;0.37
1990;5;1;121;18.7;13.7;9.1;9;7.7;6;-0.2;-1.6;0.16;2.1;1.9;0;507;153;94;46;98415;2.19;0.2;0.38;0.37
1990;5;2;122;20.9;15.4;9.6;9.9;8;5.3;-0.8;-2.5;0.16;2.1;1.9;0;552;194;104;74;98699;2.82;0.09;0.37;0.37
1990;5;3;123;17.7;13.4;10;6.2;4.6;3.9;-1;-2;0.16;2.2;1.9;0;660;224;124;87;98679;3.08;0;0.37;0.37
1990;5;4;124;18.3;14.1;8.4;9.2;7;4.1;-0.5;-1.5;0.16;2.2;1.9;0;516;177;101;73;98107;2.6;1.02;0.37;0.37
1990;5;5;125;21.1;15;6.4;11;7.6;5.5;0.4;0.2;0.17;2.2;1.9;0;717;247;139;95;97918;3.24;0;0.36;0.37
1990;5;6;126;22.7;16.1;6.8;10;7.3;5.4;0.1;0.3;0.17;2.3;1.9;0;713;244;142;92;97592;3.42;0;0.36;0.37
1990;5;7;127;22.8;15.9;8.1;11.6;9.2;6.8;0.4;0.2;0.17;2.3;1.9;0;704;238;129;87;97407;3.33;0.62;0.36;0.37
1990;5;8;128;21.4;15.7;7.9;12.3;10.1;7.5;0.2;-0.5;0.17;2.3;1.9;0;666;217;115;78;97474;2.97;0.1;0.35;0.37
1990;5;9;129;22.2;16.7;9.3;12.5;10.6;8.5;0.2;0.3;0.17;2.4;1.9;0;672;221;122;76;97452;2.97;0.16;0.35;0.37
1990;5;10;130;22.4;16.3;9.2;12.7;11.1;9;0.3;0.5;0.17;2.4;1.9;0;651;210;115;74;97356;3;1.6;0.35;0.37
1990;5;11;131;23.1;16.4;8.3;12.6;10.8;8.1;0.6;1;0.17;2.4;1.9;0;660;221;111;81;97020;3.33;0.76;0.35;0.37
1990;5;12;132;20;16;12.3;11.4;10.2;8.8;0.2;1.9;0.17;2.5;1.9;0;611;177;104;63;96979;2.64;0.38;0.34;0.37
1990;5;13;133;21;16;8.6;13.3;10.9;8.4;0.2;0.3;0.17;2.5;1.9;0;610;200;109;68;97187;2.78;0.13;0.34;0.37
1990;5;14;134;22.8;17.6;10.3;13.8;11.9;9.7;0.3;0.1;0.17;2.5;1.9;0;645;211;106;75;97251;2.96;0.08;0.34;0.37
1990;5;15;135;21.5;16.5;11.3;14.6;13.1;10.9;0.5;-0.7;0.17;2.5;1.9;0;483;172;90;63;97604;2.52;2.56;0.34;0.37
1990;5;16;136;23.2;17.1;10.9;14.6;12.9;10.7;0.8;0.1;0.17;2.6;1.9;0;618;199;100;66;97690;3;0.35;0.34;0.37
1990;5;17;137;25.2;17.3;10.7;15.5;12.8;10.6;1;0;0.17;2.6;1.9;0;657;203;109;69;97405;3.08;4.23;0.33;0.37
1990;5;18;138;22.2;15.7;9.9;15.3;13.1;9.8;-0.3;-0.3;0.17;2.6;1.9;0;615;183;91;60;97440;2.85;14.09;0.34;0.37
1990;5;19;139;17.2;14.2;10.9;10.3;8.1;6.3;-0.7;-1.1;0.17;2.6;1.9;0;417;136;77;50;97927;2.39;0;0.34;0.37
1990;5;20;140;18;14.2;11.2;8.8;5.9;3.6;-1.1;-0.1;0.17;2.7;1.9;0;531;144;75;48;97952;2.55;0;0.34;0.37
1990;5;21;141;19.9;15.5;11;11.1;8;4.6;-0.9;0.6;0.17;2.7;1.9;0;566;176;89;59;97374;2.72;0;0.34;0.37
1990;5;22;142;20.3;16.2;10.7;14.8;12;9;0.1;-0.4;0.17;2.7;1.9;0;441;150;79;56;97284;2.05;1.89;0.34;0.37
1990;5;23;143;22.6;16.8;10.2;15.4;13.1;10.1;0.4;0.3;0.17;2.7;1.9;0;616;198;99;57;97435;3.1;1.14;0.34;0.37
1990;5;24;144;25.3;19.4;11.7;15.2;13.5;11.2;0.7;1.6;0.17;2.7;1.9;0;628;212;98;66;97056;3.59;0;0.33;0.37
1990;5;25;145;21.5;16.6;10.8;16.9;13;6.1;0.6;-0.2;0.17;2.8;1.9;0;507;148;81;54;96901;3.44;18.33;0.34;0.37
1990;5;26;146;16.5;12.8;8.7;5.9;4.2;3.1;-0.5;-1.6;0.17;2.8;1.9;0;473;181;95;76;97929;3.21;0;0.34;0.37
1990;5;27;147;16.2;12.3;7.8;5.2;3.4;2.1;-0.6;-2.2;0.17;2.8;1.9;0;504;196;113;83;97911;3.15;0.11;0.34;0.37
1990;5;28;148;17.7;12;5.3;8.2;5.1;3.2;0;-0.9;0.17;2.8;1.9;0;697;236;134;89;97926;3.46;1.79;0.34;0.37
1990;5;29;149;14.2;10.5;6.5;4.7;3;0.7;0;-1.8;0.17;2.9;1.9;0;518;176;92;75;98057;2.91;0.61;0.34;0.37
1990;5;30;150;16.6;11.7;4;6.8;3.8;1.9;0.3;-0.8;0.17;2.9;1.9;0;715;248;133;94;97915;3.43;0.88;0.33;0.37
1990;5;31;151;17.3;12.9;5.1;9;6.2;3.7;0.3;-0.5;0.17;2.9;1.9;0;658;240;116;88;97924;3.41;0.67;0.33;0.37
1990;6;1;152;20.3;14.8;6.8;10.8;7.6;5.3;0.2;-0.5;0.17;2.9;1.9;0;592;222;120;80;97809;3.4;0.25;0.33;0.37
1990;6;2;153;22.8;17.1;10.1;11.2;9.9;8;0.4;0.7;0.17;2.9;1.9;0;658;219;112;73;97000;3.48;1.04;0.32;0.37
1990;6;3;154;19.2;15;10.6;11.2;8.5;6.6;1.5;-0.6;0.17;3;1.9;0;693;179;112;65;96788;3.19;1.75;0.32;0.37
1990;6;4;155;20.6;15.4;9.6;12.8;9.9;7.2;1;1.4;0.17;3;1.9;0;507;153;76;48;96749;2.62;3.82;0.32;0.37
1990;6;5;156;17.1;14.5;12;12.4;10.7;9.4;-0.3;1.1;0.17;3;1.9;0;409;104;53;31;97084;2.07;3.72;0.32;0.37
1990;6;6;157;19.2;15.4;11.8;15.8;12.8;10;-0.5;-0.4;0.17;3;1.9;0;387;103;67;29;96953;1.84;18.56;0.33;0.37
1990;6;7;158;19.6;15.8;13.3;12.6;11.8;10.8;0.2;0.2;0.17;3;1.9;0;451;119;86;41;97042;2.11;1.53;0.34;0.37
1990;6;8;159;21.1;15.8;12;15.1;12.1;6.7;0.7;0.3;0.17;3.1;1.9;0;464;156;78;46;96392;3.25;7.81;0.34;0.37
1990;6;9;160;19.9;15.3;11.6;11;8.2;6.3;1;-0.3;0.17;3.1;1.9;0;645;204;109;56;96677;4.15;15.62;0.34;0.37
1990;6;10;161;12.2;10.6;7.3;9.9;8.4;5.9;1.6;-0.7;0.17;3.1;1.9;0;187;53;85;33;96812;2.02;14.99;0.36;0.37
1990;6;11;162;19.3;13.3;6.4;10.3;8;5.1;1.6;-1;0.17;3.1;1.9;0;550;170;96;60;97137;3.01;0.13;0.37;0.37
1990;6;12;163;20;14.5;8;13.8;11;7;-0.3;0.6;0.17;3.2;1.9;0;579;168;95;56;97230;2.49;4.72;0.36;0.37
1990;6;13;164;16.5;14.2;12;12.1;11.2;10.4;0.2;-0.7;0.17;3.2;1.9;0;312;96;70;40;97144;1.65;2.48;0.37;0.37
1990;6;14;165;20.9;16;10.5;13.7;11.2;9;0.4;-0.4;0.17;3.2;1.9;0;643;211;106;69;97349;3.37;2.19;0.36;0.37
1990;6;15;166;19.5;15.2;9.9;13.6;11.9;9.5;0.5;-0.8;0.17;3.2;1.9;0;508;167;83;56;97243;2.9;5.88;0.36;0.37
1990;6;16;167;20.2;15.7;11.4;12.7;11.3;10.3;0.1;-1.2;0.17;3.2;1.9;0;648;204;104;62;97386;3.6;3.65;0.37;0.37
1990;6;17;168;20.6;15.8;9.6;13.3;11.2;9.5;0.2;0.3;0.17;3.2;1.9;0;639;212;101;65;97360;3.62;0.27;0.37;0.36
1990;6;18;169;24.2;17.6;11.4;16.3;13.7;10;0.5;0.6;0.17;3.3;1.9;0;651;231;104;74;97284;3.64;3.19;0.36;0.36
1990;6;19;170;24.1;18.6;11.2;16.1;13.9;10.7;0.3;0.5;0.17;3.3;1.9;0;580;218;96;73;97521;3.72;0.13;0.36;0.36
1990;6;20;171;27;20.7;13;16.1;14;12.1;1.1;2;0.17;3.3;1.9;0;699;259;110;87;97241;4.77;0.03;0.36;0.36
1990;6;21;172;18.7;17.2;14.5;15.9;13.6;11.8;0.3;0.1;0.17;3.3;1.9;0;304;110;79;52;97060;2.25;13.23;0.36;0.36
1990;6;22;173;25.2;19.4;13.5;14.8;13.2;11.5;0.7;1.3;0.17;3.3;1.9;0;536;212;102;70;96956;3.99;0.22;0.36;0.36
1990;6;23;174;17.8;16.2;13.7;12.7;11.6;9.9;0;-0.6;0.17;3.3;1.9;0;219;54;42;25;97550;1.22;0.47;0.36;0.36
1990;6;24;175;20.9;16.9;12.3;14.3;11.6;10.4;0.6;0.2;0.17;3.3;1.9;0;453;162;97;59;98011;2.84;0.01;0.36;0.36
1990;6;25;176;22.3;18;11.4;15.4;13;10.3;0;0.2;0.17;3.4;1.9;0;523;200;89;69;98145;3.41;0.41;0.36;0.36
1990;6;26;177;24.7;19.9;12.4;16.3;14.4;11.8;-0.5;-0.3;0.17;3.4;1.9;0;559;204;88;57;97972;3.72;0.06;0.35;0.36
1990;6;27;178;25.3;21.3;17.5;16.8;15.5;14.4;-0.7;0.8;0.17;3.4;1.9;0;481;162;85;48;97602;3.24;0.02;0.35;0.36
1990;6;28;179;27.3;21.8;16.2;18.9;16.4;13.6;0.4;0.5;0.17;3.4;1.9;0;657;225;95;70;97445;4.06;0.84;0.35;0.36
1990;6;29;180;27.5;22.2;15.9;19.7;17.6;15.1;0.4;0.2;0.17;3.4;1.9;0;615;224;91;66;97662;4.11;1.79;0.34;0.36
1990;6;30;181;28.8;22.9;15.8;18.8;16.8;14.9;0.8;0.3;0.17;3.4;1.9;0;690;239;101;71;97394;4.57;0;0.34;0.36
1990;7;1;182;26.9;20.7;16.4;19.4;16.6;13.8;0.8;-0.5;0.17;3.4;1.9;0;626;200;95;64;97048;3.83;20.06;0.34;0.36
1990;7;2;183;19.2;17;13.9;13.6;11.4;10.2;-0.6;-1.1;0.17;3.5;1.9;0;396;116;69;42;97291;2.52;0.19;0.35;0.36
1990;7;3;184;21.7;17.4;11.9;14.9;12.2;10.3;-0.2;0.3;0.17;3.5;1.9;0;517;178;88;54;96956;3.12;4.95;0.35;0.36
1990;7;4;185;19.6;16.5;13.3;14.6;11.5;7.8;1.3;-1.3;0.17;3.5;1.9;0;442;118;81;44;96867;2.84;7.52;0.35;0.36
1990;7;5;186;25.1;18.1;9.5;13.5;10.8;7.8;1.1;1.5;0.17;3.5;1.9;0;725;263;118;89;96889;4.75;0;0.35;0.36
1990;7;6;187;17.4;14.9;11.5;12.3;10.4;6.5;1.4;-0.2;0.17;3.5;1.9;0;241;79;96;47;97259;1.98;4.12;0.35;0.36
1990;7;7;188;19.4;15.4;9.8;10.8;6.3;4.6;0.8;-1.1;0.17;3.5;1.9;0;604;195;108;74;97830;3.61;0;0.35;0.36
1990;7;8;189;16.8;15.1;13.4;13.3;10.9;8.2;0.2;0.2;0.17;3.5;1.9;0;277;70;49;26;97726;1.22;1.11;0.35;0.36
1990;7;9;190;27.4;20.6;11.9;17.4;14.9;11.3;0.3;1.4;0.17;3.6;1.9;0;659;242;103;65;97447;4.49;0;0.34;0.36
1990;7;10;191;20;16.1;11.9;17.4;14;10.1;-0.5;-1;0.17;3.6;1.9;0;212;65;47;29;97466;2.14;23.45;0.35;0.36
1990;7;11;192;20.6;15.9;11.4;10.4;8.5;6.5;-0.6;-2;0.17;3.6;1.9;0;620;227;112;74;98312;4.6;0.49;0.36;0.36
1990;7;12;193;21.7;16.8;10.4;14.1;10;7.6;-0.1;-1.2;0.17;3.6;1.9;0;696;252;118;89;98260;4.21;0;0.36;0.36
1990;7;13;194;24.7;18.7;10.6;17.1;12.6;9.4;0.6;-0.5;0.17;3.6;1.9;0;719;262;126;90;97621;4.45;0;0.35;0.36
1990;7;14;195;21.8;18.1;12.8;15.5;12.7;8.9;-1;-1.2;0.17;3.6;1.9;0;532;195;88;70;97363;3.62;0.46;0.35;0.36
1990;7;15;196;21.7;17.5;12.4;13.9;9.4;5.3;-0.4;0.2;0.17;3.6;1.9;0;684;230;116;81;97807;3.99;0;0.34;0.36
1990;7;16;197;26.1;19.7;10.7;17.2;13.4;10;0.6;0.1;0.17;3.6;1.9;0;714;250;123;83;97843;4.36;0;0.34;0.36
1990;7;17;198;28.6;21.4;13.4;18.3;15.2;12.4;0.7;-0.4;0.17;3.6;1.9;0;649;210;104;70;97544;4;0.8;0.34;0.36
1990;7;18;199;21.3;18.1;13.9;15.5;11.5;9.1;-0.1;-1.8;0.17;3.6;1.9;0;545;198;92;72;97692;3.88;0.32;0.33;0.36
1990;7;19;200;22;17.2;10.6;12.6;10.5;9.2;-0.2;-0.6;0.17;3.6;1.9;0;537;192;96;72;97676;3.43;0;0.33;0.36
1990;7;20;201;22.9;18.1;12.5;13.9;11.5;9.9;0.3;-0.2;0.17;3.6;1.9;0;512;188;118;72;97820;3.21;0.03;0.33;0.36
1990;7;21;202;27.2;20.8;12.5;18;13;10.1;0.8;-0.7;0.17;3.6;1.9;0;679;239;113;81;97827;4.19;0;0.32;0.36
1990;7;22;203;27.9;21.9;13.9;17.1;13.6;11.9;0.7;-0.6;0.17;3.6;1.9;0;637;225;106;78;97669;4.02;0;0.32;0.36
1990;7;23;204;24.6;20.1;15.2;15.3;12.4;10.3;-0.1;-0.4;0.17;3.6;1.9;0;628;213;100;73;97611;3.7;0.23;0.32;0.36
1990;7;24;205;23.8;19.5;14.1;15.3;13.1;11.3;-0.3;-0.4;0.17;3.6;1.9;0;597;203;101;63;97537;3.6;0.59;0.31;0.36
1990;7;25;206;22.9;19.4;16;12.7;10.5;9.1;-0.8;-0.7;0.17;3.6;1.9;0;594;191;106;64;97539;3.51;0;0.31;0.36
1990;7;26;207;22.8;18.8;14.2;14.3;11.7;9.5;-0.5;-0.5;0.17;3.6;1.9;0;548;188;104;73;97465;3.04;0.13;0.31;0.36
1990;7;27;208;24.5;19.4;12.4;14.8;13.2;11.4;0.3;-0.6;0.17;3.6;1.9;0;540;194;94;72;97499;3.2;0.08;0.3;0.36
1990;7;28;209;26.3;21;13.5;15.1;12.8;11;-0.1;0;0.17;3.6;1.9;0;656;229;113;82;97814;3.81;0;0.3;0.36
1990;7;29;210;29.7;23.5;15.3;19.6;15.4;12.3;0.3;0.7;0.17;3.6;1.9;0;697;244;118;80;97698;3.98;0;0.3;0.36
1990;7;30;211;30.1;24.3;16.5;18.5;16.5;14.8;0.2;-0.8;0.17;3.6;1.9;0;622;223;108;74;97674;3.82;0;0.29;0.36
1990;7;31;212;28.2;22.8;19.5;19.3;17.3;15.9;0.2;-1.4;0.17;3.6;1.9;0;573;174;81;55;97868;3.3;9.67;0.29;0.36
1990;8;1;213;28.6;22.8;17.1;17.5;15;12.4;0.5;-1.3;0.17;3.6;1.9;0;637;218;115;72;98005;4.48;3.97;0.3;0.36
1990;8;2;214;27.6;22.7;16.7;15.9;13;9.4;-0.7;-1.7;0.17;3.6;1.9;0;584;221;110;82;98064;4.22;0;0.3;0.35
1990;8;3;215;25.6;20.6;15.3;14.5;11.4;9.7;-0.3;-1.4;0.17;3.6;1.9;0;670;232;123;88;98253;4;0;0.29;0.35
1990;8;4;216;25.6;20.4;14;16.1;11.6;9.5;-0.1;-0.9;0.17;3.6;1.9;0;663;226;113;87;98161;3.7;0;0.29;0.35
1990;8;5;217;27.5;21.2;12.6;14.1;12.1;10.8;0.6;1.3;0.17;3.6;1.9;0;681;245;126;90;97716;3.95;0;0.29;0.35
1990;8;6;218;29.9;22;14.9;18;15.3;12;0.8;0.3;0.17;3.6;1.9;0;667;221;115;76;97094;3.73;5.24;0.28;0.35
1990;8;7;219;18.5;17;13.9;16.8;13.9;9.9;0.3;-1.4;0.17;3.5;1.9;0;235;56;39;25;97496;2.42;12.75;0.29;0.35
1990;8;8;220;20.3;16.3;12.8;11.6;10.7;9.8;0.8;-1.4;0.17;3.5;1.9;0;355;108;70;44;97892;2.58;2.62;0.3;0.35
1990;8;9;221;21.8;17;11.5;10.7;8.9;6.7;0.7;-1.7;0.17;3.5;1.9;0;618;187;114;83;98052;3.28;0.01;0.3;0.35
1990;8;10;222;24.4;18.1;10.2;13.5;10.6;8.4;1.1;-0.2;0.17;3.5;1.9;0;662;210;118;80;97993;3.47;0;0.29;0.35
1990;8;11;223;23.3;19.4;14.1;15.3;13.2;11.5;0;-0.2;0.17;3.5;1.9;0;515;169;94;62;97836;2.84;0.82;0.29;0.35
1990;8;12;224;25.9;20.6;14;16.1;13.6;11.1;0.4;0.6;0.17;3.5;1.9;0;630;211;109;77;97854;3.43;0.07;0.29;0.35
1990;8;13;225;28.4;21.5;14.1;16.5;14.7;12.6;0.7;1.2;0.17;3.5;1.9;0;667;224;118;84;97631;3.69;0.03;0.29;0.35
1990;8;14;226;28.4;22.1;14.3;16.8;15.2;13;0.6;1;0.17;3.5;1.9;0;642;220;116;82;97309;3.59;0;0.28;0.35
1990;8;15;227;25.2;20.3;15.6;18.1;16.3;14.2;0.9;-0.2;0.17;3.5;1.9;0;482;154;78;59;97230;2.62;5.32;0.28;0.35
1990;8;16;228;25.8;20.8;14.7;17.3;15.6;14.2;0.6;0.6;0.17;3.5;1.9;0;588;188;97;67;97411;3.29;0;0.28;0.35
1990;8;17;229;26.6;18.2;14.4;16.6;13.1;7.8;0.7;-0.8;0.17;3.5;1.9;0;616;168;101;58;97515;3.35;6.91;0.28;0.35
1990;8;18;230;20.9;16.6;13.1;10.9;8.9;7.8;0.9;-0.2;0.16;3.4;1.9;0;667;181;123;72;97944;3.16;0.07;0.28;0.35
1990;8;19;231;23.2;17.9;10.2;13.9;10.6;8.8;0.3;0;0.16;3.4;1.9;0;595;180;107;75;97770;2.86;0.02;0.28;0.35
1990;8;20;232;27;20.4;12.8;15.5;12.8;10.3;0.8;0.9;0.16;3.4;1.9;0;652;209;114;79;97339;3.32;0;0.28;0.35
1990;8;21;233;18.6;15.7;11.6;16.2;13.6;8.8;0.2;0.1;0.16;3.4;1.9;0;209;70;90;46;97181;1.6;31.54;0.29;0.35
1990;8;22;234;19.1;15.6;11.6;10.1;9.1;7.6;1.5;-2.1;0.16;3.4;1.9;0;372;131;73;55;97770;2.71;0.2;0.3;0.35
1990;8;23;235;22.3;17.3;11.9;13.7;10.1;9;0.5;-1.1;0.16;3.3;1.9;0;533;174;103;75;98170;2.94;0;0.3;0.35
1990;8;24;236;23.2;18;12.7;14.3;12.4;10.8;-0.2;0.3;0.16;3.3;1.9;0;559;186;112;72;98133;2.93;0.01;0.29;0.35
1990;8;25;237;25.4;19.4;12.6;15.2;13.1;10.6;0.1;1;0.16;3.3;1.9;0;642;209;116;80;97581;3.29;0;0.29;0.35
1990;8;26;238;26;20.1;13.1;16.7;14.9;12.4;0.3;-1;0.16;3.3;1.9;0;593;193;107;71;97353;3.15;0.03;0.29;0.35
1990;8;27;239;24.5;20.5;16.3;17.8;15.9;14.1;-0.1;-1.3;0.16;3.2;1.9;0;543;158;85;58;97642;2.53;0.32;0.29;0.35
1990;8;28;240;26.2;20.3;15.1;15.6;13.4;11.5;-0.4;-0.8;0.16;3.2;1.9;0;631;200;117;77;97848;3.3;0;0.28;0.35
1990;8;29;241;27;20.8;13.7;16.5;14.2;12.1;0.2;-0.4;0.16;3.2;1.9;0;621;192;108;73;97773;3.06;0.26;0.28;0.35
1990;8;30;242;26.8;21.1;13.9;16.1;14.1;12.7;0.3;0.1;0.16;3.2;1.9;0;609;191;112;76;97492;2.98;0;0.28;0.35
1990;8;31;243;26.8;20.5;13.8;16.4;14.8;13.1;0.8;1.2;0.16;3.1;1.9;0;577;176;102;72;97149;2.8;0.15;0.28;0.35
1990;9;1;244;23.8;18.3;14.4;16.9;15.1;13.6;-0.1;-0.7;0.16;3.1;1.9;0;451;123;78;48;97325;2.14;22.86;0.28;0.35
1990;9;2;245;18.7;15.9;12.1;13.6;10.8;8.9;1.1;-0.2;0.16;3.1;1.9;0;257;77;84;45;97647;1.72;0.93;0.3;0.35
1990;9;3;246;20.3;15.7;9.7;10.8;9.6;8;1.4;-0.9;0.16;3.1;1.9;0;526;157;100;69;97334;2.54;0.03;0.29;0.35
1990;9;4;247;19.1;16;12.4;14.3;12.2;9.9;-0.1;0.2;0.16;3.1;1.9;0;322;92;60;43;97047;1.46;4.23;0.29;0.34
1990;9;5;248;20.3;16.2;11.8;14;9.5;6;0.5;-1.5;0.16;3;1.9;0;537;153;100;62;96808;2.83;1.82;0.3;0.34
1990;9;6;249;18;14;8.7;8.9;6.7;5.6;0.7;0.4;0.16;3;1.9;0;505;144;112;79;97241;2.19;0;0.29;0.34
1990;9;7;250;21.3;15;9.5;11.8;8.7;7;0.4;0.9;0.16;3;1.9;0;539;152;103;58;96946;2.91;13.67;0.29;0.34
1990;9;8;251;18;13.4;8.8;9.7;7.5;6.3;1.2;-0.4;0.16;3;1.9;0;502;166;106;74;97517;2.78;1.54;0.3;0.34
1990;9;9;252;20;14.2;7.4;10.7;8.3;6.3;0.2;-0.3;0.15;2.9;1.9;0;537;166;111;77;98039;2.34;0.01;0.3;0.34
1990;9;10;253;17.5;13.7;9.4;10.6;9;7.7;0.5;0.1;0.15;2.9;1.9;0;404;111;89;53;97691;1.62;0.79;0.3;0.34
1990;9;11;254;16.8;13.1;8.9;9.2;7.1;6;1.4;-2;0.15;2.9;1.9;0;477;154;98;73;97433;2.42;0.21;0.3;0.34
1990;9;12;255;15.6;12.5;9.1;8.1;6;4.4;1.1;-2.4;0.15;2.9;1.9;0;480;148;99;76;97820;2.45;0.96;0.3;0.34
1990;9;13;256;17.4;12.2;5.7;8.8;6.6;4.6;0.6;0.2;0.15;2.9;1.9;0;527;147;109;75;98133;1.99;0.04;0.3;0.34
1990;9;14;257;18.6;13.3;7.1;10.5;8.7;6.3;-0.4;-0.3;0.15;2.8;1.9;0;554;151;110;73;98203;1.94;0;0.29;0.34
1990;9;15;258;20.5;14.4;6.9;12.7;9.9;6.6;0.1;-0.1;0.15;2.8;1.9;0;538;159;109;73;97934;2.04;0.03;0.29;0.34
1990;9;16;259;15.7;12.9;9.9;9.6;8;6.1;-1.1;-0.2;0.15;2.8;1.9;0;324;97;92;53;98000;1.41;0.44;0.29;0.34
1990;9;17;260;18.3;12.7;7.4;9.3;7.2;5;0.4;1.2;0.15;2.7;1.9;0;540;160;120;80;97723;1.97;0;0.29;0.34
1990;9;18;261;17.6;12.3;9.2;11.5;7.3;3.7;1.1;-1.1;0.15;2.7;1.9;0;473;92;98;56;97525;1.57;2.5;0.29;0.34
1990;9;19;262;17.1;12.2;6.4;9.1;6.9;3.8;0.9;1.3;0.15;2.6;1.9;0;404;105;87;62;97449;1.39;0;0.29;0.34
1990;9;20;263;20.9;14.4;8.2;13.4;11;7.4;0.4;0;0.15;2.6;1.9;0;471;130;98;56;96835;1.63;3.05;0.29;0.34
1990;9;21;264;18.3;14.1;9.7;13.3;11.4;9.7;0.5;0.5;0.15;2.6;1.9;0;301;71;75;40;96304;1.17;0.48;0.29;0.34
1990;9;22;265;13.7;11.8;10.1;10.2;8.8;7.4;0;1.2;0.15;2.5;1.9;0;227;49;60;31;96660;1.08;2.12;0.29;0.34
1990;9;23;266;21.1;15.3;8.3;15.9;12.8;7.9;0;0.1;0.15;2.5;1.9;0;438;114;69;49;96609;1.36;0.36;0.29;0.34
1990;9;24;267;19.1;14.4;10.1;15.8;11.3;7;0.9;0.3;0.15;2.4;1.9;0;291;55;67;37;96530;1.47;12.17;0.3;0.34
1990;9;25;268;16.3;12.1;9.1;8.6;7.4;6.4;0.3;0.8;0.15;2.4;1.9;0;372;95;78;54;97404;1.24;0;0.3;0.34
1990;9;26;269;13.3;10.1;7;10.9;8.6;6.2;0.3;-0.6;0.15;2.4;1.9;0;172;40;60;34;97817;0.67;3.39;0.3;0.34
1990;9;27;270;15.6;10.5;6.3;9.7;7.5;5.8;0.1;-0.2;0.15;2.3;1.9;0;459;122;103;60;98202;1.56;1.16;0.3;0.34
1990;9;28;271;14.3;9.5;4.2;8;5.6;3.8;0;0.3;0.15;2.3;1.9;0;405;109;103;68;98460;1.38;0.23;0.3;0.34
1990;9;29;272;18.8;11.9;5;10.2;7.2;3.9;0.4;1.3;0.15;2.2;1.9;0;527;152;113;79;98062;1.68;0;0.3;0.34
1990;9;30;273;21.9;14.4;7.2;13.1;10.1;6.4;1.5;1.2;0.15;2.2;1.9;0;520;150;115;78;97306;1.71;0;0.3;0.34
1990;10;1;274;22.7;16.6;11.1;14;11.8;9.4;2;0.7;0.15;2.2;1.9;0;496;130;96;67;97208;1.67;0.05;0.3;0.34
1990;10;2;275;18;14.2;11.5;12.8;10.1;7.2;-0.7;-0.7;0.14;2.1;1.9;0;421;104;97;53;97839;1.64;3.9;0.3;0.34
1990;10;3;276;18;13.6;9.4;10.1;8.7;7.2;-0.8;1.3;0.14;2.1;1.9;0;483;137;112;75;97840;1.48;0;0.3;0.34
1990;10;4;277;20.6;14.3;9.4;13.6;10.7;7.5;0;0.7;0.14;2;1.9;0;468;119;84;55;97420;1.44;0.39;0.3;0.34
1990;10;5;278;13;11.2;9;10.2;8.6;6.5;0.6;-0.6;0.14;2;1.9;0;139;32;55;23;98188;1.11;7.01;0.3;0.34
1990;10;6;279;18.4;11.7;5.4;12.3;9.3;5.2;0.5;1.1;0.14;2;1.9;0;493;125;107;64;97660;1.36;0;0.3;0.34
1990;10;7;280;21.2;15.4;10.2;13.4;11.9;9.7;1.2;1.6;0.14;1.9;1.9;0;448;105;76;52;96745;1.26;0.76;0.3;0.34
1990;10;8;281;13.1;10.6;5.8;12.1;8.6;2.4;0.6;-1.5;0.14;1.9;1.9;0;123;23;86;34;97257;1.11;12.22;0.31;0.34
1990;10;9;282;12.5;7.9;3;4.3;2.2;0.8;0.2;-0.2;0.14;1.8;1.9;0;361;97;105;74;98448;1.16;0;0.31;0.34
1990;10;10;283;15.2;8.9;3.1;6.6;4;1.3;0.2;1.2;0.14;1.8;1.9;0;499;138;126;88;98400;1.23;0;0.31;0.34
1990;10;11;284;17.6;10.5;4.5;9.7;6.5;3.1;0.1;0.4;0.14;1.8;1.9;0;494;136;126;85;98249;1.19;0;0.31;0.34
1990;10;12;285;19.6;11.8;4;12.2;8.5;3.5;0;-0.4;0.14;1.7;1.9;0;478;130;112;74;98292;1.21;0;0.31;0.34
1990;10;13;286;21.5;13.9;6.9;13.9;10.7;6.6;0.1;0.5;0.14;1.7;1.9;0;386;111;100;64;98283;1.09;0;0.31;0.34
1990;10;14;287;21.7;14.6;7.7;14.8;11.6;7.1;0;-0.3;0.14;1.6;1.9;0;461;120;111;69;98230;1.09;0;0.31;0.34
1990;10;15;288;18.6;13.2;9;13;11.2;8.9;-0.5;0.3;0.14;1.6;1.9;0;406;100;103;52;98046;0.91;0.1;0.3;0.34
1990;10;16;289;20.5;14.2;9.7;14.4;12;9.7;-0.5;0.7;0.14;1.6;1.9;0;411;103;104;57;97870;0.94;0.06;0.3;0.34
1990;10;17;290;17.9;13;9.3;11.3;10.1;9.1;-0.8;0.3;0.14;1.6;1.9;0;406;101;93;56;97604;0.95;0.15;0.3;0.34
1990;10;18;291;19.7;14.2;10.4;13;11.3;9.5;-0.2;1.3;0.14;1.6;1.9;0;368;89;73;51;97217;0.95;0.72;0.3;0.34
1990;10;19;292;19.3;13.9;9.5;12.5;11.2;9.2;0.4;0.7;0.14;1.5;1.9;0;382;89;88;56;97086;0.81;0.01;0.3;0.34
1990;10;20;293;13;12.1;10.6;12.2;11.3;10.1;-0.8;-2.3;0.13;1.5;1.9;0;45;10;33;9;96884;0.95;25.16;0.31;0.34
1990;10;21;294;11.3;8.7;4.5;9.7;2.1;-2.2;-1.3;-3.2;0.13;1.5;1.9;0;417;94;128;66;97622;1.87;4.56;0.33;0.34
1990;10;22;295;7.4;4.4;1.9;-0.2;-1.5;-2;-0.8;-1.1;0.13;1.5;1.9;0;380;102;111;88;98591;0.76;0;0.33;0.34
1990;10;23;296;7;3.4;1;0.3;-0.9;-2.2;-0.5;0.2;0.13;1.5;1.9;0;418;111;127;88;98476;0.66;0;0.33;0.34
1990;10;24;297;6.9;3;0.1;1.4;-0.4;-2.3;-0.2;0;0.13;1.5;1.9;0;427;108;119;83;97886;0.56;0;0.33;0.34
1990;10;25;298;7.8;2.5;-1.8;3.8;0.8;-2.7;-0.1;-0.4;0.13;1.5;1.9;0;413;101;115;65;97494;0.5;0;0.33;0.34
1990;10;26;299;8.4;5.5;2;4.7;3.3;1.4;0.3;-0.6;0.13;1.4;1.9;0;228;40;40;15;97127;0.35;0.26;0.33;0.34
1990;10;27;300;9.1;7.2;4.7;8.2;5.9;3.5;0.1;-0.2;0.13;1.4;1.9;0;112;27;53;18;96785;0.46;15.79;0.33;0.34
1990;10;28;301;12.6;7.9;4.3;5.8;4.7;3.4;0.2;1.6;0.13;1.4;1.9;0;431;98;121;66;96401;0.93;0.08;0.34;0.34
1990;10;29;302;11.2;9.7;7.2;9.6;7.9;5.8;-0.6;2.2;0.13;1.4;1.9;0;57;14;37;18;95261;0.71;8.5;0.34;0.34
1990;10;30;303;15.2;9.4;3.3;9.2;4;-0.3;1.2;-0.7;0.13;1.4;1.9;0;325;74;107;55;95387;1.06;1.62;0.35;0.34
1990;10;31;304;12.6;8.1;3;8.1;4.9;0.4;0;0.2;0.13;1.4;1.9;0;206;45;63;28;96342;0.44;5.28;0.35;0.34
1990;11;1;305;8.8;6.9;2.9;7.3;5.6;2;1;-0.2;0.12;1.4;1.9;0;86;17;66;27;96530;0.52;16.4;0.36;0.34
1990;11;2;306;10.3;5;0;5.7;2.8;-0.7;0.6;0.5;0.12;1.4;1.9;0;315;73;84;62;96497;0.61;0.99;0.37;0.34
1990;11;3;307;8.3;5;1.6;7.1;4;1;0.1;-0.1;0.12;1.3;1.9;0;133;35;53;32;96283;0.44;2.53;0.37;0.34
1990;11;4;308;7.5;3.3;-0.2;3.7;1.6;-0.8;0.6;0.1;0.12;1.3;1.9;0;236;58;82;56;96634;0.64;1.16;0.37;0.34
1990;11;5;309;8.6;2.7;-2.3;2.5;0.1;-2.8;0.2;0.2;0.12;1.3;1.9;0;380;86;115;63;97316;0.54;1.31;0.37;0.34
1990;11;6;310;5.9;2.1;-1.3;0.8;-1.5;-2.5;0.4;-0.5;0.12;1.3;1.9;0;246;58;92;60;98234;0.54;0.12;0.37;0.34
1990;11;7;311;7.2;2.5;-1.8;-0.1;-2.7;-4.4;0.5;-0.8;0.12;1.3;1.9;0;379;81;107;66;98495;0.5;0;0.37;0.34
1990;11;8;312;7.9;2.6;-2;-0.4;-1.9;-3.8;0.3;0;0.12;1.3;1.9;0;374;88;121;73;98340;0.48;0;0.37;0.34
1990;11;9;313;7.1;3.3;-0.7;1.2;-0.4;-2.1;0.3;0;0.12;1.3;1.9;0;279;61;81;45;98549;0.33;0;0.37;0.34
1990;11;10;314;7;2.8;-0.5;1.2;-0.4;-1.8;0;1.5;0.12;1.2;1.9;0;316;77;111;65;98422;0.43;0;0.36;0.34
1990;11;11;315;7.5;2.5;-1.4;2.1;-0.2;-2.7;0.1;0.6;0.12;1.2;1.9;0;348;79;95;61;98209;0.36;0.05;0.36;0.34
1990;11;12;316;7.3;3.8;0.8;4;2;0.3;0.4;0.1;0.12;1.2;1.9;0;116;28;38;21;98276;0.16;0.12;0.36;0.34
1990;11;13;317;9.2;5;2.2;5.2;3.6;1.8;0.2;0.2;0.11;1.2;1.9;0;208;46;65;31;98373;0.31;0.1;0.36;0.34
1990;11;14;318;8.8;4.8;2;4.3;3.3;1.5;0.1;1.1;0.11;1.2;1.9;0;254;57;89;46;97911;0.3;0;0.36;0.34
1990;11;15;319;6.8;3.6;-0.6;3.9;2.2;-0.9;0.1;0;0.11;1.2;1.9;0;158;37;62;30;97684;0.18;0.56;0.36;0.34
1990;11;16;320;10;5.3;0.7;4.5;3.1;-0.2;0.6;0.2;0.11;1.2;1.9;0;296;61;106;52;98409;0.43;0.09;0.36;0.34
1990;11;17;321;11.2;4.6;-0.2;5.1;2;-1.1;0.8;0.8;0.11;1.2;1.9;0;277;61;94;53;97522;0.37;0;0.36;0.34
1990;11;18;322;12.6;6.2;2;6.1;3;1;1.5;0.5;0.11;1.2;1.9;0;253;54;96;54;96716;0.31;0.07;0.36;0.34
1990;11;19;323;10.4;4.8;0.9;5.4;2.9;0.2;0.6;0.6;0.11;1.2;1.9;0;254;48;92;51;96573;0.42;0.4;0.36;0.34
1990;11;20;324;10.3;5.6;0.5;6.7;3.7;0.1;0.5;1.4;0.11;1.2;1.9;0;207;45;92;39;96224;0.25;0.07;0.36;0.34
1990;11;21;325;10.9;7.8;5.2;8.4;6.3;4;-0.3;-0.2;0.11;1.2;1.9;0;148;24;53;24;96390;0.49;5.53;0.36;0.34
1990;11;22;326;10.1;6.6;4.8;7.5;5.3;3.6;-0.5;-0.4;0.11;1.2;1.9;0;164;34;53;22;96949;0.45;0.55;0.36;0.34
1990;11;23;327;13.7;9.5;5.9;10.8;8;5.5;0;2.4;0.11;1.2;1.9;0;195;40;71;42;96470;0.29;0.28;0.36;0.34
1990;11;24;328;10.5;6.1;2.1;5.8;2.5;-0.7;0.6;1.4;0.11;1.2;1.9;0;293;65;119;71;96312;0.58;0.77;0.36;0.34
1990;11;25;329;10.3;5.9;1;6.2;1.8;-0.7;-0.5;2.2;0.11;1.2;1.9;0;282;58;90;62;96155;0.47;0.98;0.36;0.34
1990;11;26;330;12.2;9;5.8;8.1;5.5;3;-0.1;2.3;0.11;1.2;1.9;0;290;56;101;50;96205;0.94;4.55;0.36;0.34
1990;11;27;331;5.7;5.1;3.1;4.9;4.2;2.5;0.5;-0.7;0.11;1.2;1.9;0;32;7;62;14;96199;0.3;14.19;0.37;0.34
1990;11;28;332;6.1;3.8;1;4.7;2.9;0.5;0.9;-0.3;0.11;1.2;1.9;0;75;15;64;24;96711;0.26;10.46;0.38;0.34
1990;11;29;333;7.3;4;0.8;2.9;1.9;0.2;0.3;-0.1;0.11;1.2;1.9;0;288;55;95;51;97094;0.42;0.96;0.39;0.34
1990;11;30;334;5.2;1.2;-1.4;-0.1;-3.1;-9.1;0.8;-1.7;0.11;1.2;1.9;0;214;43;85;65;96867;0.42;0.34;0.39;0.34
1990;12;1;335;1.9;-0.8;-3.2;-8.1;-9.3;-10.1;0.2;-3.3;0.11;1.2;1.9;0;230;54;111;89;97899;0.45;0;0.39;0.34
1990;12;2;336;1.4;-1.4;-4;-3.4;-6.9;-9.7;0.3;-0.7;0.12;1.2;1.9;0.66;180;35;81;53;98282;0.06;2.6;0.38;0.34
1990;12;3;337;2.5;-2.3;-4.5;-5.3;-6.8;-8.4;0.3;-0.8;0.15;1.2;1.9;2.55;261;58;109;75;98404;0.11;0;0.38;0.34
1990;12;4;338;2.9;-1.7;-4.5;-2.4;-5.6;-8.4;1;0.2;0.14;1.2;1.9;2.42;222;44;79;55;97680;0.04;0.09;0.38;0.34
1990;12;5;339;3.7;-0.3;-3.5;-2.6;-4.2;-6;0.5;-1.3;0.14;1.2;1.9;2.32;241;48;100;53;97444;0.24;0.37;0.38;0.34
1990;12;6;340;1.6;0.1;-1;-4.7;-5.4;-6.2;-0.6;-3.6;0.14;1.2;1.9;2.28;176;40;69;52;98283;0.28;0.08;0.38;0.34
1990;12;7;341;0;-1.3;-2.7;-3;-5.4;-7.7;0.3;-1;0.15;1.2;1.9;3.2;79;16;77;32;97541;0.12;3.41;0.38;0.34
1990;12;8;342;0.2;-2.6;-4.2;-3.6;-4.5;-6.5;0;0.8;0.2;1.2;1.9;6.27;219;46;85;49;96794;0.13;0.74;0.38;0.35
1990;12;9;343;3.9;-0.6;-5.2;1.3;-3;-8.4;-0.4;-0.1;0.2;1.2;1.9;6;202;37;60;27;96645;0.02;2.92;0.38;0.35
1990;12;10;344;3.9;2.3;1.1;3;1.7;0.6;0;0.3;0.19;1.2;1.9;5.32;42;8;38;7;95417;-0.09;14.01;0.39;0.35
1990;12;11;345;5.5;1;-1.8;2.5;0;-2.4;0.4;-0.1;0.17;1.2;1.9;4.64;212;41;75;43;96229;0.15;1.84;0.39;0.35
1990;12;12;346;3.3;0.9;-1.6;0.7;-0.5;-2.3;0.4;-0.2;0.18;1.2;1.9;5.29;111;22;31;17;96095;0.2;3.21;0.39;0.35
1990;12;13;347;4;0.7;-2.5;-1.2;-2.6;-3.5;-0.2;-2.3;0.19;1.2;1.9;5.99;135;29;75;42;96417;0.47;0.77;0.39;0.35
1990;12;14;348;4.3;1.7;-0.7;-3.1;-4.2;-6.2;-0.3;-3.6;0.19;1.2;1.9;5.66;181;34;83;54;97157;0.47;0;0.39;0.35
1990;12;15;349;2.2;0.2;-1.7;-4.1;-5.8;-7.6;0.8;-2;0.18;1.2;1.9;5.53;140;28;75;39;97427;0.31;1.21;0.39;0.35
1990;12;16;350;1.4;0.1;-1.3;-2.5;-3.3;-4.5;0.1;-1.9;0.23;1.2;1.9;8.46;88;18;34;23;97894;0.26;4.48;0.39;0.35
1990;12;17;351;0.2;-1.1;-2;-2.8;-3.8;-4.4;-0.9;-1.3;0.28;1.2;1.9;11.44;99;19;45;20;98265;0.23;1.82;0.39;0.35
1990;12;18;352;-0.1;-0.9;-1.5;-1.2;-2.1;-2.8;-1;-1.1;0.32;1.2;1.9;15.18;61;12;19;11;98062;0.13;5.19;0.39;0.35
1990;12;19;353;1;-2;-6.3;-1.2;-4.2;-8.9;0.6;0.9;0.34;1.2;1.9;17.22;165;33;91;39;97928;0.25;0.05;0.39;0.35
1990;12;20;354;0.8;-4.9;-8.8;-3.6;-8.8;-12.2;1.1;0.4;0.34;1.1;1.9;16.47;189;39;90;52;98065;0.15;0.03;0.38;0.35
1990;12;21;355;0.8;-5.7;-9.6;-4.1;-9;-12.1;1.5;0.6;0.33;1.1;1.9;15.84;178;36;75;43;97727;0.27;0;0.38;0.35
1990;12;22;356;3.1;-2.3;-9.7;-1.2;-5.6;-12.1;0.8;0;0.32;1.1;1.9;15.14;134;26;51;19;98107;0.17;0.14;0.38;0.35
1990;12;23;357;3.6;1.3;-0.5;1.4;0.1;-1.4;-0.4;-0.1;0.3;1.1;1.9;13.88;77;14;15;7;98539;0.03;0.82;0.38;0.35
1990;12;24;358;-1;-2.8;-3.8;-1.5;-5.5;-6.9;-1.1;-0.1;0.29;1.1;1.9;13.13;166;35;88;40;98660;0.31;0.29;0.38;0.35
1990;12;25;359;-2.2;-3.6;-4.6;-6.4;-7.2;-8.4;-0.7;0.6;0.29;1.1;1.9;13.15;108;22;47;27;98262;0.22;0.22;0.38;0.35
1990;12;26;360;1;-2.5;-5.2;-1.3;-4.2;-6.2;-0.2;1.3;0.32;1.1;1.9;14.97;132;26;85;32;97483;0.07;2.68;0.38;0.35
1990;12;27;361;4.7;0.7;-4.7;1.7;-0.7;-5.7;0.8;1.2;0.31;1.1;1.9;14.41;180;29;68;25;96848;-0.02;2.13;0.38;0.35
1990;12;28;362;4.9;-1.3;-4.8;-0.7;-3.7;-6.3;1.2;0.1;0.29;1.1;1.9;13.44;202;42;115;57;97759;0.07;1.17;0.39;0.36
1990;12;29;363;3.3;-1.6;-5.3;-2.1;-4.3;-6.6;1;1.2;0.28;1.1;1.9;12.5;160;29;63;36;97904;0.15;0;0.39;0.36
1990;12;30;364;7.1;0.8;-2.1;1.4;-2;-4.3;1.5;0.4;0.26;1.1;1.9;11.13;212;44;84;45;97929;0.15;0;0.39;0.36
1990;12;31;365;6.2;2.5;0.3;2.8;0.6;-1.2;0.4;0.1;0.23;1.1;1.9;9.37;130;27;65;14;97987;0.03;0.03;0.39;0.36
1991;1;1;1;3.7;1.5;0.1;2.6;0.4;-1.9;1.4;-0.5;0.22;1.1;1.9;8.28;73;13;50;20;97444;-0.01;2.92;0.39;0.36
1991;1;2;2;4.6;-0.9;-5.8;-0.9;-3.5;-7.3;1.2;0.7;0.2;1.1;1.9;7.36;240;47;90;60;97561;0.23;0;0.39;0.36
1991;1;3;3;6.6;1.7;-1.4;1.7;-1.1;-2.9;1.4;0.7;0.19;1.1;1.9;6.41;113;23;65;27;97365;0.09;0;0.39;0.36
1991;1;4;4;9;2.8;-1.5;3.2;0.1;-3.1;2.1;0.9;0.17;1;1.9;5.12;241;53;89;53;97197;0.07;0;0.39;0.36
1991;1;5;5;4.8;1.6;-3.1;3.8;0.8;-4;1.2;0.3;0.15;1;1.9;4.07;87;20;77;31;97656;-0.05;3.66;0.39;0.36
1991;1;6;6;4.6;-0.7;-3.7;-0.1;-2.8;-4.5;1;0.6;0.15;1;1.9;3.52;206;45;85;56;97100;0.24;0;0.39;0.36
1991;1;7;7;7.3;0.9;-2.9;2.2;-1.7;-4.7;1.5;1;0.14;1;1.9;2.99;271;55;87;60;96917;0.07;0;0.39;0.36
1991;1;8;8;6.2;1.6;-2.9;4.4;0.4;-3.4;1;-0.2;0.13;1;1.9;2.47;134;27;58;27;97512;0.03;1.55;0.39;0.36
1991;1;9;9;7.8;1.5;-2.9;2.6;-0.3;-3.5;1.6;0.8;0.13;1;1.9;1.99;263;51;90;55;97597;0.16;0.01;0.39;0.36
1991;1;10;10;7.7;2;-2.7;3;-0.1;-4;1.8;1.1;0.12;1;1.9;1.53;252;42;73;58;97732;0.05;0;0.39;0.36
1991;1;11;11;9.6;2.9;-0.9;4.2;0.8;-2;1.9;0.5;0.12;1;1.9;1.12;285;62;99;66;97667;0.15;0;0.39;0.36
1991;1;12;12;4.8;2.4;-0.2;4;1.7;-1;0.6;-0.5;0.11;1;1.9;0.87;55;10;44;7;97917;-0.02;5.95;0.39;0.36
1991;1;13;13;4.6;3;2.3;3.1;1.9;-0.1;0;-1.5;0.11;1;1.9;0.72;68;12;24;12;98197;0.27;3.64;0.39;0.36
1991;1;14;14;2.4;0.9;-0.8;-0.2;-4;-8.3;-1.2;-2.5;0.13;1;1.9;1.96;161;31;70;36;98935;0.6;1.93;0.39;0.36
1991;1;15;15;1.3;-1.4;-3.5;-8.8;-10.5;-12.7;-0.9;-1.7;0.13;1;1.9;2.14;322;68;133;81;99108;0.42;0;0.39;0.36
1991;1;16;16;-0.7;-3;-4.4;-6.5;-8;-8.8;-0.5;-0.9;0.13;1;1.9;2.11;248;56;107;75;99319;0.06;0.03;0.39;0.36
1991;1;17;17;-0.2;-3.9;-6.3;-7.4;-8.6;-10.6;0.5;0.4;0.13;1;1.9;2.07;318;69;122;82;99200;0.05;0;0.39;0.36
1991;1;18;18;3.1;-3.2;-7.7;-7;-11.3;-14.4;0.8;0;0.13;1;1.9;1.95;319;72;124;84;99065;0.04;0;0.39;0.36
1991;1;19;19;2.9;-1.9;-4.4;-6.4;-9.1;-11.8;-0.3;-0.1;0.12;0.9;1.9;1.79;317;72;118;80;98940;0.04;0;0.39;0.36
1991;1;20;20;0.3;-3.3;-5.7;-5.9;-6.5;-7.4;-0.3;0.5;0.12;0.9;1.9;1.69;319;70;113;77;99337;0.02;0;0.39;0.37
1991;1;21;21;0.9;-4;-7.7;-6.2;-7.4;-8.8;0;0.6;0.12;0.9;1.9;1.61;326;73;114;79;99019;0.02;0;0.39;0.37
1991;1;22;22;-0.6;-4.1;-7.1;-6.5;-7.5;-8.9;-0.1;0.3;0.12;0.9;1.9;1.53;271;61;93;67;99302;0.02;0;0.38;0.37
1991;1;23;23;0.9;-2.9;-5.8;-4.4;-6;-7.7;0.6;0.2;0.12;0.9;1.9;1.49;219;49;88;46;99315;0.01;0;0.38;0.37
1991;1;24;24;2.7;-0.9;-4.7;-4.3;-5.4;-6.1;0.8;-0.1;0.12;0.9;1.9;1.45;267;53;86;40;98894;0.02;0;0.38;0.37
1991;1;25;25;2.4;-0.9;-3.7;-1.5;-3.6;-5;0.4;0.3;0.12;0.9;1.9;1.39;163;37;68;37;99086;0;0.04;0.38;0.37
1991;1;26;26;4.1;-1.1;-5.3;-2.1;-4.3;-6.1;0.5;0.2;0.12;0.9;1.9;1.28;339;76;113;66;98652;0.04;0;0.38;0.37
1991;1;27;27;2.7;-1.5;-5.4;-4.1;-5.1;-7.3;-0.1;-0.4;0.12;0.9;1.9;1.13;335;75;107;65;98674;0.02;0;0.38;0.37
1991;1;28;28;2.8;-1.5;-3.7;-4.9;-6.2;-7.6;0.5;-0.8;0.12;0.9;1.9;1.09;317;67;97;64;98715;0.02;0.09;0.38;0.37
1991;1;29;29;3.7;-1.7;-5.6;-6.3;-7.8;-9.1;0.5;-0.1;0.12;0.9;1.9;1;364;84;124;79;98076;0;0;0.38;0.37
1991;1;30;30;2.3;-2;-4.5;-7.8;-8.7;-10.3;-0.3;-1.2;0.11;0.9;1.9;0.93;253;61;99;67;98176;0;0.01;0.38;0.37
1991;1;31;31;-2.2;-5.2;-7.6;-11.3;-15.1;-16.6;-1.1;0;0.11;0.9;1.9;0.93;375;87;131;91;98693;0.01;0;0.38;0.37
1991;2;1;32;-4.5;-7.6;-10;-14.6;-16.8;-18.9;-0.8;0.2;0.11;0.9;1.9;0.93;380;87;132;94;99018;0.01;0;0.38;0.37
1991;2;2;33;-2.4;-7.4;-12.1;-15.6;-16.9;-18.3;-0.3;1.1;0.11;0.9;1.9;0.85;388;93;127;96;99046;0.01;0;0.37;0.37
1991;2;3;34;-1.3;-6.4;-11.1;-14.2;-14.9;-15.8;-0.1;0.5;0.11;0.9;1.9;0.79;391;94;127;92;98779;0;0;0.37;0.37
1991;2;4;35;0.2;-5.7;-10.8;-11.5;-13.9;-15.6;-0.3;-0.7;0.11;0.9;1.9;0.77;401;94;128;85;98439;0;0.29;0.37;0.37
1991;2;5;36;-6.4;-8.3;-11.6;-11.8;-17.2;-19.6;-1.6;-1.8;0.12;0.9;1.9;1.38;249;62;87;63;98336;0.05;0.63;0.37;0.37
1991;2;6;37;-7.3;-10;-14.1;-10.9;-17.4;-19.6;-0.7;-1.6;0.14;0.8;1.9;2.05;228;55;80;54;98130;0.01;5.15;0.37;0.37
1991;2;7;38;-2.5;-7;-13.2;-7.1;-10.5;-16.2;-0.1;0.7;0.32;0.8;1.9;10.98;240;54;97;43;97320;0.26;5.22;0.37;0.37
1991;2;8;39;-2.3;-8.5;-15.2;-5.7;-10.8;-16.6;0.4;-0.2;0.34;0.8;1.9;14.25;121;25;69;17;96914;0.19;4.42;0.37;0.37
1991;2;9;40;3.2;-6.5;-18.3;-3.3;-9.8;-20.4;0.5;0.8;0.35;0.8;1.9;15.37;302;71;121;54;96998;0.24;0.03;0.37;0.37
1991;2;10;41;8.2;1.8;-5.1;2.6;-0.5;-5.9;0.3;2.3;0.3;0.8;1.9;12.41;240;59;65;38;96871;-0.1;1.29;0.37;0.37
1991;2;11;42;2.8;-0.5;-4.3;2;-3;-6;-0.3;-0.5;0.29;0.8;1.9;11.93;107;24;34;18;97188;0.26;6.31;0.38;0.37
1991;2;12;43;-1.4;-4.3;-8.2;-5.4;-7.5;-9.6;0.7;-1.4;0.33;0.8;1.9;14.81;139;33;43;26;96952;0.32;3.23;0.38;0.37
1991;2;13;44;0.1;-5.3;-17.2;-7.6;-11.4;-19.5;1.5;-0.7;0.35;0.8;1.9;16.17;277;63;97;51;96925;0.45;0.16;0.38;0.37
1991;2;14;45;1.1;-9.8;-19.2;-8.5;-15.7;-21.9;1.2;0;0.34;0.8;1.9;15.44;325;81;114;60;97334;0.48;0;0.38;0.37
1991;2;15;46;-0.5;-10.5;-21.3;-9.3;-15.3;-23.4;1;0.1;0.33;0.8;1.9;14.78;328;77;108;63;96909;0.48;0.02;0.38;0.37
1991;2;16;47;3;-5.3;-13.9;-4.5;-9.9;-16.6;1.6;0.7;0.32;0.8;1.9;14.09;311;80;98;58;95456;0.47;0.02;0.38;0.37
1991;2;17;48;3;-3.1;-9;-4.5;-7.5;-11.5;0.4;0.8;0.3;0.8;1.9;12.75;354;89;116;70;96672;0.36;0.01;0.38;0.37
1991;2;18;49;3.4;-3;-10.5;-3.2;-7.3;-13.4;-0.1;-0.3;0.26;0.8;1.9;10.82;393;101;129;74;97150;0.24;0;0.38;0.37
1991;2;19;50;4.3;-1.4;-7.3;-1.5;-5.1;-9.9;0.1;0.4;0.23;0.8;1.9;8.8;390;102;114;68;97666;0.14;0;0.38;0.37
1991;2;20;51;7.3;0.1;-5.2;-0.1;-3.6;-7.8;-0.3;0;0.21;0.8;1.9;6.76;418;109;118;71;97407;0.09;0;0.38;0.37
1991;2;21;52;5.9;-0.2;-4.7;1.1;-2.1;-5.6;-0.3;-0.3;0.18;0.9;1.9;5.03;410;94;100;54;97246;0.05;0;0.38;0.37
1991;2;22;53;8;1.5;-3.5;2.7;-0.9;-3.8;0.5;-0.2;0.16;0.9;1.9;3.68;350;86;84;46;97584;0.06;0;0.38;0.37
1991;2;23;54;9.8;2.3;-4.5;0.5;-2.4;-5.8;0.6;0.3;0.15;0.9;1.9;2.52;466;118;129;63;98594;0.12;0;0.38;0.37
1991;2;24;55;12.8;5.4;-0.3;4.2;1.4;-1.2;0.3;0.1;0.13;0.9;1.9;1.53;462;117;115;55;98684;0.35;0;0.38;0.37
1991;2;25;56;10.9;3.8;-1.9;5.6;1.8;-2.3;0.1;0.5;0.12;0.9;1.9;0.84;409;106;106;56;98299;0.19;0;0.38;0.37
1991;2;26;57;7.1;3.2;-0.9;4.1;1.8;-1.5;0;0.2;0.12;0.9;1.9;0.52;185;53;53;23;98047;0.13;0.04;0.38;0.37
1991;2;27;58;4.1;2.6;0.8;2.9;0.4;-3.1;-1.3;-0.1;0.12;0.9;1.9;0.35;171;39;20;8;97787;0.35;0.79;0.38;0.37
1991;2;28;59;2.2;0.5;-0.6;-2.5;-3.9;-5.5;-1.2;0.2;0.12;0.9;1.9;0.43;203;45;35;19;97492;0.24;0.34;0.38;0.37
1991;3;1;60;3.4;1.1;-0.5;-0.7;-1.4;-2.3;-1.1;0.2;0.13;0.9;1.9;0.9;186;48;36;19;97442;0.18;0.42;0.38;0.37
1991;3;2;61;9.1;3.4;0;3.6;0.9;-1.3;-0.7;0.2;0.13;0.9;1.9;0.74;301;70;54;29;97659;0.29;0;0.38;0.37
1991;3;3;62;9.4;3.7;-1.5;4.1;1.7;-1.8;-0.5;-0.2;0.12;0.9;1.9;0.44;348;84;66;33;98447;0.31;0.18;0.38;0.37
1991;3;4;63;7.6;4.3;1.3;3.1;2.2;0.3;-0.6;1.1;0.12;1;1.9;0.24;280;67;53;24;98819;0.33;0;0.38;0.37
1991;3;5;64;12.2;5;0.1;5.2;2.2;-0.5;-0.6;-0.1;0.12;1;1.9;0.14;469;124;99;65;97641;0.56;0;0.38;0.37
1991;3;6;65;11.5;5.7;0.5;5.6;3.6;0.4;-0.5;-0.3;0.12;1;1.9;0.06;341;89;63;27;96825;0.46;0.01;0.37;0.37
1991;3;7;66;15.1;9.2;5.3;6.6;5.5;4.6;0.6;1.4;0.12;1;1.9;0;297;77;96;37;96551;0.54;0;0.37;0.37
1991;3;8;67;17.5;10.6;4.6;8.6;6.7;3.7;0.6;2.1;0.12;1;1.9;0;476;123;100;55;96454;0.88;0;0.37;0.37
1991;3;9;68;17.6;10.8;4.9;7.7;5.7;4.1;0;1.1;0.12;1;1.9;0;500;137;119;63;96371;1.09;0.1;0.37;0.37
1991;3;10;69;11.9;8.3;4.3;8.6;6.1;3.5;-0.3;-0.3;0.12;1;1.9;0;228;56;42;23;96970;0.54;2.5;0.37;0.37
1991;3;11;70;7.8;6.6;5.2;6.3;5.3;4.1;-0.7;-0.1;0.12;1;1.9;0;132;30;28;11;97499;0.39;2.89;0.37;0.37
1991;3;12;71;10.6;7.1;3.9;4.3;2.8;0.8;-0.2;0.3;0.12;1;1.9;0;369;86;69;43;97459;0.64;0.03;0.37;0.37
1991;3;13;72;12.1;6.9;0.3;3.7;1.6;-1;0;-0.3;0.13;1;1.9;0;510;124;110;61;97416;0.81;0;0.37;0.37
1991;3;14;73;14;6.8;-1;3.6;1.2;-1.7;0.3;1;0.13;1.1;1.9;0;533;139;111;76;97669;1;0;0.37;0.37
1991;3;15;74;16.1;8.6;-0.2;4.3;2;-1.4;0.2;0.7;0.13;1.1;1.9;0;574;165;135;87;97389;1.17;0;0.37;0.37
1991;3;16;75;16.1;8.5;-0.4;5.6;2.3;-1.3;-0.1;-0.7;0.13;1.1;1.9;0;566;148;124;73;96970;1.14;0;0.37;0.37
1991;3;17;76;14.8;8.7;2.1;4.6;3;0.9;-0.4;0.2;0.13;1.1;1.9;0;516;138;112;67;96636;1.09;0;0.37;0.37
1991;3;18;77;14.4;8.5;0.5;6.4;3.6;-0.2;-0.2;-0.4;0.13;1.1;1.9;0;555;152;120;72;97265;1.17;0.8;0.36;0.37
1991;3;19;78;14.1;8.5;1.2;6.4;4.2;0.6;0.2;0.6;0.13;1.1;1.9;0;471;140;108;67;97909;1.16;0.2;0.36;0.37
1991;3;20;79;17.4;11.5;6;7.6;5.3;4;1.3;-0.1;0.13;1.2;1.9;0;543;153;117;63;97484;1.49;1.49;0.36;0.37
1991;3;21;80;19.2;12.3;6.2;7.1;5.4;3.5;1;1.7;0.13;1.2;1.9;0;523;155;128;67;97015;1.48;0;0.36;0.37
1991;3;22;81;16.9;12.3;7.2;6.8;5.9;4;2.2;2.6;0.13;1.2;1.9;0;526;141;106;79;96312;1.29;0;0.36;0.37
1991;3;23;82;10.6;9.1;7.3;7.1;6.3;5.5;-0.9;-0.7;0.13;1.2;1.9;0;170;45;47;21;96936;0.58;1.82;0.36;0.37
1991;3;24;83;19.8;12.1;4.9;10.7;8.3;4.8;0.2;0.6;0.13;1.2;1.9;0;577;163;122;71;97004;1.47;0.01;0.36;0.37
1991;3;25;84;16.4;11.3;4.8;10.3;8.3;4;-1.6;-2;0.13;1.2;1.9;0;411;112;82;42;97072;1.37;12.41;0.36;0.37
1991;3;26;85;8.6;7.4;6.2;7.2;5.3;4.7;-1.5;-1.4;0.14;1.3;1.9;0;124;28;22;14;97351;0.77;7.84;0.37;0.37
1991;3;27;86;6.9;4.3;1.1;4.7;2.4;0.1;-1;-0.9;0.14;1.3;1.9;0.09;100;31;29;17;97356;0.96;6.75;0.38;0.37
1991;3;28;87;8;3.9;0.7;-0.1;-2.7;-5;-0.8;-2.2;0.15;1.3;1.9;0.54;452;136;97;66;97685;1.46;0.58;0.38;0.37
1991;3;29;88;4.2;2.3;1.1;-0.1;-3;-5.3;-0.3;-3.4;0.15;1.3;1.9;1.2;238;66;52;29;98025;1.03;6.42;0.38;0.37
1991;3;30;89;5;2.5;0.9;2.9;1.2;-0.3;0.1;-1.3;0.24;1.3;1.9;7.41;193;43;28;14;98083;0.55;11.11;0.38;0.37
1991;3;31;90;10.1;5.5;0.4;2.8;1.1;-0.6;0.3;-0.2;0.22;1.4;1.9;5.66;433;112;86;45;97911;0.95;0.18;0.39;0.37
1991;4;1;91;9.3;5.2;1.5;2.5;1.3;0.1;-0.3;0.4;0.18;1.4;1.9;3.15;344;106;94;52;97528;0.84;0.31;0.39;0.37
1991;4;2;92;14.9;8.1;0.4;5;2.6;-0.8;0;1.1;0.16;1.4;1.9;1.5;614;177;115;72;97065;1.47;0;0.39;0.37
1991;4;3;93;11.3;8;3.7;5.7;3.8;1.7;-0.7;1.1;0.15;1.4;1.9;0.57;296;100;58;43;96806;0.93;1.58;0.39;0.37
1991;4;4;94;13.2;9.7;5.9;6.3;5.3;4.3;-0.6;1.4;0.14;1.4;1.9;0.22;313;84;73;38;96575;0.96;1.49;0.39;0.37
1991;4;5;95;16.8;10.9;5.2;7.4;5.5;3.6;0.6;1.9;0.14;1.4;1.9;0.05;596;188;126;80;96141;1.81;0.35;0.39;0.37
1991;4;6;96;15.8;10;3.8;9.1;6;3;0.4;-1.8;0.14;1.5;1.9;0;507;147;97;63;97021;1.96;4.63;0.39;0.37
1991;4;7;97;15.7;10.6;4.5;8;4.4;2.5;0.7;-1;0.14;1.5;1.9;0;532;170;108;76;97495;1.69;0.32;0.39;0.37
1991;4;8;98;15.4;9.3;3;4.5;2.1;0.6;1.3;-1.4;0.14;1.5;1.9;0;553;186;129;84;97892;1.91;0.57;0.38;0.37
1991;4;9;99;16;9.5;1.6;4.8;2.9;0.4;0.5;-0.9;0.15;1.5;1.9;0;564;179;108;78;98241;1.91;0.12;0.38;0.37
1991;4;10;100;13.5;8.8;3.7;6.6;3.6;0.4;-0.5;-0.9;0.15;1.5;1.9;0;567;174;113;77;98446;1.96;2.02;0.38;0.37
1991;4;11;101;11.5;8.1;3.2;4.6;2;-0.6;-0.8;-2.8;0.15;1.6;1.9;0;509;135;86;59;98399;1.58;1.06;0.38;0.37
1991;4;12;102;13.2;9.3;6.3;8.6;6.6;4.7;-0.5;-1.2;0.15;1.6;1.9;0;407;122;74;44;97995;1.69;8.71;0.38;0.37
1991;4;13;103;14.8;9.7;5.5;8.8;6.9;4.9;-0.1;-1.1;0.15;1.6;1.9;0;587;166;106;61;97823;1.98;5.73;0.38;0.37
1991;4;14;104;15.4;10.3;3;7.5;5.6;2.6;0;-0.1;0.15;1.6;1.9;0;631;178;121;75;98012;1.91;0.5;0.39;0.37
1991;4;15;105;16.4;10.5;3.4;6.7;4.8;2.5;0.4;-1.1;0.15;1.6;1.9;0;596;197;114;85;98178;2.16;0.49;0.38;0.37
1991;4;16;106;19.2;11.6;2.8;6.6;4.2;2;1.1;0.3;0.15;1.7;1.9;0;654;203;128;86;96997;2.34;0.01;0.38;0.37
1991;4;17;107;8.7;3.2;1.1;4.1;-0.5;-3.4;-1.3;-1.6;0.17;1.7;1.9;1.94;179;56;41;27;96629;1.51;12.83;0.39;0.37
1991;4;18;108;2.7;1.4;0.1;0.9;-0.3;-1.4;0.2;-2.1;0.26;1.7;1.9;8.5;146;39;36;24;96038;0.78;14.4;0.39;0.37
1991;4;19;109;8.2;3.9;0.8;-1.1;-4;-6.4;1.4;-1.7;0.27;1.8;1.9;9.63;496;160;98;64;96005;1.99;0.57;0.39;0.37
1991;4;20;110;9.6;4.4;-1.1;0.5;-2.3;-5.8;0.1;-0.1;0.23;1.8;1.9;6.16;617;194;119;78;96664;1.6;0.73;0.39;0.37
1991;4;21;111;8.7;4.6;-0.9;-0.2;-2.8;-4.4;-0.5;-0.8;0.2;1.8;1.9;3.54;527;171;104;69;97251;1.73;0.47;0.39;0.37
1991;4;22;112;10;5.8;1.9;-0.6;-2;-2.8;0.3;1.5;0.18;1.8;1.9;2.05;615;197;112;80;97563;1.91;0.47;0.39;0.37
1991;4;23;113;10.5;6.2;0.3;0.1;-1;-2.8;-0.4;-0.4;0.17;1.9;1.9;1.08;533;175;102;74;97381;1.75;0.32;0.39;0.37
1991;4;24;114;11.1;6.9;2.7;1.8;0.5;-0.9;0.1;-2.4;0.16;1.9;1.9;0.54;594;193;108;70;97342;2.09;0.99;0.39;0.37
1991;4;25;115;10.5;6.8;3.8;4.6;2.6;0.4;-0.6;-0.1;0.16;1.9;1.9;0.24;542;156;92;56;97140;1.82;2;0.39;0.37
1991;4;26;116;12.4;7.5;2;3.6;2;0.3;-0.6;1.3;0.16;2;1.9;0.09;458;149;97;60;97167;1.73;0.28;0.39;0.38
1991;4;27;117;13.2;8.8;3.5;6.3;4.1;1.1;-0.9;-0.5;0.16;2;1.9;0;476;162;97;61;96993;1.66;0.38;0.38;0.38
1991;4;28;118;14.9;9.1;3.6;7.9;5.5;3.4;0.3;-0.2;0.16;2;1.9;0;617;180;111;63;97108;2.06;0.83;0.38;0.38
1991;4;29;119;16;10;2.5;7.1;5;2.3;0.4;-1.1;0.16;2.1;1.9;0;627;200;110;71;97383;2.44;0.72;0.38;0.38
1991;4;30;120;15.7;11.4;5.2;7.1;5.4;3.5;0.3;0.5;0.16;2.1;1.9;0;544;176;100;66;97118;2.29;0.34;0.38;0.38
1991;5;1;121;18.3;13.1;7.7;8.1;7.1;6.1;1;1.6;0.16;2.1;1.9;0;655;208;116;73;96498;2.84;1.08;0.38;0.38
1991;5;2;122;16.7;11.5;6.5;10.6;8.1;5.5;0.1;1.3;0.16;2.1;1.9;0;468;154;85;60;96836;1.92;3.55;0.37;0.38
1991;5;3;123;13.4;10.2;7.4;11.2;8.8;6.1;-0.9;-0.8;0.16;2.2;1.9;0;230;68;50;23;96587;1.55;23.54;0.38;0.38
1991;5;4;124;10.3;8.4;6.4;5.9;4.7;3.2;0.1;-0.1;0.16;2.2;1.9;0;326;92;42;24;96401;1.8;3.86;0.4;0.38
1991;5;5;125;14.8;10.5;6.9;6.7;4.3;2.4;0.4;1.7;0.17;2.2;1.9;0;514;183;115;64;96634;2.65;0.65;0.39;0.38
1991;5;6;126;14.3;9.7;4.4;7.2;4.6;2.8;0.6;1.4;0.17;2.3;1.9;0;532;188;108;77;96591;2.3;1.02;0.39;0.38
1991;5;7;127;13.7;9.3;3.8;4.9;3.2;2.1;-0.2;-2.3;0.17;2.3;1.9;0;371;112;70;50;96325;2;1.53;0.39;0.38
1991;5;8;128;17;11.6;6.5;4.7;2.7;1.2;-0.2;-0.8;0.17;2.3;1.9;0;613;195;104;75;96668;2.74;0;0.39;0.38
1991;5;9;129;15.7;11.4;6.2;7.9;5.4;3.4;-1;0.8;0.17;2.4;1.9;0;532;187;98;65;97269;2.31;0.1;0.38;0.38
1991;5;10;130;15.1;11.9;8.3;12.2;9.4;6.5;-1.1;-0.9;0.17;2.4;1.9;0;340;91;46;27;96978;1.78;13.2;0.38;0.38
1991;5;11;131;17.6;13.1;8.5;12.6;8;4.3;0.4;1.5;0.17;2.4;1.9;0;547;171;118;62;96585;2.71;7.92;0.4;0.38
1991;5;12;132;16;11.5;6;8.3;6.3;4.3;1.1;-0.5;0.17;2.5;1.9;0;531;180;99;73;97050;2.68;2.13;0.4;0.38
1991;5;13;133;16.3;12.7;8.6;7.8;5.5;4.1;0;-1.7;0.17;2.5;1.9;0;427;144;80;56;97775;2.36;0.12;0.39;0.38
1991;5;14;134;16.5;12.8;8.3;8.9;6.7;5.5;0.1;0;0.17;2.5;1.9;0;484;164;93;66;97643;2.24;0.24;0.39;0.38
1991;5;15;135;14.9;11.3;7.8;8.4;4.3;0.2;0.1;-2.4;0.17;2.5;1.9;0;668;198;114;59;97280;3.11;1.79;0.39;0.38
1991;5;16;136;10.9;8.2;5.7;4;2.7;1.6;-0.4;-1.7;0.17;2.6;1.9;0;474;130;75;48;97012;2.33;3.5;0.39;0.38
1991;5;17;137;8.1;6.3;5.5;4.3;3.4;2.6;0.6;-4.5;0.17;2.6;1.9;0;283;65;33;22;96662;3.78;21.08;0.39;0.38
1991;5;18;138;8.5;6.9;5.5;5.4;3.4;1.3;1.3;-3;0.17;2.6;1.9;0;199;68;38;22;96879;2.68;11.22;0.41;0.38
1991;5;19;139;13.9;9.1;5.2;2.8;1.2;-0.5;1.3;-2.6;0.17;2.6;1.9;0;400;136;105;59;97326;2.91;4.94;0.41;0.38
1991;5;20;140;16.2;11;4.2;5.7;2.6;0.2;1.2;-1.7;0.17;2.7;1.9;0;681;229;122;80;97933;3.14;0;0.41;0.38
1991;5;21;141;21.9;14.4;5.6;10.4;6.9;2.3;1.8;-0.7;0.17;2.7;1.9;0;638;206;103;73;98355;3.18;0;0.4;0.38
1991;5;22;142;23.5;16.9;9.3;12;9.6;7.6;1.5;-0.9;0.17;2.7;1.9;0;509;204;112;74;98293;3.36;0.04;0.4;0.38
1991;5;23;143;18.3;14.1;8.4;10;7.2;1.3;0.3;-1.3;0.17;2.7;1.9;0;534;189;96;70;97726;3.13;2.24;0.39;0.38
1991;5;24;144;11.8;8.7;5.6;2.3;0.4;-1.8;0.4;-2.9;0.17;2.7;1.9;0;645;236;113;96;97892;3.37;0.5;0.39;0.38
1991;5;25;145;13.9;9.2;3.6;5.8;1.7;-0.8;0.5;-1.8;0.17;2.8;1.9;0;660;225;110;80;97997;3.15;1.04;0.38;0.38
1991;5;26;146;14.2;9.8;6.1;7.2;4.9;1.7;0.8;-0.8;0.17;2.8;1.9;0;583;160;92;58;97850;2.4;1.7;0.38;0.38
1991;5;27;147;14.1;9.6;4;3.2;1.8;0.8;0.5;-2.9;0.17;2.8;1.9;0;649;219;111;83;97970;3.39;1.23;0.38;0.38
1991;5;28;148;16.3;11.6;5.7;6.4;3.5;0.8;0.7;-2.6;0.17;2.8;1.9;0;510;179;91;72;97678;2.93;0.08;0.38;0.38
1991;5;29;149;18.3;13.1;7.6;7.1;5.1;2.2;-0.1;-1.5;0.17;2.9;1.9;0;699;222;115;77;97485;3.43;0;0.37;0.38
1991;5;30;150;17.9;13.4;6.3;8.7;6.9;5.2;0.5;-1;0.17;2.9;1.9;0;552;191;104;71;97559;2.91;0.32;0.37;0.38
1991;5;31;151;20.5;15.1;7.6;11.2;8.2;6.7;0.6;-0.2;0.17;2.9;1.9;0;530;200;98;73;97360;3.08;0.04;0.37;0.38
1991;6;1;152;24;17.1;8.3;12.4;9.1;6.9;0.9;0.3;0.17;2.9;1.9;0;699;249;131;88;97023;3.92;0.17;0.36;0.38
1991;6;2;153;20;15.9;11.5;11.2;9.1;6.9;-1.2;0;0.17;2.9;1.9;0;672;219;113;71;97196;3.32;0.08;0.36;0.38
1991;6;3;154;22.9;16.5;10.3;13;11.1;9.4;1.1;1.6;0.17;3;1.9;0;724;238;114;75;96775;3.64;2.77;0.35;0.38
1991;6;4;155;12.6;11.4;8.9;11.6;9.4;7.6;-0.9;-1.3;0.17;3;1.9;0;196;57;34;23;97014;1.86;17.91;0.37;0.38
1991;6;5;156;15.5;11.6;8.1;8;6.4;4.5;0.9;0.2;0.17;3;1.9;0;454;130;92;52;97392;2.21;0.07;0.37;0.38
1991;6;6;157;18.1;13.4;7.1;11.4;8.8;5.2;0.7;2.2;0.17;3;1.9;0;537;162;76;56;97091;2.47;2.73;0.37;0.38
1991;6;7;158;18.7;15;11.1;11.7;10;8.5;0.2;1.4;0.17;3;1.9;0;600;176;97;57;96414;3.06;4.3;0.37;0.38
1991;6;8;159;18.9;15.4;9.9;11.4;10.2;8.9;0.4;-1.6;0.17;3.1;1.9;0;502;156;87;60;96097;2.72;0.5;0.37;0.38
1991;6;9;160;21.6;17.3;12.4;12.2;9.9;8.4;0.5;-0.5;0.17;3.1;1.9;0;579;218;102;81;97082;3.74;0.09;0.36;0.38
1991;6;10;161;23;18.2;10.9;15.2;12.5;9.6;-0.4;-0.4;0.17;3.1;1.9;0;653;190;104;62;97217;3.17;0.45;0.36;0.38
1991;6;11;162;17.9;15.7;10.4;14.1;11.8;9.3;0.8;-0.5;0.17;3.1;1.9;0;203;78;94;43;97743;1.6;1.79;0.36;0.38
1991;6;12;163;21.7;16.1;7.7;11.9;9.9;7.2;0.1;1.2;0.17;3.2;1.9;0;578;216;110;80;97765;3.64;0.01;0.36;0.38
1991;6;13;164;24.5;18.8;11.7;15.7;12.8;9.6;-0.1;1.6;0.17;3.2;1.9;0;693;212;110;72;97181;3.66;0.01;0.35;0.38
1991;6;14;165;17.5;16;14.1;12.8;11.5;10.3;0.1;-0.3;0.17;3.2;1.9;0;218;68;71;31;97341;1.32;0.38;0.35;0.38
1991;6;15;166;22.5;18;13.8;15.6;13.4;11.8;0.1;1;0.17;3.2;1.9;0;450;152;80;50;97452;2.58;0.06;0.35;0.38
1991;6;16;167;27.7;21.1;13.4;15.3;14.4;12.6;1.3;2.2;0.17;3.2;1.9;0;717;262;110;84;96872;4.71;0;0.34;0.38
1991;6;17;168;27.7;21.7;15.8;16.9;14.9;13.4;0.2;2;0.17;3.2;1.9;0;680;239;102;75;96639;4.39;0.76;0.34;0.38
1991;6;18;169;18.9;16.7;13.1;14;11.5;9.3;-0.5;0.3;0.17;3.3;1.9;0;562;181;97;62;96952;3.51;3.68;0.34;0.38
1991;6;19;170;14.1;12.3;8.2;10;9.1;6.9;0.7;-0.5;0.17;3.3;1.9;0;273;76;79;44;97407;1.85;14.27;0.35;0.38
1991;6;20;171;19.5;14.3;6.2;10.2;8.2;5.4;0.4;1.4;0.17;3.3;1.9;0;624;210;107;77;97073;3.57;0.13;0.35;0.38
1991;6;21;172;21.9;16.8;10.8;13.3;10.4;8;0.2;0.2;0.17;3.3;1.9;0;530;207;106;73;97416;3.57;0.69;0.34;0.38
1991;6;22;173;24.9;19.4;12.6;16.1;13.8;10.9;-0.4;0.7;0.17;3.3;1.9;0;709;248;110;76;98001;4.1;0;0.34;0.38
1991;6;23;174;27.1;20.9;13.2;19;16.4;12.5;0.4;-0.4;0.17;3.3;1.9;0;678;233;107;70;97963;3.97;1.51;0.34;0.38
1991;6;24;175;28.4;21.5;14.6;18.2;16.2;14.2;0.9;-0.2;0.17;3.3;1.9;0;697;224;102;67;97632;4.17;0.82;0.33;0.38
1991;6;25;176;24.2;20.2;15;19;17;14.2;0.1;0;0.17;3.4;1.9;0;447;140;78;51;97690;2.31;0.35;0.33;0.38
1991;6;26;177;28.1;22;16.9;20.1;18.5;16.5;0.4;0.3;0.17;3.4;1.9;0;625;195;85;51;97391;3.48;8.54;0.33;0.38
1991;6;27;178;25.6;20;12.5;18.4;16;7.8;0.4;0.1;0.17;3.4;1.9;0;520;166;72;45;96741;4.11;14.38;0.34;0.38
1991;6;28;179;19.7;15.8;11.3;9.7;7.6;5.9;0.7;0.1;0.17;3.4;1.9;0;530;210;117;78;96872;4.02;0.32;0.34;0.38
1991;6;29;180;18.8;14.9;10.4;7.9;6.5;5.4;0.7;-1.6;0.17;3.4;1.9;0;592;209;111;86;97580;3.7;0.13;0.34;0.38
1991;6;30;181;19.5;15.1;9.9;10;7.2;5.7;0.1;-0.9;0.17;3.4;1.9;0;497;197;106;78;98275;3.53;0.13;0.33;0.38
1991;7;1;182;22.9;16.9;8.8;12;9.1;7.3;-0.2;-1.6;0.17;3.4;1.9;0;686;254;121;88;98157;4.45;0;0.33;0.37
1991;7;2;183;23.7;18.8;11.2;14.2;11.7;9.1;-0.3;-2.2;0.17;3.5;1.9;0;675;252;107;79;97605;4.4;0.1;0.33;0.37
1991;7;3;184;25;20.7;16.1;16.1;14.4;12.6;-0.1;-2.2;0.17;3.5;1.9;0;566;180;79;54;97389;3.54;0.05;0.32;0.37
1991;7;4;185;25.8;21.4;18.2;18.9;17;15.1;0.4;-1.8;0.17;3.5;1.9;0;477;158;75;38;97475;3.15;3.05;0.32;0.37
1991;7;5;186;26.8;22.4;18.1;19.8;17.9;16.2;0.3;-2;0.17;3.5;1.9;0;589;193;76;54;97476;3.93;2.72;0.32;0.37
1991;7;6;187;27.1;22.4;17.2;15.8;14.2;12.6;-0.4;-2.1;0.17;3.5;1.9;0;716;261;120;87;97615;4.97;0;0.32;0.37
1991;7;7;188;26.6;22.1;15.5;16.6;14.6;12.5;-0.6;-0.5;0.17;3.5;1.9;0;662;222;102;72;97749;4.07;0;0.31;0.37
1991;7;8;189;28.1;23.6;18.2;18.7;16;14.4;0.2;-0.2;0.17;3.5;1.9;0;595;217;100;67;97599;3.88;0;0.31;0.37
1991;7;9;190;27.5;22.7;17.7;19.5;17.8;16.5;0.9;-0.7;0.17;3.6;1.9;0;528;169;83;55;97691;3.15;1.64;0.31;0.37
1991;7;10;191;26.4;22;17.9;19.2;17.7;16.4;0.9;-0.8;0.17;3.6;1.9;0;470;156;76;49;98008;3.2;4.99;0.31;0.37
1991;7;11;192;29.1;23.7;16.4;20.8;17.6;15.5;0.1;0.5;0.17;3.6;1.9;0;626;232;100;70;97891;4.2;0.02;0.31;0.37
1991;7;12;193;31;25.6;17.2;21.7;18;16.4;0.3;-0.2;0.17;3.6;1.9;0;653;230;99;69;97694;4.21;0;0.3;0.37
1991;7;13;194;30.7;24.2;18.7;20.4;18.7;17.4;0.6;-0.1;0.17;3.6;1.9;0;623;204;92;60;97442;3.89;5.53;0.3;0.37
1991;7;14;195;25.3;20.5;16.5;19.4;17.3;13.4;0.9;-0.5;0.17;3.6;1.9;0;486;156;66;44;96869;3.83;17.39;0.3;0.37
1991;7;15;196;23.8;19.8;15.7;14.8;13.6;12.5;0.8;-2.1;0.17;3.6;1.9;0;587;178;98;62;97140;3.96;0.06;0.31;0.37
1991;7;16;197;25.6;20.3;13.1;16.1;14;11.9;0.4;0.8;0.17;3.6;1.9;0;546;207;101;70;97360;3.82;0;0.31;0.37
1991;7;17;198;26.6;20.9;15.5;17.7;15.7;12;0.3;-0.3;0.17;3.6;1.9;0;540;187;86;57;97222;4;10.68;0.31;0.37
1991;7;18;199;23.8;19.7;16.2;13.4;11.3;8.6;0.7;-1.2;0.17;3.6;1.9;0;655;223;107;69;97238;4.65;0.04;0.31;0.37
1991;7;19;200;27;21.9;16.7;18;15.1;12.2;0.1;1.1;0.17;3.6;1.9;0;589;193;85;50;97203;3.79;0;0.31;0.37
1991;7;20;201;24.9;20.9;17.1;19.2;17.4;15.7;0.2;-0.7;0.17;3.6;1.9;0;423;145;66;49;97324;2.64;3.36;0.31;0.37
1991;7;21;202;24.2;19.8;16;18.6;17.2;15.7;0.1;-0.7;0.17;3.6;1.9;0;421;133;64;38;97479;2.73;26.84;0.31;0.37
1991;7;22;203;22.8;18.7;13.3;16.5;14.5;13.2;-0.1;-0.7;0.17;3.6;1.9;0;509;178;84;63;97682;3.39;0.2;0.33;0.37
1991;7;23;204;24.5;19.7;13.4;15.9;14.5;12.9;-0.1;0.9;0.17;3.6;1.9;0;544;187;95;67;97606;3.47;0;0.32;0.37
1991;7;24;205;27.6;21.5;15.3;20.2;17.2;13.7;0.2;1;0.17;3.6;1.9;0;659;209;101;66;96950;3.67;2.15;0.32;0.37
1991;7;25;206;20.3;18.7;16.9;17.8;15.5;14;-0.3;-0.8;0.17;3.6;1.9;0;233;76;48;30;96868;1.94;5.69;0.32;0.37
1991;7;26;207;20;17;14.8;14.7;11.6;9.1;0.8;-1.5;0.17;3.6;1.9;0;444;118;90;44;96822;2.94;1.45;0.32;0.37
1991;7;27;208;20;16.9;13.1;12.1;10.5;9.1;1.3;-2.8;0.17;3.6;1.9;0;340;139;72;58;96920;3.02;0.76;0.32;0.37
1991;7;28;209;17.8;16.5;15.5;15.4;13.3;10.6;0.6;-4.3;0.17;3.6;1.9;0;119;35;45;16;96742;3.33;37.65;0.33;0.37
1991;7;29;210;23.7;19.4;15.7;15.2;13.9;13;-0.1;-2.4;0.17;3.6;1.9;0;518;156;78;43;96962;3.85;2.69;0.35;0.37
1991;7;30;211;24.8;20.4;15;16.7;14.9;12.6;-0.3;0.3;0.17;3.6;1.9;0;548;200;95;67;97046;3.61;0.07;0.35;0.37
1991;7;31;212;26.8;21.5;15.7;17.3;16.1;14.6;0.6;1.2;0.17;3.6;1.9;0;571;195;85;61;96753;3.75;0.05;0.34;0.37
1991;8;1;213;22.3;19.4;16.4;15.9;14.2;10.6;1.4;-0.3;0.17;3.6;1.9;0;476;156;79;56;96526;3.41;4.95;0.34;0.36
1991;8;2;214;21.7;19.1;16.1;16.3;13.9;10.6;2.7;-1.7;0.17;3.6;1.9;0;334;116;47;35;96780;3.81;7.77;0.35;0.36
1991;8;3;215;23.3;19.7;16.4;17.2;15.3;13.7;1.4;-2.5;0.17;3.6;1.9;0;363;105;62;33;97223;3.35;13.7;0.36;0.36
1991;8;4;216;24.9;21.3;17.7;15.5;14.6;14;1.7;-2.5;0.17;3.6;1.9;0;552;199;86;67;97460;4.2;0.1;0.36;0.36
1991;8;5;217;24.9;21.1;17.4;16.4;15.1;13.7;1.2;-2;0.17;3.6;1.9;0;493;188;85;67;97595;3.9;0.22;0.35;0.36
1991;8;6;218;26.3;21.9;15.4;18.5;15.6;13.8;0.2;-1;0.17;3.6;1.9;0;602;209;96;68;97567;3.97;0.05;0.35;0.36
1991;8;7;219;27.9;22.4;15.2;19.1;17.2;14.4;0.1;0.8;0.17;3.5;1.9;0;662;227;103;75;97480;4.19;0;0.34;0.36
1991;8;8;220;28.4;23;17.2;19.5;17.7;16.1;-0.5;1.5;0.17;3.5;1.9;0;669;229;107;77;97265;4.26;0;0.34;0.36
1991;8;9;221;28.4;23.2;16.5;18.1;16.5;14.5;-0.2;-0.9;0.17;3.5;1.9;0;662;221;112;77;97607;4.16;0.01;0.34;0.36
1991;8;10;222;25.7;21.3;17.9;19.7;18.5;16.8;0.2;-0.5;0.17;3.5;1.9;0;499;156;73;54;97976;2.84;7.03;0.33;0.36
1991;8;11;223;27.3;21.9;15.5;19.8;18;15.4;0.4;0.8;0.17;3.5;1.9;0;556;188;87;56;97810;3.68;0.22;0.34;0.36
1991;8;12;224;27.1;22.6;17.1;21;19.1;16.6;0.8;-0.3;0.17;3.5;1.9;0;563;160;80;57;97313;2.92;1.47;0.33;0.36
1991;8;13;225;24.9;20.6;17.1;18;16.6;15.2;-0.3;-0.2;0.17;3.5;1.9;0;467;151;66;53;97528;2.89;0.83;0.33;0.36
1991;8;14;226;23.2;19.1;15.3;18.2;16.9;15.2;0;-0.5;0.17;3.5;1.9;0;512;145;78;45;97604;2.93;16.73;0.33;0.36
1991;8;15;227;22.7;19.1;15.6;16.6;16;14.7;0.2;-0.8;0.17;3.5;1.9;0;511;170;84;57;97561;3.27;3.09;0.34;0.36
1991;8;16;228;23.4;18.8;12.9;15.6;13.8;12.5;0.3;-0.1;0.17;3.5;1.9;0;534;188;94;72;97640;3.44;0.21;0.34;0.36
1991;8;17;229;25.6;19.9;13;17.9;15.2;12.4;0.4;0.9;0.17;3.5;1.9;0;595;194;99;69;97454;3.43;0.04;0.34;0.36
1991;8;18;230;24;18.7;14.2;18.5;16.4;13.9;0;0.1;0.16;3.4;1.9;0;493;143;81;48;97263;2.68;24.86;0.34;0.36
1991;8;19;231;20;16.9;13;15;12.8;11;0.5;0.8;0.16;3.4;1.9;0;499;137;102;58;97664;2.7;4.37;0.36;0.36
1991;8;20;232;20.2;16.3;9.9;13.7;11.4;9.2;0.1;0.1;0.16;3.4;1.9;0;465;155;98;64;97876;2.64;0.18;0.36;0.36
1991;8;21;233;21;17.5;14.2;15;13.7;12.5;-0.3;0.1;0.16;3.4;1.9;0;501;139;85;53;97696;2.35;0.66;0.35;0.36
1991;8;22;234;21.8;17.8;12.7;15.6;14.2;12.5;-0.6;0.2;0.16;3.4;1.9;0;465;129;82;48;97706;2.32;0.25;0.35;0.36
1991;8;23;235;23.1;19.3;15.4;16.6;15;13.5;-0.9;0.5;0.16;3.3;1.9;0;469;126;62;40;97963;2.31;0.05;0.35;0.36
1991;8;24;236;25;20.6;15.5;17.7;16;14.1;0;0.7;0.16;3.3;1.9;0;530;162;85;55;98026;2.85;0.05;0.35;0.36
1991;8;25;237;23.3;19.3;16.2;18.4;17;15.3;0.1;0.1;0.16;3.3;1.9;0;479;129;79;43;97839;2.2;10.17;0.35;0.36
1991;8;26;238;23;18.8;13.9;16.8;15.2;13.4;-0.1;-0.4;0.16;3.3;1.9;0;545;158;86;57;97716;2.85;2.84;0.35;0.36
1991;8;27;239;20.6;17.3;12.5;15.2;11.8;9.4;0;-1.6;0.16;3.2;1.9;0;502;158;98;66;97941;3.14;0.82;0.35;0.36
1991;8;28;240;21;15.8;9.9;13.1;10.6;8.3;0.3;-0.7;0.16;3.2;1.9;0;504;152;93;68;97979;2.53;0.09;0.35;0.36
1991;8;29;241;19.2;15.2;11.6;12.2;10.9;8.3;0.1;-1.2;0.16;3.2;1.9;0;532;142;95;67;97870;2.37;1.61;0.35;0.36
1991;8;30;242;19.7;14.4;8.7;10.7;8.5;6.6;0.5;-1.4;0.16;3.2;1.9;0;507;172;106;82;98150;2.89;0.09;0.35;0.36
1991;8;31;243;20.8;15.6;9;12.9;9.8;7.2;0.4;-1;0.16;3.1;1.9;0;506;159;97;71;98199;2.6;0;0.34;0.36
1991;9;1;244;21.2;16.2;9.8;11.9;10.4;8.6;-0.5;0.1;0.16;3.1;1.9;0;574;176;114;75;98216;2.81;0;0.34;0.36
1991;9;2;245;21.1;16.6;10.8;13.3;10.8;9.5;-0.1;-0.6;0.16;3.1;1.9;0;562;168;104;72;98410;2.67;0.03;0.34;0.36
1991;9;3;246;22.2;16.8;11;14.1;11.5;8.9;0.6;-0.7;0.16;3.1;1.9;0;511;158;96;69;98621;2.49;0.12;0.34;0.36
1991;9;4;247;23.3;17.7;10.7;13.7;11;9.5;0.7;0.1;0.16;3.1;1.9;0;590;183;112;79;98357;2.91;0;0.33;0.36
1991;9;5;248;24.5;17.8;10.7;14.9;12.3;9.6;1;0.3;0.16;3;1.9;0;600;186;111;79;97824;2.85;0;0.33;0.36
1991;9;6;249;23.6;17.4;12.1;14.1;12.6;10.7;-0.2;0;0.16;3;1.9;0;517;160;98;70;97690;2.5;0.32;0.33;0.36
1991;9;7;250;20.2;15.5;11.5;13.4;9.9;5.2;0.1;-0.8;0.16;3;1.9;0;484;121;101;59;97680;2.23;0.92;0.33;0.36
1991;9;8;251;16.5;13.4;11;9.3;7.7;4.8;-0.4;0.4;0.16;3;1.9;0;435;114;100;51;97973;1.77;0.38;0.33;0.36
1991;9;9;252;19.3;14.6;9;10.7;9.4;7.8;0;1.3;0.15;2.9;1.9;0;553;154;106;73;98026;2.17;0;0.32;0.36
1991;9;10;253;21.5;15.6;9.7;12.3;10;7.5;-0.1;1.4;0.15;2.9;1.9;0;602;190;119;86;97981;2.54;0;0.32;0.36
1991;9;11;254;24.8;17.3;9.3;15.9;12.6;8.4;0.8;0.9;0.15;2.9;1.9;0;586;178;112;78;97442;2.47;0;0.32;0.36
1991;9;12;255;20.2;16;12.2;16.3;14.4;11.6;-0.7;-0.6;0.15;2.9;1.9;0;362;93;62;31;97536;1.88;10.91;0.32;0.36
1991;9;13;256;16.1;14.8;13.9;13.5;12.5;11.6;-0.3;-0.8;0.15;2.9;1.9;0;119;34;26;13;97962;0.99;4.78;0.33;0.36
1991;9;14;257;18.9;16.4;13.8;16.4;14.3;12.5;-0.2;-0.7;0.15;2.8;1.9;0;272;65;37;18;98100;1.19;3.81;0.33;0.36
1991;9;15;258;20.3;16.9;14.1;16.3;15.1;13.8;0;-0.3;0.15;2.8;1.9;0;288;86;63;32;97823;1.49;7.07;0.33;0.36
1991;9;16;259;22.1;16.6;12.4;15.8;14.2;12.1;0.4;-0.7;0.15;2.8;1.9;0;489;135;89;56;97823;2.11;3.41;0.34;0.36
1991;9;17;260;22.4;16.3;10.3;16;13.2;9.6;0.8;-0.2;0.15;2.7;1.9;0;478;122;83;59;97615;1.8;0.42;0.34;0.36
1991;9;18;261;20.2;15.8;11.6;12.9;9.5;7.2;0.6;-1.6;0.15;2.7;1.9;0;485;143;101;72;97679;2.36;0.01;0.34;0.36
1991;9;19;262;20.6;14.9;8.3;12.5;10.1;7.3;0.2;0.7;0.15;2.6;1.9;0;550;163;106;78;97657;2.26;0;0.33;0.36
1991;9;20;263;21.6;16.1;11.8;15.3;12.7;9.4;0.1;0.2;0.15;2.6;1.9;0;549;136;98;56;97347;1.83;5.1;0.33;0.36
1991;9;21;264;18.6;15;11.3;14.2;12.8;11.1;-0.4;0.5;0.15;2.6;1.9;0;265;81;47;31;97681;1.36;0.2;0.34;0.36
1991;9;22;265;23.9;17.9;13.4;16.5;14.4;12.3;0.2;1.2;0.15;2.5;1.9;0;478;144;100;63;97266;1.98;0;0.33;0.36
1991;9;23;266;16.2;14.4;8.5;15.2;12.7;6.4;0.9;-0.3;0.15;2.5;1.9;0;80;24;91;45;97129;0.4;25.49;0.34;0.36
1991;9;24;267;18.2;12.5;6.5;11.3;9.2;5.9;0.8;1;0.15;2.4;1.9;0;359;111;100;63;97704;1.57;0;0.35;0.36
1991;9;25;268;19.5;14;9;11.1;9.7;7.4;-0.3;1.5;0.15;2.4;1.9;0;543;154;114;79;97311;1.99;0;0.35;0.36
1991;9;26;269;22.8;17.3;11;15.1;12.7;9;1.2;3.4;0.15;2.4;1.9;0;487;132;84;62;96567;2.05;0.01;0.35;0.36
1991;9;27;270;21.6;17.7;11.9;15.9;12.8;9.1;0.5;1.9;0.15;2.3;1.9;0;408;113;101;62;96480;1.93;1.5;0.35;0.36
1991;9;28;271;17.7;14.1;10.8;10.7;9.3;6.8;0.2;1.4;0.15;2.3;1.9;0;491;118;98;56;96871;2.02;2.3;0.35;0.36
1991;9;29;272;21.8;17.2;12.2;14.9;12.4;9.2;0.1;2.6;0.15;2.2;1.9;0;487;130;92;67;96656;1.86;0;0.35;0.36
1991;9;30;273;24.6;19.3;15.2;16.7;15.1;12.9;0.3;2.1;0.15;2.2;1.9;0;506;135;100;67;96507;1.95;2.16;0.35;0.36
1991;10;1;274;17.2;15.1;11.6;14.2;12.5;11.2;-0.3;-0.1;0.15;2.2;1.9;0;197;53;50;30;97108;1.09;5.26;0.35;0.35
1991;10;2;275;16.8;12.6;9.5;12.6;7.9;3.4;1.3;-1.2;0.14;2.1;1.9;0;326;90;118;61;97524;1.84;5.96;0.35;0.35
1991;10;3;276;16.7;11.6;7.8;6;3.9;2.2;0.7;-1;0.14;2.1;1.9;0;406;128;114;81;98610;1.73;0;0.35;0.35
1991;10;4;277;15.6;11.3;7.3;7.6;5.1;3.1;-0.3;0;0.14;2;1.9;0;513;145;125;87;98657;1.56;0;0.35;0.35
1991;10;5;278;14.9;10.4;5;6.8;5.5;4.2;-0.2;0.6;0.14;2;1.9;0;524;147;133;90;98079;1.49;0;0.35;0.35
1991;10;6;279;17.2;11.2;5.8;11;7.8;4.3;-0.1;-0.1;0.14;2;1.9;0;511;143;124;83;97538;1.33;0;0.35;0.35
1991;10;7;280;19.1;12.5;5.7;12.6;9.5;5.3;-0.3;-1;0.14;1.9;1.9;0;470;129;112;67;97497;1.34;0;0.35;0.35
1991;10;8;281;14.7;12.5;10.8;13.1;11.3;9.5;-0.4;-1;0.14;1.9;1.9;0;131;31;33;17;97191;0.67;12.51;0.35;0.35
1991;10;9;282;15.8;12.4;8.7;11.1;9.8;7.9;0.1;0.9;0.14;1.8;1.9;0;291;64;66;37;97496;1;0.29;0.36;0.35
1991;10;10;283;17.1;11.6;5.3;11.2;9.1;5.1;-0.1;-0.2;0.14;1.8;1.9;0;413;99;83;51;97943;1.02;0;0.36;0.35
1991;10;11;284;15.4;12.4;9.9;11.5;10.6;9.5;-0.5;1;0.14;1.8;1.9;0;237;51;45;29;97527;0.55;0.36;0.35;0.35
1991;10;12;285;18.7;14.2;9.4;13.8;11.7;8.7;-0.3;1.7;0.14;1.7;1.9;0;366;85;74;42;96738;1.06;1.78;0.35;0.35
1991;10;13;286;19.7;15;11.6;13.6;11;8.6;1.1;2.3;0.14;1.7;1.9;0;423;114;112;71;96621;1.5;0;0.35;0.35
1991;10;14;287;18.7;13.5;8;10.2;8.7;7.5;1;1.6;0.14;1.6;1.9;0;476;125;123;82;96961;1.37;0;0.35;0.35
1991;10;15;288;18.5;14.1;10.4;13;11.3;8.9;0.6;1.6;0.14;1.6;1.9;0;272;72;66;53;97076;0.71;0.35;0.35;0.35
1991;10;16;289;17.9;12.9;9;10.7;9.6;7.7;0.7;0.4;0.14;1.6;1.9;0;403;97;98;59;97328;1.13;0.02;0.35;0.35
1991;10;17;290;18.3;12.2;6.4;9.3;7.3;5.8;1.8;1.4;0.14;1.6;1.9;0;461;116;114;79;96864;1.27;0;0.35;0.35
1991;10;18;291;12.3;9.9;7.1;10.9;8.3;6.1;-0.1;0.4;0.14;1.6;1.9;0;63;16;70;26;96595;0.63;22.37;0.36;0.35
1991;10;19;292;8.2;7;6.1;6.3;5.3;4.5;0.6;-0.7;0.14;1.5;1.9;0;84;22;45;24;96917;0.86;13.83;0.37;0.35
1991;10;20;293;9.2;6.5;3.1;4.3;1.1;-1.3;0.4;-1.5;0.13;1.5;1.9;0;191;43;72;44;97047;1.02;1.45;0.38;0.35
1991;10;21;294;8.6;5;1;0.3;-2;-3.8;-0.6;-2.5;0.13;1.5;1.9;0;378;85;100;63;97529;0.86;0.01;0.38;0.35
1991;10;22;295;8.2;4.9;0.8;-0.3;-2.1;-3.5;0.7;-2;0.13;1.5;1.9;0;255;64;93;58;97904;0.77;0.04;0.38;0.35
1991;10;23;296;9.5;4.4;-1.2;1.9;-1.2;-3.7;0.9;-0.1;0.13;1.5;1.9;0;269;75;77;56;98089;0.65;0.05;0.38;0.35
1991;10;24;297;9.7;6.4;3.7;2.7;1.3;-0.9;0.2;-0.1;0.13;1.5;1.9;0;320;68;78;40;98030;0.69;0.3;0.38;0.35
1991;10;25;298;8;4.6;0.7;4.2;0.1;-4.1;-0.7;-0.9;0.13;1.5;1.9;0;158;41;74;41;98092;0.87;1.96;0.38;0.35
1991;10;26;299;4.2;1.7;-1.6;-2.5;-3.7;-4.7;-0.9;0.2;0.13;1.4;1.9;0;319;64;71;51;98363;0.5;0;0.38;0.36
1991;10;27;300;3.4;1.4;-0.9;-3.2;-4.6;-5.7;-1;1.1;0.13;1.4;1.9;0;236;66;82;55;98348;0.52;0;0.37;0.36
1991;10;28;301;3.7;0.7;-1.9;-2.2;-3.5;-4.6;-0.9;-0.1;0.13;1.4;1.9;0;326;79;82;60;98252;0.45;0;0.37;0.36
1991;10;29;302;4.6;1;-1.4;-2.1;-3;-3.8;-0.6;-0.6;0.13;1.4;1.9;0;377;98;121;80;98498;0.5;0;0.37;0.36
1991;10;30;303;2.7;0.1;-2.2;-1.4;-2.9;-4;-0.6;-0.4;0.13;1.4;1.9;0;237;59;84;48;98369;0.32;0.03;0.37;0.36
1991;10;31;304;2.8;0;-2.8;-1.9;-2.9;-4.1;-0.3;-0.9;0.13;1.4;1.9;0.02;263;60;63;42;98526;0.31;0.09;0.37;0.36
1991;11;1;305;5;1.3;-1.4;-1;-2.1;-3.4;-0.3;0.8;0.13;1.4;1.9;0.13;313;74;107;60;98836;0.41;0;0.37;0.36
1991;11;2;306;6.5;1.8;-1.8;0.5;-1.4;-3.4;-0.4;0.9;0.12;1.4;1.9;0.1;388;94;107;65;98209;0.41;0;0.37;0.36
1991;11;3;307;11.4;5.7;1;5.1;1.9;-1.1;0.2;1.3;0.12;1.3;1.9;0.02;376;93;112;68;97289;0.49;0;0.37;0.36
1991;11;4;308;13.8;9.6;4.8;10.9;7.8;3.8;0.3;1.5;0.12;1.3;1.9;0;197;32;64;19;96031;0.63;13.67;0.37;0.36
1991;11;5;309;10.3;6.3;3.8;4.6;3.1;1.6;1.3;0.1;0.12;1.3;1.9;0;281;60;83;42;96406;0.83;4.24;0.38;0.36
1991;11;6;310;9;4.9;1.5;3.4;1.8;-1.1;0.7;-0.4;0.12;1.3;1.9;0;238;51;73;50;97556;0.5;0.58;0.38;0.36
1991;11;7;311;8;2.6;-3.5;0.1;-1.7;-5;0.9;0.5;0.12;1.3;1.9;0;367;85;111;70;98180;0.62;0;0.38;0.36
1991;11;8;312;12.4;5.4;1;3.5;1;-1.3;0.5;0.8;0.12;1.3;1.9;0;370;79;112;60;97733;0.57;0;0.38;0.36
1991;11;9;313;11.3;5.6;0.4;4.9;2.7;-0.3;0.1;-0.3;0.12;1.3;1.9;0;359;85;114;57;97044;0.52;5.1;0.38;0.36
1991;11;10;314;8;4.2;-1.2;4;-0.6;-3.9;1;-1.2;0.12;1.2;1.9;0;284;59;111;62;97841;0.7;0.39;0.38;0.36
1991;11;11;315;7.8;2.2;-2.3;-0.8;-2.5;-4.5;0.7;1.4;0.12;1.2;1.9;0;366;85;118;80;98219;0.47;0;0.38;0.36
1991;11;12;316;10.1;3.4;-1.4;2.4;-0.3;-3;0.8;1;0.12;1.2;1.9;0;360;80;108;75;97788;0.43;0;0.38;0.36
1991;11;13;317;11.8;7.4;0.1;6.3;4;-1.1;1.6;3.5;0.11;1.2;1.9;0;277;55;67;50;97016;0.43;0;0.38;0.36
1991;11;14;318;11.2;8.8;4.5;9.7;6.6;2.3;0;2.2;0.11;1.2;1.9;0;176;30;88;42;96390;0.81;6.29;0.38;0.36
1991;11;15;319;10.3;6.3;1;4.5;3;0.1;0.5;1.9;0.11;1.2;1.9;0;274;58;90;53;96659;0.5;0.04;0.38;0.36
1991;11;16;320;7.3;6.2;5.2;6.7;5.4;4.1;-0.4;-1.3;0.11;1.2;1.9;0;49;9;30;9;96030;0.3;31.46;0.39;0.36
1991;11;17;321;7.4;5.4;2.8;4.4;0;-3.1;1.7;-1.6;0.11;1.2;1.9;0;153;30;67;30;96003;0.77;0.45;0.41;0.36
1991;11;18;322;7.3;2.7;-1.8;-0.4;-2.4;-4.6;0.9;0.5;0.11;1.2;1.9;0;340;78;123;83;96979;0.44;0;0.4;0.36
1991;11;19;323;8.3;3.9;-0.8;4.2;1.1;-3.4;0.5;0.8;0.11;1.2;1.9;0;192;46;63;41;96761;0.21;2.33;0.4;0.36
1991;11;20;324;6.4;5.3;4.4;6.1;4.9;3.8;-0.2;-0.7;0.11;1.2;1.9;0;53;11;20;6;96643;0.11;11.13;0.4;0.36
1991;11;21;325;6.9;4.8;3.6;4.9;3.5;2;0.1;-1.6;0.11;1.2;1.9;0;145;21;38;16;97068;0.8;10.62;0.41;0.36
1991;11;22;326;5.2;3.7;2.5;2.7;2.2;1.9;0.4;-0.3;0.11;1.2;1.9;0.21;70;14;33;14;97416;0.42;17.73;0.42;0.37
1991;11;23;327;4.3;3.2;2.3;2.4;2;1.7;-0.4;0.5;0.11;1.2;1.9;0.25;94;20;24;16;97963;0.39;1.28;0.42;0.37
1991;11;24;328;5;3.6;2.1;4.2;2.5;1.1;-0.7;-1.9;0.11;1.2;1.9;0.25;92;13;26;9;97609;0.57;9.42;0.42;0.37
1991;11;25;329;8;6.3;5;6.4;5.3;4.2;0.5;-0.7;0.11;1.2;1.9;0.14;68;13;26;7;97372;0.2;2.05;0.42;0.37
1991;11;26;330;8.5;6;3.3;4.9;4.3;2.9;0.2;0;0.11;1.2;1.9;0.1;154;32;41;25;98147;0.22;0.02;0.42;0.38
1991;11;27;331;8.7;5.3;0.6;4.6;3.6;0.5;0.6;0.5;0.11;1.2;1.9;0.04;207;48;83;48;98645;0.25;0;0.41;0.38
1991;11;28;332;7.3;2.6;-1.5;2.9;0.6;-2.5;0.1;-0.1;0.11;1.2;1.9;0;253;56;101;62;98506;0.26;0;0.41;0.38
1991;11;29;333;5.1;1.9;0.1;2.4;0.8;-0.9;-0.2;0.1;0.11;1.2;1.9;0;232;49;72;44;98530;0.16;0.01;0.4;0.38
1991;11;30;334;3.1;1.2;0.2;0.8;-0.3;-1.2;-0.4;0;0.11;1.2;1.9;0.09;230;47;80;38;98435;0.23;0.24;0.4;0.38
1991;12;1;335;2.6;1.3;0.4;-0.4;-0.9;-1.2;0;-0.9;0.11;1.2;1.9;0.21;96;23;33;22;98632;0.15;0.24;0.4;0.38
1991;12;2;336;4.1;1.3;-1.5;-0.1;-1.1;-2.1;0.3;0.5;0.11;1.2;1.9;0.2;179;39;77;44;98739;0.21;0;0.4;0.38
1991;12;3;337;4.1;0.7;-1.6;-0.9;-1.7;-2.6;0.2;0.2;0.11;1.2;1.9;0.17;267;58;109;70;98584;0.18;0.01;0.39;0.39
1991;12;4;338;2.6;-0.3;-2;-0.5;-1.9;-3.2;0;0.4;0.11;1.2;1.9;0.16;236;50;78;60;98164;0.06;0;0.39;0.39
1991;12;5;339;5.6;0.4;-3.6;-2.9;-4.4;-6.3;1.5;-1.3;0.11;1.2;1.9;0.14;250;49;85;68;97742;0.09;0;0.39;0.39
1991;12;6;340;2;-0.2;-2;-5.8;-7;-8;0.3;-2.9;0.11;1.2;1.9;0.21;258;52;96;82;98320;0.27;0.4;0.39;0.39
1991;12;7;341;1.9;-0.3;-1.9;-3.3;-5.7;-8.7;0.6;-1.1;0.12;1.2;1.9;0.97;173;40;73;49;98431;0.1;2.95;0.39;0.39
1991;12;8;342;-1;-3;-5.7;-3.1;-7.6;-13.2;-1.6;-0.4;0.18;1.2;1.9;4.85;151;28;70;40;98493;0.19;2.83;0.38;0.39
1991;12;9;343;-2.7;-6.1;-10.2;-13;-15.6;-17.5;-0.8;-1;0.19;1.2;1.9;5.75;261;56;122;89;98969;0.13;0;0.38;0.39
1991;12;10;344;-2.8;-8;-12.7;-15.1;-17;-19.5;0.6;-0.8;0.19;1.2;1.9;5.61;263;56;119;76;99594;0.1;0;0.38;0.39
1991;12;11;345;-0.2;-3.8;-7.4;-5.8;-9.5;-15;0.7;-0.2;0.19;1.2;1.9;5.52;135;28;84;39;99722;0.07;0;0.38;0.39
1991;12;12;346;0.1;-5.1;-9.9;-6.2;-8.8;-12;0.4;-0.2;0.18;1.2;1.9;5.37;257;54;110;72;99565;0.09;0;0.38;0.39
1991;12;13;347;2.7;-4;-8;-6.3;-9.7;-12.9;1;0.2;0.18;1.2;1.9;5.1;255;55;116;72;99428;0.08;0;0.38;0.39
1991;12;14;348;4.4;-3.3;-7.9;-6.3;-10.2;-14.5;1.2;-0.3;0.17;1.2;1.9;4.74;255;54;114;71;98956;0.07;0;0.38;0.39
1991;12;15;349;3.7;-2.9;-7;-7.5;-9.9;-13.1;0.7;0.1;0.17;1.2;1.9;4.4;256;55;118;72;98788;0.06;0;0.38;0.39
1991;12;16;350;1.8;-3.8;-7.7;-5.6;-8.4;-12.1;0.5;0.1;0.16;1.2;1.9;4.11;258;55;112;68;98543;0.04;0;0.38;0.39
1991;12;17;351;0;-3.9;-6;-5;-7.1;-9.7;0.1;0.4;0.16;1.2;1.9;3.91;196;43;94;52;98421;0.04;0;0.38;0.39
1991;12;18;352;2.8;-1.9;-5.6;-1;-4.4;-7.3;1.4;0.7;0.16;1.2;1.9;3.88;104;19;71;31;97190;0.12;1.08;0.38;0.39
1991;12;19;353;3.7;-1.4;-6.4;-1.6;-4.4;-8.8;1.1;0.7;0.16;1.2;1.9;4.22;217;40;73;48;97148;0.17;2;0.38;0.39
1991;12;20;354;1.1;-0.8;-2.5;0.1;-2.8;-4.8;1.2;0.1;0.19;1.1;1.9;5.89;51;12;44;24;96022;0.04;4.34;0.38;0.39
1991;12;21;355;3.8;-1;-4.8;-3.1;-5.3;-6.9;1.2;0.4;0.19;1.1;1.9;6.18;239;51;116;58;96480;0.24;0.78;0.38;0.39
1991;12;22;356;4.2;1;-1;3;-0.5;-4;0.6;0.4;0.22;1.1;1.9;7.95;85;16;28;9;96384;0.02;9.56;0.38;0.39
1991;12;23;357;5.4;1;-1.8;3.6;0.4;-2.6;0.2;1;0.25;1.1;1.9;9.38;155;31;82;33;97649;-0.1;3.37;0.39;0.39
1991;12;24;358;6.4;-0.1;-3.3;2.5;-3.3;-6.7;1.4;-0.6;0.22;1.1;1.9;7.73;163;37;103;50;97934;0.26;0.55;0.39;0.39
1991;12;25;359;3.9;-0.9;-3.1;-4.2;-6.1;-7.4;1.3;-1.4;0.2;1.1;1.9;6.82;214;45;94;62;98826;0.19;0.04;0.39;0.39
1991;12;26;360;1.6;-1.3;-3.7;-5.7;-7.1;-8.6;0.9;0.9;0.2;1.1;1.9;6.5;187;38;76;50;98384;0.15;0.06;0.39;0.39
1991;12;27;361;2.4;0.1;-3.1;0.1;-3.4;-6.6;1.8;-0.6;0.2;1.1;1.9;6.37;113;19;53;33;96902;0.36;1.65;0.39;0.39
1991;12;28;362;2.8;1.2;-1.4;-4.1;-5.8;-6.4;0.6;-3.8;0.19;1.1;1.9;6.22;178;36;86;61;98288;0.46;0.1;0.39;0.39
1991;12;29;363;3.1;-0.8;-3.1;-4.1;-6.2;-7.5;0.9;0;0.19;1.1;1.9;5.89;235;50;106;63;99163;0.09;0;0.38;0.39
1991;12;30;364;4.8;-0.6;-3.2;-2.3;-5.5;-8.1;1.1;-0.3;0.18;1.1;1.9;5.42;221;47;97;56;99115;0.07;0;0.38;0.39
1991;12;31;365;4;-0.1;-2.8;-4.5;-5.2;-6.2;0.6;-0.9;0.17;1.1;1.9;4.97;199;42;90;56;98988;0.08;0;0.38;0.39
1992;1;1;1;3.8;-1.1;-3.8;-3.8;-5.3;-7.4;1;0.8;0.17;1.1;1.9;4.6;247;53;107;66;99073;0.08;0;0.38;0.39
1992;1;2;2;6.6;0.1;-3.1;-0.1;-5.5;-9.4;1.5;-0.3;0.16;1.1;1.9;4.1;252;54;106;58;98895;0.02;0;0.38;0.39
1992;1;3;3;7.3;0.3;-3.4;1.2;-3.5;-6.4;1.1;-0.2;0.15;1.1;1.9;3.5;263;57;116;68;98761;0.04;0;0.38;0.39
1992;1;4;4;5.1;-1;-4.3;-2.3;-4.9;-6.6;1.3;0.2;0.14;1;1.9;3.04;255;55;108;70;98498;0.06;0;0.38;0.39
1992;1;5;5;5.9;0.4;-3.6;-1.6;-3.8;-6.2;1.5;0.3;0.14;1;1.9;2.7;239;43;81;38;98538;0.05;0;0.38;0.39
1992;1;6;6;6.4;1.4;-0.9;1.8;-1.4;-3.6;1.6;0.1;0.13;1;1.9;2.32;148;33;61;34;98522;0.01;0;0.38;0.39
1992;1;7;7;9;1.6;-2.1;2.6;-1;-3.3;1.2;0.5;0.13;1;1.9;1.9;265;58;106;58;98224;0.02;0;0.38;0.39
1992;1;8;8;6.2;0.2;-2.4;0.4;-2.3;-3.9;1.6;0.7;0.12;1;1.9;1.56;226;51;107;67;97846;0.01;0;0.38;0.39
1992;1;9;9;7.8;2.6;-1.7;2.5;0.2;-2.9;2;1.5;0.12;1;1.9;1.27;272;55;96;58;97149;0.03;0;0.38;0.39
1992;1;10;10;5.8;3.1;0.3;3.6;2;-0.6;0.4;-0.4;0.11;1;1.9;0.89;166;34;64;29;97485;0.07;3.16;0.38;0.39
1992;1;11;11;3.9;2.2;-0.1;3.4;2;-0.2;-0.1;-0.1;0.11;1;1.9;0.67;47;11;23;3;98473;0;0.12;0.38;0.39
1992;1;12;12;5.3;0.6;-2.1;1.5;-0.9;-2.7;0.8;0;0.11;1;1.9;0.6;278;58;114;51;98374;0.25;0.05;0.38;0.39
1992;1;13;13;3.6;0.7;-1.4;-0.1;-1.5;-3;-0.4;0.2;0.11;1;1.9;0.52;217;43;70;34;98803;0.06;0.11;0.38;0.39
1992;1;14;14;4.9;1.2;-0.9;0.5;-1.2;-1.9;0.5;0.7;0.11;1;1.9;0.56;245;53;95;38;98521;0.12;0.02;0.38;0.39
1992;1;15;15;8.2;2.2;-1.9;3;-1.1;-2.7;1.1;0.2;0.11;1;1.9;0.45;207;50;86;45;98330;0.16;0;0.38;0.39
1992;1;16;16;6.5;0.9;-2.9;2.2;-1.5;-3.8;0.7;0;0.1;1;1.9;0.37;293;66;108;70;98112;0.09;0;0.38;0.39
1992;1;17;17;6.5;0.5;-3.2;-2.4;-4.4;-5.8;1.4;-0.2;0.1;1;1.9;0.29;252;58;97;64;98002;0.09;0;0.38;0.39
1992;1;18;18;4.1;0.2;-2.4;-2;-3.7;-5.1;1;0.3;0.1;1;1.9;0.24;218;46;82;53;98345;0.03;0;0.37;0.39
1992;1;19;19;4.8;0.9;-1.9;-0.4;-3.6;-5.9;1.3;0;0.1;0.9;1.9;0.24;168;40;64;41;97565;0.03;0.83;0.37;0.39
1992;1;20;20;2.9;-1.2;-5.2;1.3;-3.8;-12.6;-1;-1.4;0.11;0.9;1.9;0.73;169;33;72;31;97635;0.45;3.09;0.37;0.39
1992;1;21;21;-4.5;-5.2;-6.3;-8.3;-11.8;-14.9;-1.8;-2.5;0.14;0.9;1.9;2.66;159;35;99;49;98663;0.05;5.15;0.37;0.39
1992;1;22;22;-3.6;-4.6;-5.5;-5.9;-6.9;-8.2;-0.8;-1.2;0.27;0.9;1.9;10.08;62;15;30;16;99166;0.08;6.22;0.37;0.39
1992;1;23;23;-0.3;-3.3;-6.6;-3.7;-5.8;-8.7;0.2;0.4;0.31;0.9;1.9;12.55;228;48;90;34;99305;0.18;0;0.37;0.39
1992;1;24;24;1.3;-1.2;-2.7;-0.9;-3;-4.6;0;0.4;0.29;0.9;1.9;11.9;193;44;70;29;99286;0.11;0.08;0.37;0.39
1992;1;25;25;3;-1.7;-6;-1.1;-3.3;-6.5;0.4;0.4;0.28;0.9;1.9;11.03;259;53;102;44;99221;0.11;0.17;0.37;0.39
1992;1;26;26;1.3;-3.6;-8.2;-1.5;-5.2;-9.5;0.3;0.2;0.26;0.9;1.9;10.1;231;54;91;42;99002;0.11;0.03;0.37;0.39
1992;1;27;27;1.2;-1.9;-4.8;-2.6;-4.3;-6.4;0;-0.4;0.25;0.9;1.9;9.58;151;32;50;28;99248;0.12;0.14;0.37;0.39
1992;1;28;28;0.8;-2.3;-6.6;-3.1;-4.9;-8.4;0.1;-0.3;0.24;0.9;1.9;9.34;164;37;61;34;99408;0.13;0.09;0.37;0.39
1992;1;29;29;6.7;-0.2;-6.2;1.1;-3.2;-8.2;0.9;0.1;0.23;0.9;1.9;8.51;276;54;93;36;98992;0.15;0.69;0.37;0.39
1992;1;30;30;7.4;1.4;-4;-0.1;-2.7;-5.7;0.3;-1.3;0.2;0.9;1.9;6.75;309;70;107;60;98618;0.14;0;0.37;0.39
1992;1;31;31;7.4;3.6;-0.3;2.8;-0.1;-2.1;0.5;-1.2;0.18;0.9;1.9;5.21;168;37;40;24;98540;0.03;0.04;0.37;0.39
1992;2;1;32;4.9;2;-1.3;-0.2;-1.2;-2.5;-0.9;-0.9;0.16;0.9;1.9;4.25;211;43;64;31;98663;0.18;0;0.37;0.39
1992;2;2;33;6.2;1;-2.5;1.5;-1.7;-3.7;0.7;0.6;0.15;0.9;1.9;3.61;265;64;86;56;98302;0.11;0;0.37;0.39
1992;2;3;34;6.7;1;-3.3;-0.3;-2.2;-4.8;1.2;0.2;0.14;0.9;1.9;2.94;295;62;95;52;97448;0.08;0;0.37;0.39
1992;2;4;35;6.4;1;-3.6;-3;-4.8;-6.4;1.7;-0.3;0.14;0.9;1.9;2.47;363;79;120;62;96883;0.15;0.15;0.37;0.39
1992;2;5;36;6.2;1.2;-2.3;0.3;-3;-5.6;1.3;0.1;0.14;0.9;1.9;2.35;298;55;89;42;97050;0.16;4.49;0.37;0.39
1992;2;6;37;9.4;3.6;-2;3.2;-0.7;-2.7;1.5;-0.4;0.14;0.8;1.9;2.43;282;56;80;44;97796;0.35;0.58;0.38;0.39
1992;2;7;38;11.5;4.6;-0.5;2.5;-0.2;-2.6;1.4;-0.8;0.13;0.8;1.9;1.69;312;79;102;59;98466;0.44;0.39;0.38;0.39
1992;2;8;39;10;2.9;-2;4.6;-0.1;-2.9;0.7;0.2;0.12;0.8;1.9;1.15;367;89;111;66;98632;0.26;0;0.38;0.39
1992;2;9;40;9.5;2.4;-2.2;2.4;-0.9;-3.8;0.2;0.3;0.11;0.8;1.9;0.8;407;96;125;76;98065;0.18;0;0.37;0.39
1992;2;10;41;8.6;2.4;-1.9;2.6;-0.3;-3.2;1.6;0.7;0.11;0.8;1.9;0.56;300;67;83;48;97705;0.16;1.2;0.37;0.39
1992;2;11;42;8.1;2;-3.6;0.8;-1.7;-4.4;1.3;1.2;0.11;0.8;1.9;0.43;393;83;103;57;97826;0.4;0;0.37;0.39
1992;2;12;43;9.6;4;0.2;2.3;0.1;-1.6;0.9;0.7;0.11;0.8;1.9;0.31;289;72;77;45;97487;0.29;0;0.37;0.39
1992;2;13;44;12.2;5.1;-1.1;4.5;1.8;-2;1.7;1.6;0.11;0.8;1.9;0.19;421;104;115;72;96990;0.38;0;0.37;0.39
1992;2;14;45;8.7;4.6;1;5.2;2.1;-1.1;1.1;0.1;0.1;0.8;1.9;0.13;157;35;66;32;97566;0.15;1.02;0.37;0.39
1992;2;15;46;10.2;3.7;-1.8;2.5;0.2;-2.5;0.9;1.2;0.1;0.8;1.9;0.06;421;100;117;61;97878;0.44;0;0.37;0.39
1992;2;16;47;7.2;3.8;1.4;5;2.1;-0.1;0.2;0.2;0.1;0.8;1.9;0;131;36;48;24;97136;0.2;5.44;0.37;0.39
1992;2;17;48;5;1.6;-1.4;0.9;-3.9;-8.5;0.8;-1.6;0.11;0.8;1.9;0.53;351;87;102;63;96953;0.7;1.56;0.38;0.39
1992;2;18;49;0.7;-1.5;-3.3;-9;-11.7;-13.3;0.9;-3.3;0.12;0.8;1.9;0.79;381;101;100;94;98007;0.52;0.33;0.37;0.39
1992;2;19;50;1.8;-1.9;-3.9;-8.8;-11.3;-13.3;1.3;-1.9;0.12;0.8;1.9;0.88;400;102;109;89;98573;0.18;0;0.37;0.39
1992;2;20;51;3.4;-1.3;-4.5;-6.7;-8.9;-11;1;-1;0.12;0.8;1.9;0.85;425;96;114;74;98278;0.11;0.07;0.37;0.39
1992;2;21;52;4.7;0.7;-3.3;-3.4;-6.8;-9.6;1.7;-1.4;0.12;0.8;1.9;0.89;348;86;93;58;98136;0.16;0.73;0.37;0.39
1992;2;22;53;4.9;1.1;-1.2;0.1;-1.5;-2.8;-0.4;0.4;0.13;0.9;1.9;1.74;263;54;57;30;98624;0.3;1.19;0.37;0.39
1992;2;23;54;8.4;2.5;-2.7;-1.4;-2.5;-4.1;1.3;0.9;0.13;0.9;1.9;1.5;341;77;72;52;98384;0.42;0;0.37;0.39
1992;2;24;55;11.4;5.3;0.1;0.6;-2.3;-3.6;0.7;-0.5;0.13;0.9;1.9;1.05;467;120;136;78;98566;0.65;0;0.37;0.39
1992;2;25;56;10.5;4.1;-0.5;-0.5;-2.2;-3.7;-0.6;1;0.12;0.9;1.9;0.69;472;123;122;79;98413;0.49;0;0.37;0.38
1992;2;26;57;11.3;4.1;-0.3;2.3;-1;-3.4;-0.5;-0.5;0.12;0.9;1.9;0.44;466;124;119;78;98516;0.49;0;0.37;0.38
1992;2;27;58;12.9;4.7;-2.2;2.8;-0.2;-3.3;0;-0.1;0.12;0.9;1.9;0.24;484;130;127;82;98859;0.59;0;0.37;0.38
1992;2;28;59;12.4;5.6;-2.1;5.2;1.2;-3.1;0.2;-0.3;0.12;0.9;1.9;0.14;489;132;126;80;98926;0.61;0;0.37;0.38
1992;2;29;60;14.2;6.1;-2;3.7;0.7;-3.1;0.4;0.2;0.12;0.9;1.9;0.05;494;134;130;81;98896;0.74;0;0.36;0.38
1992;3;1;61;14.4;6;-1.9;3.9;1.2;-2.6;0.2;0.6;0.12;0.9;1.9;0;506;138;134;86;98546;0.77;0;0.36;0.38
1992;3;2;62;15.1;6.4;-1.8;2;0;-3.4;1.5;0.8;0.12;0.9;1.9;0;511;141;135;86;98186;0.91;0.26;0.36;0.38
1992;3;3;63;12.6;6.6;0;1;-1.6;-3.1;1.7;0.5;0.12;1;1.9;0;512;141;134;84;98637;1.09;0.12;0.36;0.38
1992;3;4;64;16.5;8.4;0.9;3.4;0.5;-1.9;1;-0.3;0.12;1;1.9;0;514;140;139;80;98625;0.94;0;0.36;0.38
1992;3;5;65;13.2;7.5;1.5;4.6;2.4;-0.4;-0.3;0.5;0.12;1;1.9;0;512;143;127;82;98710;0.82;0;0.36;0.38
1992;3;6;66;13.3;7.7;-0.8;5.7;2.8;-1.4;-0.2;-0.3;0.12;1;1.9;0;508;127;114;62;98320;0.77;0.09;0.36;0.38
1992;3;7;67;9.1;4.8;-0.2;5.3;2.7;-0.7;-0.5;-0.8;0.12;1;1.9;0;347;91;79;44;98771;1.2;4.42;0.36;0.38
1992;3;8;68;8;3.7;-0.2;1.7;-2;-4.2;-1.1;-0.3;0.12;1;1.9;0;539;142;141;82;99154;0.91;0;0.36;0.38
1992;3;9;69;9.4;4.2;-2.1;-0.1;-2.7;-4.5;-0.3;0;0.12;1;1.9;0;549;156;138;95;99368;0.83;0;0.36;0.38
1992;3;10;70;8.1;3.6;-0.7;-1.5;-2.7;-3.5;-0.4;1.2;0.12;1;1.9;0;548;156;131;93;99222;0.77;0;0.35;0.38
1992;3;11;71;9.3;3;-1.6;1.5;-1.9;-3.9;0.3;0.6;0.12;1;1.9;0;523;135;118;76;98189;0.8;1.11;0.35;0.38
1992;3;12;72;11.1;4.8;-0.9;2.2;-2.2;-4.9;1.5;1.5;0.12;1;1.9;0;472;116;115;62;97672;0.93;0.09;0.35;0.38
1992;3;13;73;10.1;6.1;1.2;2.9;0.1;-4.9;2.4;2.1;0.13;1;1.9;0;261;70;72;50;96322;0.53;0;0.35;0.38
1992;3;14;74;8.8;6.4;2.9;5.7;1.5;-1.7;0.8;0.3;0.13;1.1;1.9;0;283;76;78;53;96310;0.98;2.83;0.35;0.38
1992;3;15;75;10.9;4.9;0.6;2.4;0.7;-1.2;0.2;0.2;0.13;1.1;1.9;0.07;484;121;103;59;96729;1.24;1.79;0.35;0.38
1992;3;16;76;7.9;3.2;-2.3;-0.2;-4.6;-7.9;1.3;-1.8;0.13;1.1;1.9;0.05;500;130;98;77;97772;1.12;0.52;0.35;0.38
1992;3;17;77;6.7;2.8;-0.6;-2.2;-5.5;-7.1;-0.5;-1;0.13;1.1;1.9;0.12;397;117;100;71;98649;0.81;0.2;0.35;0.38
1992;3;18;78;7.1;2.6;-2;-1.5;-3.8;-6.2;-0.2;-0.6;0.13;1.1;1.9;0.1;374;109;91;56;98360;0.64;0.21;0.35;0.38
1992;3;19;79;11.7;5;-2.3;0;-3;-5.4;0.4;-1.2;0.13;1.1;1.9;0.04;605;179;144;96;97812;1.23;0;0.35;0.38
1992;3;20;80;10.7;5.7;-0.2;6.4;2.4;-2.6;0.4;0;0.13;1.2;1.9;0;273;88;60;34;97767;0.76;5.83;0.35;0.38
1992;3;21;81;12.6;7.4;3.5;6.5;5.1;3.3;-0.1;0.7;0.13;1.2;1.9;0;339;90;74;38;97409;0.88;4.89;0.35;0.38
1992;3;22;82;8.9;5.6;2;4.8;1.2;-1;0.5;2.1;0.13;1.2;1.9;0;541;119;102;50;97117;1.35;2.93;0.36;0.38
1992;3;23;83;9.2;5.4;-0.5;6.5;3.3;-1.5;-0.6;0.6;0.13;1.2;1.9;0;325;79;68;38;95818;0.92;4.24;0.36;0.38
1992;3;24;84;13.6;10;7.2;9.3;7.8;6.3;-0.7;3.1;0.13;1.2;1.9;0;450;96;74;29;95257;1.61;8.87;0.36;0.38
1992;3;25;85;13.3;8.8;5.5;8.2;2.5;-1.8;1.7;1.8;0.13;1.2;1.9;0;582;142;129;57;95972;1.59;3.9;0.37;0.38
1992;3;26;86;4.8;2.4;1.2;2.7;1.3;0.3;-0.4;-0.6;0.17;1.3;1.9;2.73;85;22;55;17;95460;0.45;23.29;0.37;0.38
1992;3;27;87;11.6;5.5;1;1.9;0.1;-1.6;1.4;0.9;0.21;1.3;1.9;5.19;439;128;96;53;94978;1.25;0.5;0.38;0.38
1992;3;28;88;5.5;2.7;-0.7;2.5;-0.5;-3.9;0.9;-0.3;0.18;1.3;1.9;3.14;221;61;54;36;95640;0.85;3.93;0.38;0.38
1992;3;29;89;6.9;2.6;-3.3;-3.2;-5.2;-7.5;1.5;-0.6;0.17;1.3;1.9;2.26;581;170;123;83;96023;1.44;0.61;0.39;0.38
1992;3;30;90;11.3;5.5;-0.8;1.5;-1.5;-6.4;0.3;1.8;0.16;1.3;1.9;1.43;538;153;105;68;96154;1.17;0.32;0.39;0.38
1992;3;31;91;13.8;8.3;1.9;4.3;2.6;0.8;0.9;3.3;0.15;1.4;1.9;0.65;435;149;102;66;95618;1.3;0.08;0.39;0.38
1992;4;1;92;13.4;8.8;5.1;6.4;2.3;-0.9;0;2.8;0.14;1.4;1.9;0.19;562;144;130;68;95242;1.89;3.41;0.39;0.38
1992;4;2;93;13.6;7.4;2;4.2;1.7;0.3;1.7;0.8;0.14;1.4;1.9;0.06;583;179;126;83;95678;1.57;0.6;0.38;0.38
1992;4;3;94;15.6;8.4;-0.5;5.9;2.7;-1.4;1.6;1.8;0.14;1.4;1.9;0;615;180;127;81;96369;1.62;0;0.38;0.38
1992;4;4;95;17.2;12.4;7.9;7.5;6.7;6;1.5;2;0.14;1.4;1.9;0;349;103;94;48;96411;1.27;0.29;0.38;0.38
1992;4;5;96;16.1;10.5;6.2;9.3;7.4;5.2;0.1;1.1;0.14;1.4;1.9;0;398;100;80;59;96283;1.11;2.24;0.38;0.38
1992;4;6;97;9;6.7;5.2;4.9;2.2;0;-0.5;-1.1;0.14;1.5;1.9;0;301;87;51;37;96526;1.37;2.67;0.38;0.38
1992;4;7;98;12;7.5;3.5;0.7;-0.5;-1.7;-0.6;-0.9;0.14;1.5;1.9;0;623;168;114;70;96233;1.56;0;0.38;0.38
1992;4;8;99;11.1;6.7;2;2.6;0;-2;-1;-1.1;0.14;1.5;1.9;0;411;129;84;61;96584;1.25;0.19;0.38;0.38
1992;4;9;100;11.1;7.2;3.4;2.3;0.3;-2.3;-1.1;-1.8;0.15;1.5;1.9;0;464;154;99;67;97688;1.59;0.13;0.38;0.38
1992;4;10;101;10.9;6.4;1.3;1;-0.9;-2.6;-1.5;-2.4;0.15;1.5;1.9;0;499;172;104;83;97661;1.53;0.01;0.37;0.38
1992;4;11;102;11.4;6.3;0.7;1.2;-1.9;-3.4;-1;-2.2;0.15;1.6;1.9;0;654;208;138;95;97345;1.78;0;0.37;0.38
1992;4;12;103;14.7;9.2;2.9;4;1.2;-0.8;0.3;-0.3;0.15;1.6;1.9;0;515;163;99;70;97137;1.72;0.11;0.37;0.38
1992;4;13;104;17.4;10.4;2.5;7.6;3.6;0.5;1;0;0.15;1.6;1.9;0;559;176;117;68;97233;2.1;5.05;0.37;0.38
1992;4;14;105;14.7;9.7;3.1;5.9;1.9;-1.4;0.9;1;0.15;1.6;1.9;0;535;177;119;85;97490;2.1;0;0.37;0.38
1992;4;15;106;15.4;10.3;3.9;5;2.6;0.6;1.5;2.9;0.15;1.6;1.9;0;598;177;115;76;96649;1.94;1.05;0.37;0.38
1992;4;16;107;12.7;8.4;5.4;5.9;3.6;0.6;0.7;-0.3;0.15;1.7;1.9;0;592;153;119;54;96829;2.28;5.85;0.37;0.38
1992;4;17;108;10.1;6.3;2.5;1.5;-2.7;-6.7;0.4;-2.1;0.15;1.7;1.9;0;380;119;106;60;97755;1.63;0.29;0.37;0.38
1992;4;18;109;10.6;5.5;0.2;-0.9;-3.8;-6.2;-0.3;-2.5;0.15;1.7;1.9;0;495;179;117;85;97770;1.76;0;0.37;0.38
1992;4;19;110;15.5;9;1.5;7;3.7;-1.5;1.1;-1.2;0.15;1.8;1.9;0;418;121;92;45;97409;1.41;0.57;0.36;0.38
1992;4;20;111;11.9;7.8;4;3.8;-0.9;-4.6;1.1;-2.6;0.15;1.8;1.9;0;603;190;110;80;97689;2.17;0.31;0.36;0.38
1992;4;21;112;13.4;7.6;0.2;0.3;-1.9;-4.4;0.2;0.4;0.15;1.8;1.9;0;610;216;142;96;98024;2.3;0.07;0.36;0.38
1992;4;22;113;19.6;11.7;2.6;7.4;4.1;0.1;1.4;1.2;0.16;1.8;1.9;0;695;213;129;82;96977;2.46;0.08;0.36;0.38
1992;4;23;114;14.6;10.6;5.8;9.7;6.7;4;1.4;0;0.16;1.9;1.9;0;382;106;80;58;96650;1.48;2.53;0.36;0.38
1992;4;24;115;17;11.1;2.7;9.8;6.3;1.9;0.1;0.9;0.16;1.9;1.9;0;543;182;108;77;97166;2.16;0.74;0.36;0.38
1992;4;25;116;24.2;15.1;4.6;12.1;9;4;0.8;1.2;0.16;1.9;1.9;0;689;233;133;92;97544;2.85;0;0.35;0.38
1992;4;26;117;24.4;16.8;7.3;14.7;10.5;6.8;-0.1;-0.1;0.16;2;1.9;0;663;212;123;84;97711;2.75;0.84;0.35;0.38
1992;4;27;118;24.5;16.6;8.5;13.7;11.4;7.9;0.5;-0.4;0.16;2;1.9;0;686;210;127;75;97409;2.79;6.25;0.35;0.38
1992;4;28;119;20;15;8.2;11.5;10.4;8;-0.3;1.6;0.16;2;1.9;0;477;149;85;63;97214;2.16;0.03;0.35;0.38
1992;4;29;120;14.8;11.4;7.7;10;7.6;3.8;0;-1.4;0.16;2.1;1.9;0;301;72;67;33;97039;2.06;6.24;0.35;0.38
1992;4;30;121;12.9;9.8;7.5;6.7;5.3;3.3;0.4;-1.9;0.16;2.1;1.9;0;231;68;38;23;97686;1.65;3.23;0.35;0.38
1992;5;1;122;19.5;13.5;8.4;10;8.1;5.6;0.4;1.4;0.16;2.1;1.9;0;562;186;104;62;97498;2.44;0.07;0.35;0.38
1992;5;2;123;19.9;14.2;7.8;11.7;9.7;7.6;0.4;1.4;0.16;2.1;1.9;0;601;193;104;66;97218;2.56;0.87;0.35;0.38
1992;5;3;124;20.8;14.9;8.3;11.3;9.8;8.2;-0.6;-1.5;0.16;2.2;1.9;0;618;208;111;72;97562;2.88;0.07;0.35;0.38
1992;5;4;125;17.7;13.3;10;8.2;7.3;5.7;-0.9;-2.7;0.16;2.2;1.9;0;615;199;103;80;97977;2.58;0.02;0.35;0.38
1992;5;5;126;17.4;12.7;7.2;8.9;7.2;5.1;-0.5;-1.3;0.17;2.2;1.9;0;527;163;88;65;97971;2.13;0.11;0.34;0.38
1992;5;6;127;19.5;14;8.9;9.3;7;6;-0.4;-1.7;0.17;2.3;1.9;0;603;186;111;71;98056;2.64;0.03;0.34;0.38
1992;5;7;128;19.5;14.7;6.4;9.1;6.6;5.2;0.2;-0.5;0.17;2.3;1.9;0;576;191;114;75;97716;2.62;0.02;0.34;0.38
1992;5;8;129;21.4;16.5;9.7;10.5;7.8;6.5;0.6;0;0.17;2.3;1.9;0;641;185;113;68;96915;2.64;0;0.33;0.38
1992;5;9;130;20.3;15.1;10.3;13.2;9.9;7.2;-0.2;0;0.17;2.4;1.9;0;519;163;84;58;96804;2.29;3.49;0.33;0.38
1992;5;10;131;20.7;15.3;10.2;14.4;12.1;10;-0.1;-0.3;0.17;2.4;1.9;0;553;162;95;45;97045;2.52;9.26;0.33;0.38
1992;5;11;132;22.9;16.1;10.7;13.3;10.1;5.8;1.2;0.8;0.17;2.4;1.9;0;614;197;101;56;97269;3.76;2.82;0.34;0.38
1992;5;12;133;18.5;13;5.9;6.7;4.3;2.4;0;-0.1;0.17;2.5;1.9;0;661;240;137;98;98414;3.48;0;0.34;0.38
1992;5;13;134;21.3;15.8;8.6;11.8;8;4.7;-0.3;0;0.17;2.5;1.9;0;690;234;122;86;98635;3.31;0;0.33;0.38
1992;5;14;135;22.3;16.6;8.9;11.6;9.7;7.7;-0.7;-0.9;0.17;2.5;1.9;0;663;216;112;78;98632;3.27;0;0.33;0.38
1992;5;15;136;21.7;16.9;10.6;11.6;10.3;8.4;-0.6;-1.1;0.17;2.5;1.9;0;557;190;104;72;98634;2.85;0.1;0.33;0.38
1992;5;16;137;23;17.4;10.4;11.8;9.4;8.4;-0.6;-0.6;0.17;2.6;1.9;0;691;234;129;91;98334;3.41;0.01;0.33;0.37
1992;5;17;138;22.7;16.8;9.6;12.1;8.6;5.6;-0.3;-1.9;0.17;2.6;1.9;0;598;220;119;88;97996;3.37;0.11;0.32;0.37
1992;5;18;139;15.8;13;10.1;6.9;3.5;0.5;-1;-3.3;0.17;2.6;1.9;0;655;190;111;72;97812;2.8;0.07;0.32;0.37
1992;5;19;140;16.2;12.7;9.3;6.5;5.4;4.4;-1.6;-2.1;0.17;2.6;1.9;0;556;181;100;62;98072;2.87;2.18;0.32;0.37
1992;5;20;141;16.6;12.9;9.2;9.2;7.6;6;-1.3;-0.3;0.17;2.7;1.9;0;460;147;70;50;98237;2.4;1.16;0.32;0.37
1992;5;21;142;17.5;13.1;8.7;12.3;9.5;7.1;-0.2;0.3;0.17;2.7;1.9;0;510;149;91;57;97950;2.33;7.66;0.32;0.37
1992;5;22;143;21;15.2;6.9;11.6;8.8;6.4;0.4;-0.2;0.17;2.7;1.9;0;720;240;125;82;97644;3.3;0;0.32;0.37
1992;5;23;144;19.5;15.1;10.8;13.6;11.6;9.2;0.3;-0.5;0.17;2.7;1.9;0;592;152;98;53;97445;2.42;8.12;0.32;0.37
1992;5;24;145;21.2;16;10.7;11.7;10.4;8.9;-0.9;-0.9;0.17;2.7;1.9;0;586;206;110;70;97528;3.32;0.84;0.32;0.37
1992;5;25;146;19.5;15;9.8;9.1;7.1;4.3;-1.2;-0.3;0.17;2.8;1.9;0;677;230;119;84;97675;3.38;0;0.32;0.37
1992;5;26;147;19.6;14.8;9.3;8.2;6.4;4.4;-1.2;-0.2;0.17;2.8;1.9;0;672;233;121;85;97551;3.45;0;0.32;0.37
1992;5;27;148;19.2;15.1;8.9;9.3;7.1;5.4;-0.4;-0.5;0.17;2.8;1.9;0;548;195;113;71;97325;2.86;0;0.31;0.37
1992;5;28;149;18.3;14.8;10.8;8.9;6.7;3.1;-1;-0.8;0.17;2.8;1.9;0;642;205;121;79;97341;2.92;0.33;0.31;0.37
1992;5;29;150;21.9;15;7.3;10.5;8.1;4.9;0;-0.3;0.17;2.9;1.9;0;685;238;130;84;97106;3.24;0.04;0.31;0.37
1992;5;30;151;20.2;15.7;10.2;10;8;6.6;-1;-0.4;0.17;2.9;1.9;0;510;188;108;65;97370;2.85;0.04;0.3;0.37
1992;5;31;152;20.6;17.1;12.5;12.9;10.2;8.6;-0.9;-0.1;0.17;2.9;1.9;0;464;151;76;47;97316;2.3;0.02;0.3;0.37
1992;6;1;153;20.7;17.6;14.1;16.2;14.6;12.2;-0.8;1.3;0.17;2.9;1.9;0;382;128;63;41;97101;2.24;6.75;0.3;0.37
1992;6;2;154;25;19.6;13.4;16.2;14.9;13.3;-0.1;2.1;0.17;2.9;1.9;0;570;186;90;54;96977;3.23;0.12;0.3;0.37
1992;6;3;155;24.9;19.5;14.9;17.7;15.7;13.7;-0.7;-0.7;0.17;3;1.9;0;479;150;67;45;96801;2.46;21.37;0.31;0.37
1992;6;4;156;21.2;18.1;14.6;16;14.5;13.4;-0.4;-0.4;0.17;3;1.9;0;363;127;78;45;97025;2.21;0.86;0.32;0.37
1992;6;5;157;20.4;16.7;13.2;16.6;14.6;12.5;-0.5;0.5;0.17;3;1.9;0;364;112;74;44;97063;2.02;7.3;0.32;0.37
1992;6;6;158;22.1;16.6;10.5;12.7;9.9;6.8;1;0.8;0.17;3;1.9;0;681;240;125;84;96921;4.04;0.21;0.32;0.37
1992;6;7;159;20.9;16.3;9.9;12.7;9.8;8.3;0.4;1.4;0.17;3;1.9;0;627;224;115;84;97016;3.68;0.61;0.32;0.37
1992;6;8;160;20;15.6;11.9;13;11.3;8.8;-0.4;1.7;0.17;3.1;1.9;0;476;167;84;65;96456;2.76;1.5;0.32;0.37
1992;6;9;161;19.7;15.5;10.8;12.4;11.1;9.4;1.1;-1;0.17;3.1;1.9;0;481;149;81;54;96445;2.63;1.72;0.32;0.37
1992;6;10;162;20.2;15.9;11.7;14.3;11.7;9.2;0.2;-0.4;0.17;3.1;1.9;0;558;162;87;58;96720;2.7;8.43;0.32;0.37
1992;6;11;163;20.6;16;11;14.1;12.6;10.8;-0.3;0.5;0.17;3.1;1.9;0;532;167;77;49;96785;2.91;4.29;0.32;0.37
1992;6;12;164;15.6;14.5;13.4;14.6;13.6;12.6;-1.2;-2.1;0.17;3.2;1.9;0;89;32;24;13;96671;1.24;29.01;0.34;0.37
1992;6;13;165;19;16.3;13.6;15.2;13.9;12.8;0.9;-1.2;0.17;3.2;1.9;0;336;101;50;31;96952;2.26;7.78;0.35;0.37
1992;6;14;166;22.6;18.2;13.4;13.7;11.4;9.8;1.4;-2.4;0.17;3.2;1.9;0;599;220;102;73;97560;4.32;0.39;0.35;0.37
1992;6;15;167;24.1;19.1;13.9;12.4;9.8;7;0.1;-2.1;0.17;3.2;1.9;0;707;261;133;95;97748;4.86;0;0.35;0.37
1992;6;16;168;23.8;19.1;12.9;13.3;11.2;9.7;-0.4;-1.4;0.17;3.2;1.9;0;666;243;116;84;97375;4.31;0.01;0.34;0.37
1992;6;17;169;24;19.3;14.7;14.2;12.9;11.3;-0.4;-3.2;0.17;3.2;1.9;0;634;214;94;70;97162;4.13;0.67;0.34;0.37
1992;6;18;170;22.2;18.2;14.3;11.4;10.1;8.7;-0.6;-2.4;0.17;3.3;1.9;0;651;230;110;84;96958;4.39;0;0.34;0.37
1992;6;19;171;22.4;17.4;12.4;16.6;13.7;10.1;-0.3;-0.8;0.17;3.3;1.9;0;549;162;80;49;96808;2.76;9.13;0.33;0.37
1992;6;20;172;24.3;19.9;15.2;18;16.1;14.2;0.4;0;0.17;3.3;1.9;0;552;196;92;57;97107;3.52;1.41;0.34;0.37
1992;6;21;173;26.7;20.6;13.4;15.6;14;11.7;0.9;0.5;0.17;3.3;1.9;0;728;256;123;83;97148;4.57;0;0.34;0.36
1992;6;22;174;26.9;21.7;16.1;16.3;15.1;14;0.4;1;0.17;3.3;1.9;0;687;226;108;73;97133;4.14;0.03;0.33;0.36
1992;6;23;175;26.9;21.4;15.6;14.3;13.4;12.5;2;2.6;0.17;3.3;1.9;0;646;220;100;78;96784;4.51;0;0.33;0.36
1992;6;24;176;26.2;21.1;14.9;16.6;14;12.7;0.4;0.3;0.17;3.3;1.9;0;647;234;109;82;96737;4.32;0.95;0.32;0.36
1992;6;25;177;21.4;18.4;16;13.8;11.4;8.4;-0.2;-1.8;0.17;3.4;1.9;0;400;140;91;54;96990;3.28;2.18;0.32;0.36
1992;6;26;178;22.1;18.2;14.3;10.2;7.9;5.9;-0.8;-2.7;0.17;3.4;1.9;0;633;208;105;77;97336;4.24;0;0.32;0.36
1992;6;27;179;20.2;17.1;13.2;8.6;7.1;6.3;-1.1;-2.5;0.17;3.4;1.9;0;478;186;91;74;97652;3.67;0.01;0.31;0.36
1992;6;28;180;21;17.4;13.3;9.6;8;6.7;-0.6;-1.8;0.17;3.4;1.9;0;558;207;102;80;97886;3.72;0.09;0.31;0.36
1992;6;29;181;23.4;18.8;11.5;12.3;8.9;7.6;-0.2;-0.8;0.17;3.4;1.9;0;576;229;109;84;97835;3.87;0.01;0.31;0.36
1992;6;30;182;25.5;19.6;11.2;12.2;10.2;8.7;0;0.9;0.17;3.4;1.9;0;653;235;119;86;97556;4.07;0;0.3;0.36
1992;7;1;183;26.6;20.9;14;14.1;11.2;9.1;0.3;1.5;0.17;3.4;1.9;0;694;244;119;88;97087;4.08;0.01;0.3;0.36
1992;7;2;184;25.8;20.7;14.4;15.1;12.2;10.5;0.6;0.9;0.17;3.5;1.9;0;601;229;111;82;97104;3.81;0.13;0.3;0.36
1992;7;3;185;26.1;21;14.1;16.1;14.1;12.6;0.3;-0.6;0.17;3.5;1.9;0;604;215;95;71;97360;3.55;0.14;0.29;0.36
1992;7;4;186;28;22.3;14.9;15.9;12.7;9.9;1.1;1.8;0.17;3.5;1.9;0;718;253;122;87;96865;4.29;0;0.29;0.36
1992;7;5;187;20.5;17.8;14.7;15.7;14.2;11.6;-0.2;2.1;0.17;3.5;1.9;0;495;105;67;46;96637;2.42;5.72;0.29;0.36
1992;7;6;188;23.8;18.3;12.5;14;12;9.8;0.9;1.6;0.17;3.5;1.9;0;586;201;96;72;96908;3.52;0.1;0.29;0.36
1992;7;7;189;20.6;17.6;12.8;14.9;13.3;11.5;0.7;-0.1;0.17;3.5;1.9;0;425;159;81;66;97133;2.66;3.12;0.29;0.36
1992;7;8;190;23.2;18.7;12.7;13.6;12.2;10.6;-0.2;-1.5;0.17;3.5;1.9;0;545;201;93;69;97576;3.31;0.16;0.29;0.36
1992;7;9;191;23.1;19;13.4;13.5;11.5;9;-1.2;-0.5;0.17;3.6;1.9;0;554;195;91;64;97499;3.14;0.36;0.29;0.36
1992;7;10;192;22.6;18.5;15.3;14.6;13.1;11.3;0;0.5;0.17;3.6;1.9;0;581;169;93;58;96952;3.01;3.47;0.28;0.36
1992;7;11;193;24.1;18.5;12.5;16.7;14.5;12.3;0.5;0.6;0.17;3.6;1.9;0;644;185;91;56;96820;3.12;5.6;0.28;0.36
1992;7;12;194;18.3;16.3;14.6;15.1;14.1;13.3;0.8;-0.7;0.17;3.6;1.9;0;188;64;63;26;96920;1.76;19.15;0.3;0.36
1992;7;13;195;22.7;18.3;14.4;13;11.2;9.8;1.2;-2.3;0.17;3.6;1.9;0;615;200;99;65;97418;4.22;0.08;0.3;0.36
1992;7;14;196;25.1;19.7;12;16.1;11.2;8.8;0.8;-0.6;0.17;3.6;1.9;0;667;228;115;77;97599;4;0;0.3;0.36
1992;7;15;197;24;19.5;14.6;17.2;14.8;12.3;0.6;-0.8;0.17;3.6;1.9;0;529;158;83;54;97549;2.9;1.4;0.3;0.36
1992;7;16;198;22.1;18.6;14.8;15.3;13.8;12.2;-0.4;0.1;0.17;3.6;1.9;0;352;121;55;40;97772;2.23;3.56;0.3;0.36
1992;7;17;199;24.3;20.1;15.1;16.3;14.7;13.8;0.4;0.3;0.17;3.6;1.9;0;494;197;87;62;97866;3.57;1.58;0.3;0.36
1992;7;18;200;27.7;21.3;13.6;17.8;15.5;12.8;0.7;-0.4;0.17;3.6;1.9;0;636;206;93;66;97774;3.73;0.91;0.29;0.36
1992;7;19;201;25.9;20.8;15.4;13.8;11.9;10.1;-0.1;-0.9;0.17;3.6;1.9;0;636;220;113;79;97873;4.2;0;0.29;0.36
1992;7;20;202;26.5;21.1;14.6;14.8;12.9;11.7;-0.4;0.2;0.17;3.6;1.9;0;713;256;128;91;97709;4.32;0;0.29;0.36
1992;7;21;203;28;22.6;16.7;15.5;13.8;12.4;-0.1;1.4;0.17;3.6;1.9;0;704;254;123;90;97438;4.31;0;0.28;0.36
1992;7;22;204;28.8;23.2;14.8;17.8;15.9;13.3;0.1;-0.7;0.17;3.6;1.9;0;650;235;106;78;97539;4.01;0.01;0.28;0.35
1992;7;23;205;28.2;23.2;18.9;16.7;16;13.5;0.1;-2.2;0.17;3.6;1.9;0;652;214;98;69;97824;3.87;0.43;0.28;0.35
1992;7;24;206;26.8;21.9;16.5;15;12.5;10.8;-0.8;-1.2;0.17;3.6;1.9;0;686;239;118;87;97711;3.98;0;0.27;0.35
1992;7;25;207;27;22;15.3;16.3;10.8;9.4;-0.5;-0.4;0.17;3.6;1.9;0;667;235;127;85;97645;3.7;0;0.27;0.35
1992;7;26;208;29.2;23.2;14.4;17.6;14.1;12.1;0.2;-0.3;0.17;3.6;1.9;0;620;215;112;72;97788;3.51;0;0.27;0.35
1992;7;27;209;29.5;24.7;19;19.1;16.1;14.9;-0.1;-0.2;0.17;3.6;1.9;0;609;209;101;67;97746;3.42;0;0.26;0.35
1992;7;28;210;26.5;22.6;17.5;16.9;11.2;6;-0.1;-2.4;0.17;3.6;1.9;0;655;228;134;88;98101;3.76;0;0.26;0.35
1992;7;29;211;25.2;20.2;15.3;11.9;8.4;5.8;-0.8;0.5;0.17;3.6;1.9;0;700;247;135;99;98325;3.51;0;0.26;0.35
1992;7;30;212;28.6;22.4;15.4;14.6;12;10.1;-0.1;1.4;0.17;3.6;1.9;0;665;228;117;82;98040;3.32;0;0.26;0.35
1992;7;31;213;32.3;24.8;16.3;17.3;15.4;13.9;0.6;0.4;0.17;3.6;1.9;0;678;232;125;80;97723;3.46;0.49;0.25;0.35
1992;8;1;214;31.1;24.5;17;18;15.9;13.7;0.5;-0.2;0.17;3.6;1.9;0;672;225;120;77;97427;3.38;0.14;0.25;0.35
1992;8;2;215;29.7;24.5;17.8;17.8;16.3;14.6;0.5;-0.4;0.17;3.6;1.9;0;615;206;106;72;97336;3.04;0.01;0.25;0.35
1992;8;3;216;31.2;25.9;18;18.2;16.1;14.2;0.2;0.6;0.17;3.6;1.9;0;628;210;110;74;97310;3.06;0;0.25;0.35
1992;8;4;217;30.8;24.8;19.9;18.9;16.8;15.4;0.1;-1.2;0.17;3.6;1.9;0;582;189;105;60;97515;3.27;4.02;0.25;0.35
1992;8;5;218;27.5;23;17.8;16;14.4;12.9;-0.2;-0.6;0.17;3.6;1.9;0;644;218;113;82;98252;3.35;0;0.24;0.35
1992;8;6;219;30.2;24.5;16.9;17.1;14.6;13;-0.4;0.3;0.17;3.6;1.9;0;671;232;124;85;98159;3.27;0;0.24;0.35
1992;8;7;220;31.5;26.1;19.5;16.8;15.3;14;-0.7;0.2;0.17;3.5;1.9;0;654;222;122;82;97984;3.12;0;0.24;0.35
1992;8;8;221;32.2;26.8;21;16.5;14;12;-0.7;1;0.17;3.5;1.9;0;663;229;129;86;97822;3.13;0;0.24;0.35
1992;8;9;222;33.1;27;20.5;16.3;14.1;12;-0.6;1.8;0.17;3.5;1.9;0;669;231;132;90;97506;3.01;0;0.24;0.35
1992;8;10;223;32.5;26;20.2;17.3;14.8;11.8;1;2.3;0.17;3.5;1.9;0;684;220;135;90;97117;2.8;0.18;0.23;0.35
1992;8;11;224;25;21.7;18.4;16.1;13.2;11.9;0.1;-0.6;0.17;3.5;1.9;0;534;139;93;65;97611;1.92;0.18;0.23;0.35
1992;8;12;225;25.2;21.3;17.1;14.7;13.4;12.3;0;-1.1;0.17;3.5;1.9;0;520;155;104;63;97793;2;0.27;0.23;0.34
1992;8;13;226;26.5;21.9;16.2;14.6;13.5;11.8;0.2;-0.8;0.17;3.5;1.9;0;537;171;99;68;97450;2.16;0.08;0.23;0.34
1992;8;14;227;28.1;22.8;17.3;13.9;12.2;10.6;0;-0.5;0.17;3.5;1.9;0;631;196;125;76;97006;2.4;0.08;0.23;0.34
1992;8;15;228;23.2;19.7;16.2;12.7;11.4;9.9;0.2;-1.6;0.17;3.5;1.9;0;420;122;81;56;97322;1.93;1.19;0.23;0.34
1992;8;16;229;24.4;19.5;12.4;12.8;11;9.4;-0.1;-0.1;0.17;3.5;1.9;0;592;165;108;77;97722;1.92;0;0.23;0.34
1992;8;17;230;29.5;22.7;14.2;14.3;11.9;10;0.2;0.5;0.17;3.5;1.9;0;656;217;135;89;97647;2.42;0;0.22;0.34
1992;8;18;231;31.5;24.9;16.2;15.5;13.7;12.4;-0.3;0.3;0.16;3.4;1.9;0;641;210;125;85;97614;2.38;0;0.22;0.34
1992;8;19;232;33.9;26.7;17.2;17.3;12.6;9.1;0.4;0.7;0.16;3.4;1.9;0;638;209;138;90;97386;2.21;0;0.22;0.34
1992;8;20;233;34;27.1;19.3;14.9;12.9;10.3;-0.5;0.5;0.16;3.4;1.9;0;643;215;141;92;97147;2.33;0;0.22;0.34
1992;8;21;234;32.8;26.9;18.9;15.4;13.3;11.4;-0.7;-0.6;0.16;3.4;1.9;0;631;199;124;86;96985;2.1;0;0.22;0.34
1992;8;22;235;28.9;23.1;18.4;18;15.5;13.9;0.1;-1;0.16;3.4;1.9;0;583;168;110;67;96968;2.09;5.77;0.22;0.34
1992;8;23;236;26.4;21.5;16.4;17.6;15.4;13.5;0.8;-0.6;0.16;3.3;1.9;0;524;156;96;65;97213;2.45;0.78;0.22;0.34
1992;8;24;237;26.6;22.1;17.8;15.5;13.7;11.5;0.4;0;0.16;3.3;1.9;0;530;157;104;68;97729;1.96;0.01;0.22;0.34
1992;8;25;238;29.6;23.9;18.9;16.1;14.6;13;0.5;0.9;0.16;3.3;1.9;0;609;182;110;75;97780;2.17;0;0.22;0.34
1992;8;26;239;31.5;24.6;16.5;16.7;15.5;14.5;0.8;1.1;0.16;3.3;1.9;0;615;195;122;85;97442;2.27;0;0.22;0.34
1992;8;27;240;32.2;25.5;17.7;17.2;14.9;11.4;-0.1;0.6;0.16;3.2;1.9;0;624;198;134;85;97323;2.22;0;0.22;0.34
1992;8;28;241;33.1;25.9;18.1;17.6;14.5;10.1;0.7;1.6;0.16;3.2;1.9;0;627;200;132;90;97147;2.16;0.03;0.21;0.34
1992;8;29;242;32.2;25.6;18.5;16.6;13.6;11.3;1.8;2.7;0.16;3.2;1.9;0;623;195;131;95;96782;1.98;0;0.21;0.34
1992;8;30;243;30.2;23.8;18.8;15.7;13.6;11.9;1.2;2.1;0.16;3.2;1.9;0;607;173;121;86;96705;1.91;0.48;0.21;0.34
1992;8;31;244;27.5;21.6;15.2;14.6;12.7;11;1.4;2.8;0.16;3.1;1.9;0;617;197;120;93;96449;1.78;0;0.21;0.34
1992;9;1;245;19.5;14.8;9.9;15.6;9;4.7;1.2;-0.1;0.16;3.1;1.9;0;329;68;106;61;97008;2.04;28.73;0.23;0.34
1992;9;2;246;20.2;14.7;7.8;7.4;5.9;4.4;0.4;1;0.16;3.1;1.9;0;565;187;122;94;98192;2.47;0;0.23;0.34
1992;9;3;247;23.2;17.6;11.2;12.5;9.1;6;-0.1;0.9;0.16;3.1;1.9;0;616;197;127;91;97670;2.51;0;0.23;0.34
1992;9;4;248;15.9;13.5;9.9;12.9;10.6;7;0.1;-1.5;0.16;3.1;1.9;0;186;44;48;31;97065;1.83;16.85;0.24;0.34
1992;9;5;249;15.6;12.1;8.9;6.6;4;2.3;2.8;-2.2;0.16;3;1.9;0;543;165;115;76;97133;3.12;1.37;0.25;0.33
1992;9;6;250;16.4;12.6;8.9;3.4;2.5;1.3;2.6;-1.5;0.16;3;1.9;0;483;157;112;89;97555;2.39;0.18;0.24;0.33
1992;9;7;251;21.6;13.8;5.1;8.5;5;2.4;1.3;0.3;0.16;3;1.9;0;638;205;145;99;97348;2.52;0;0.24;0.33
1992;9;8;252;22.7;16.1;8.7;12.2;9.8;7.1;-0.2;-0.4;0.16;3;1.9;0;462;152;101;73;97610;1.98;0;0.24;0.33
1992;9;9;253;19.8;16.2;13;12.1;11.1;9.8;-1;-0.5;0.15;2.9;1.9;0;377;104;67;51;98149;1.39;0.09;0.24;0.33
1992;9;10;254;21.6;17.2;12.3;13.5;11.8;9.9;-0.8;0.1;0.15;2.9;1.9;0;487;131;94;57;98293;1.67;0;0.24;0.33
1992;9;11;255;23.9;18.4;13.8;15.8;14.1;11.9;0;-0.3;0.15;2.9;1.9;0;539;153;105;64;98001;1.89;1.3;0.24;0.33
1992;9;12;256;24.7;18.3;11.4;14.9;12;10.4;0.6;-1.4;0.15;2.9;1.9;0;516;158;108;75;98077;2.32;0.01;0.24;0.33
1992;9;13;257;23.6;18.4;13.7;14.2;12.8;11;-0.3;0.6;0.15;2.9;1.9;0;547;158;101;73;97793;1.9;0.02;0.24;0.33
1992;9;14;258;24.8;18.6;13;14.5;12.9;11.3;0.6;0.7;0.15;2.8;1.9;0;528;146;106;67;97405;1.89;2.27;0.23;0.33
1992;9;15;259;21.2;16.6;12;13.5;11.5;8.6;0.6;0.1;0.15;2.8;1.9;0;494;129;100;60;98032;1.9;0.12;0.23;0.33
1992;9;16;260;24;17.5;10.6;13.6;12.2;10;0.8;0.5;0.15;2.8;1.9;0;569;168;122;79;98041;1.92;0;0.23;0.33
1992;9;17;261;22.6;17.5;13.4;12.2;11.5;10.1;-0.9;-0.1;0.15;2.7;1.9;0;461;141;92;68;97942;1.67;0;0.23;0.33
1992;9;18;262;18.8;15.3;12.4;10.1;8.5;6.3;-1.1;-0.4;0.15;2.7;1.9;0;381;109;105;62;98026;1.28;0;0.23;0.33
1992;9;19;263;19.4;14.5;9.6;8.6;7.1;6.1;-0.8;-0.4;0.15;2.6;1.9;0;557;166;128;87;97964;1.66;0;0.23;0.33
1992;9;20;264;20.3;15.3;11;9;8;6.8;-0.6;0.6;0.15;2.6;1.9;0;548;161;115;82;97945;1.58;0;0.23;0.33
1992;9;21;265;21.8;16.2;11.8;9.7;7.9;6.5;-0.7;0.6;0.15;2.6;1.9;0;518;158;122;83;97806;1.59;0;0.23;0.33
1992;9;22;266;23.2;16.9;9.8;12.3;10.1;7.5;-0.3;0.9;0.15;2.5;1.9;0;499;141;102;75;97659;1.45;0;0.23;0.33
1992;9;23;267;25.1;18.7;13.2;13.8;12.4;11.8;0.7;1.7;0.15;2.5;1.9;0;538;155;116;81;97589;1.58;0;0.23;0.33
1992;9;24;268;21.5;16.8;11.5;15.8;12.5;10.7;0;-0.4;0.15;2.4;1.9;0;395;108;86;62;97788;1.01;0.61;0.22;0.33
1992;9;25;269;20.2;15.3;11.1;12.5;7.9;5;-1.1;0.1;0.15;2.4;1.9;0;494;142;131;81;98198;1.5;0;0.22;0.33
1992;9;26;270;21.5;15.8;10.9;8.8;5.9;4;-0.4;1.6;0.15;2.4;1.9;0;541;158;128;91;98173;1.41;0;0.22;0.33
1992;9;27;271;23.8;17.1;10.6;12.2;10.8;9.1;1.4;1.9;0.15;2.3;1.9;0;521;148;119;86;97712;1.32;0;0.22;0.33
1992;9;28;272;23.9;17.5;11.5;16.7;13.7;10.9;1.2;2.2;0.15;2.3;1.9;0;454;121;85;61;97389;1.48;3.95;0.22;0.33
1992;9;29;273;22.4;16.9;12.5;13.9;12.9;11.1;1;0.3;0.15;2.2;1.9;0;438;118;98;59;97133;1.32;7.41;0.22;0.33
1992;9;30;274;19.9;15.8;12.9;13.4;9.8;6.1;-0.1;-0.9;0.15;2.2;1.9;0;426;111;90;54;97401;1.7;2.51;0.23;0.33
1992;10;1;275;16.1;13.5;11.6;10;7.7;5.9;-0.2;0.1;0.15;2.2;1.9;0;317;74;70;40;97756;0.87;0.04;0.23;0.33
1992;10;2;276;18.4;13.4;8.6;9.7;8.2;6.4;0;0.8;0.14;2.1;1.9;0;465;125;109;68;97380;1.21;0.02;0.23;0.33
1992;10;3;277;15.7;12.5;9.1;9.6;7.5;6.1;-1.1;-0.2;0.14;2.1;1.9;0;355;81;74;45;96662;0.94;0.97;0.23;0.33
1992;10;4;278;14.1;13.2;12.1;13.2;11.1;8.5;-2.4;-1.3;0.14;2;1.9;0;103;23;25;15;96264;1.47;29.7;0.24;0.33
1992;10;5;279;19.3;15.1;12.3;15.4;13.6;12.3;-1.6;-0.3;0.14;2;1.9;0;225;54;35;16;96474;1;14.98;0.26;0.33
1992;10;6;280;19.9;15.7;12.3;14.4;13;11.2;0.6;2.2;0.14;2;1.9;0;411;104;92;58;96350;1.32;0.22;0.27;0.33
1992;10;7;281;19.9;14.6;11.2;12.5;11.2;10.4;1;-0.4;0.14;1.9;1.9;0;428;109;106;53;96861;1.35;2.1;0.27;0.33
1992;10;8;282;16.5;13.7;11.4;11.3;10.6;10;-0.7;0.4;0.14;1.9;1.9;0;364;77;82;41;97989;1.11;0.32;0.27;0.33
1992;10;9;283;19.2;13.6;10;10.6;9.6;8.7;1;0.5;0.14;1.8;1.9;0;308;88;97;57;97325;1.06;0.12;0.27;0.33
1992;10;10;284;12.1;10.5;8.4;10.4;9;7.8;-0.4;-1.2;0.14;1.8;1.9;0;97;23;64;21;97152;0.85;8.31;0.27;0.33
1992;10;11;285;10.7;10;9.4;8.5;8.2;7.9;-0.6;-0.8;0.14;1.8;1.9;0;66;15;16;12;96959;0.57;2.5;0.28;0.33
1992;10;12;286;12;9;4.3;8.3;4.2;-3;-1.2;-0.8;0.14;1.7;1.9;0;260;53;92;45;97375;0.87;0.6;0.28;0.33
1992;10;13;287;8.5;5;1.1;0.3;-2.1;-2.8;-0.7;-0.2;0.14;1.7;1.9;0;484;132;137;99;98367;0.97;0;0.28;0.33
1992;10;14;288;10.3;5.1;0.7;1.3;-0.3;-2.1;-0.3;1.2;0.14;1.6;1.9;0;478;129;129;94;97743;0.9;0;0.28;0.33
1992;10;15;289;12.6;6.6;0.8;5.3;2.7;-0.7;-0.2;0.9;0.14;1.6;1.9;0;467;125;120;84;96420;0.85;0;0.28;0.33
1992;10;16;290;11.4;7.9;4;8.3;6.1;3.4;-0.2;-0.5;0.14;1.6;1.9;0;248;48;52;22;95965;0.59;1.28;0.28;0.33
1992;10;17;291;15.3;10.7;7.5;13.1;9.4;6.7;-0.3;0.6;0.14;1.6;1.9;0;166;33;50;17;95683;0.87;16.12;0.28;0.33
1992;10;18;292;8.7;5.6;2.9;7.1;3;1;0.6;-1;0.14;1.6;1.9;0;167;33;85;28;96467;1.38;14.23;0.3;0.33
1992;10;19;293;9.4;4;-1.9;2.3;0;-2.9;0.4;1.3;0.14;1.5;1.9;0;443;109;127;82;97738;0.91;0.01;0.3;0.33
1992;10;20;294;9.2;6;3.5;6.2;4.1;0.7;0.1;0.9;0.13;1.5;1.9;0;127;36;61;30;97326;0.47;5.17;0.31;0.33
1992;10;21;295;8.4;6.4;3.5;7.3;5.6;3.2;0;-0.5;0.13;1.5;1.9;0;94;25;31;15;96654;0.42;5.94;0.31;0.33
1992;10;22;296;11;7.1;1.8;4.9;1.4;-1.4;1.2;0.3;0.13;1.5;1.9;0;379;90;116;66;96474;1.14;1.51;0.31;0.32
1992;10;23;297;11.4;5.3;-1;2.2;0.1;-3;0.6;0.6;0.13;1.5;1.9;0;436;110;126;81;96422;0.81;0;0.31;0.32
1992;10;24;298;11.3;5.6;-0.1;4.1;2.5;-0.9;0.9;0;0.13;1.5;1.9;0;365;84;105;66;96592;0.75;1.89;0.31;0.32
1992;10;25;299;11.3;5.5;-0.3;4.9;2.1;-1.3;0.6;1;0.13;1.5;1.9;0;339;79;85;57;96557;0.76;1.18;0.32;0.32
1992;10;26;300;14;8.3;4.7;6.9;2.9;-1.7;1.3;-0.4;0.13;1.4;1.9;0;406;94;110;67;96152;1;1.47;0.32;0.32
1992;10;27;301;8.3;6;3;2.3;0.3;-2;-0.3;0.4;0.13;1.4;1.9;0;163;47;63;43;96764;0.41;0.07;0.32;0.32
1992;10;28;302;15.8;9.6;2;9.4;6.2;1.2;1.4;2.1;0.13;1.4;1.9;0;317;80;85;62;96173;0.63;0.01;0.32;0.32
1992;10;29;303;10.6;7.7;3.7;9.4;5.9;2.7;0.3;0.2;0.13;1.4;1.9;0;76;17;45;22;96213;0.74;19.71;0.33;0.32
1992;10;30;304;5.6;4.7;3.5;4.9;3.8;2.5;0.1;-0.8;0.13;1.4;1.9;0;47;11;35;13;96969;0.44;13.01;0.34;0.32
1992;10;31;305;8.5;6.8;5.5;6;5.5;4.9;-0.5;-0.5;0.13;1.4;1.9;0;80;18;18;11;97275;0.29;2.08;0.35;0.32
1992;11;1;306;8.7;6.5;4.8;5.2;3.6;2.9;-0.8;0.5;0.12;1.4;1.9;0;260;54;74;35;98172;0.5;0.05;0.35;0.32
1992;11;2;307;14;8.6;5.4;9.4;6.3;3.4;-0.2;0.6;0.12;1.4;1.9;0;331;80;97;53;97703;0.49;0;0.34;0.32
1992;11;3;308;14.9;9.3;5.3;11;7.8;5;-0.3;-0.3;0.12;1.3;1.9;0;270;60;65;33;97282;0.64;20.28;0.35;0.32
1992;11;4;309;11.4;8.3;4.8;6.2;5;3.8;1;0.7;0.12;1.3;1.9;0;308;61;81;39;97716;0.66;1.58;0.36;0.32
1992;11;5;310;11.6;8.8;6.2;7.2;6;4.3;0.3;0.3;0.12;1.3;1.9;0;165;42;50;37;98521;0.27;0;0.36;0.32
1992;11;6;311;15.3;9.1;4.8;8.9;6.4;4.2;0.8;0.2;0.12;1.3;1.9;0;336;78;112;66;98850;0.53;0;0.36;0.32
1992;11;7;312;15.6;7.4;1.6;9.1;4.9;1;1;0.1;0.12;1.3;1.9;0;372;87;123;78;98104;0.52;0;0.36;0.32
1992;11;8;313;12.6;7;0.9;7;3.8;-0.1;-0.3;-0.4;0.12;1.3;1.9;0;305;70;91;56;98066;0.53;0.15;0.36;0.33
1992;11;9;314;6.5;4.6;2;1.9;0.7;-1.5;-1.2;1;0.12;1.3;1.9;0;155;41;73;47;98700;0.33;0;0.36;0.33
1992;11;10;315;10.3;4.9;0.1;4.6;2;-1.6;0;1.1;0.12;1.2;1.9;0;340;79;103;60;97767;0.43;0.33;0.36;0.33
1992;11;11;316;12.2;8;4;6.8;5.2;3.1;0.4;1.7;0.12;1.2;1.9;0;334;73;95;47;97001;0.7;2.15;0.36;0.33
1992;11;12;317;9.1;6.6;2.2;6.7;3.3;-1.5;0.8;-0.5;0.12;1.2;1.9;0;185;44;98;53;96555;0.59;7.36;0.37;0.33
1992;11;13;318;8.1;2.8;-2.3;1.3;-1.4;-4.3;0.6;0.6;0.11;1.2;1.9;0;311;72;104;74;96627;0.42;0.79;0.37;0.33
1992;11;14;319;7.9;2;-3.8;-0.6;-3.8;-5.6;1.3;0.1;0.11;1.2;1.9;0;332;77;112;84;97029;0.61;0.02;0.37;0.33
1992;11;15;320;8.7;3.3;-1.9;2.3;-1.1;-4.7;0.4;0.6;0.11;1.2;1.9;0;303;63;95;52;96949;0.32;0;0.36;0.33
1992;11;16;321;11.9;8;3.7;9.4;6.4;2.4;0.3;0.5;0.11;1.2;1.9;0;92;19;33;8;96054;0.31;13.45;0.36;0.33
1992;11;17;322;9.4;5.7;2.6;6.7;4.1;1.5;0;-0.6;0.11;1.2;1.9;0.05;204;35;41;20;95617;0.65;13.34;0.38;0.33
1992;11;18;323;6.8;3;-1.7;1.5;-1.3;-4.9;1.3;-0.7;0.12;1.2;1.9;0.27;180;41;96;54;96718;0.65;0.87;0.39;0.33
1992;11;19;324;7.5;1.8;-2.1;0;-2.5;-5.3;1;0.7;0.11;1.2;1.9;0.24;302;64;89;66;97047;0.35;0.01;0.39;0.33
1992;11;20;325;8.1;2.2;-1.9;0.5;-2.8;-5.5;1.4;0.2;0.11;1.2;1.9;0.18;285;62;104;76;97401;0.36;0.04;0.39;0.33
1992;11;21;326;6.8;1.6;-2.2;0.7;-2.4;-5.2;1.2;0.5;0.11;1.2;1.9;0.15;247;48;84;53;97447;0.23;0.04;0.38;0.33
1992;11;22;327;8.6;3.9;0.4;3.9;1.7;-0.9;0.2;0.5;0.11;1.2;1.9;0.15;240;51;84;35;97114;0.38;2.37;0.38;0.33
1992;11;23;328;4.2;3;2.1;2.9;2.3;1.5;-0.4;0.4;0.11;1.2;1.9;0.13;39;10;28;8;98092;0.25;4.2;0.39;0.33
1992;11;24;329;7.7;4;1.4;5.9;3.5;1.3;0.1;0.4;0.11;1.2;1.9;0.1;203;46;66;29;98311;0.27;0.06;0.39;0.33
1992;11;25;330;11.5;5.4;1.1;6.5;3.9;0.7;0.9;0.2;0.11;1.2;1.9;0.03;308;58;102;51;97975;0.36;0.17;0.38;0.33
1992;11;26;331;11.6;5.4;0.8;6.6;3.6;0.4;1.6;0.6;0.11;1.2;1.9;0;238;52;74;47;97674;0.26;1.04;0.38;0.33
1992;11;27;332;10.4;4.5;0.3;4.2;0.2;-2.4;1.3;-0.7;0.11;1.2;1.9;0;292;65;114;75;98244;0.47;0.01;0.38;0.33
1992;11;28;333;7.3;3.6;-0.1;3.8;1.7;-2.3;0.7;0.3;0.11;1.2;1.9;0;163;28;61;26;97933;0.11;0.06;0.38;0.33
1992;11;29;334;5.2;4.1;3.5;4.1;3.2;2.5;-0.4;0.5;0.11;1.2;1.9;0;52;12;22;10;98031;0.22;7.07;0.38;0.33
1992;11;30;335;3.9;3.5;2.5;3.2;2.4;0.6;-0.9;1;0.11;1.2;1.9;0;62;12;39;13;98466;0.34;1.59;0.39;0.33
1992;12;1;336;6.2;2.9;0.6;2;0.5;-0.8;-0.7;1;0.11;1.2;1.9;0;222;48;70;48;98366;0.26;0;0.39;0.33
1992;12;2;337;10.6;7;1.7;6.1;4;0.4;0.5;2.5;0.11;1.2;1.9;0;194;38;53;27;97531;0.31;0;0.38;0.33
1992;12;3;338;13.7;11.1;9.5;8.3;7.4;6.3;0.7;3.4;0.11;1.2;1.9;0;229;46;83;43;96303;0.52;0.72;0.38;0.34
1992;12;4;339;10.8;8.8;6.7;8.6;4.5;1.8;0.2;2.4;0.11;1.2;1.9;0;217;41;85;46;95775;0.93;9.09;0.39;0.34
1992;12;5;340;11.8;9.2;2.1;9.5;6.1;1.4;-0.4;2.1;0.11;1.2;1.9;0.27;97;19;64;26;95420;0.93;22.83;0.39;0.34
1992;12;6;341;4.2;3.1;2;1.2;-1.6;-4.5;1.7;-3.4;0.16;1.2;1.9;3.6;65;14;40;26;96177;1.81;7.55;0.41;0.34
1992;12;7;342;5.1;2.2;-1.3;-2.7;-3.9;-5.5;0.3;0.4;0.15;1.2;1.9;3.25;231;49;100;67;96469;0.34;0.22;0.41;0.34
1992;12;8;343;2;0.9;-0.5;0.6;-0.4;-3.1;-0.7;-1.4;0.18;1.2;1.9;4.85;47;12;28;15;96674;0.28;5.09;0.4;0.34
1992;12;9;344;2.3;1.6;1.1;1.5;0.9;0.4;-0.3;-2.3;0.22;1.2;1.9;7.85;36;7;11;8;97069;0.19;15.94;0.41;0.34
1992;12;10;345;4.1;2;0.5;0.3;-0.7;-1.8;0.4;-1.4;0.25;1.2;1.9;9.3;85;17;35;21;97546;0.38;3.47;0.41;0.34
1992;12;11;346;3.1;1;-2;0.4;-0.6;-2.9;0.4;0;0.25;1.2;1.9;9.71;65;13;67;21;98001;0.11;1.12;0.41;0.34
1992;12;12;347;1.9;-1.3;-3.4;0.2;-2.7;-4.6;1.2;0.7;0.24;1.2;1.9;9.41;38;11;65;32;96942;0.07;1.13;0.41;0.35
1992;12;13;348;5.5;-0.3;-4.2;-1.1;-4.6;-6.6;1.9;-0.2;0.23;1.2;1.9;8.84;228;48;102;60;97285;0.39;0.16;0.41;0.35
1992;12;14;349;4.1;-0.2;-2.8;-1.1;-4.5;-7.6;1.2;0.2;0.22;1.2;1.9;7.99;110;26;60;37;97728;0.12;0;0.4;0.35
1992;12;15;350;6.2;1;-2.9;0.8;-2.5;-5.6;0.5;0.1;0.2;1.2;1.9;7.06;241;51;106;62;97924;0.1;0;0.4;0.35
1992;12;16;351;2.8;-0.2;-1.6;0.5;-1.4;-3;-0.3;0.4;0.19;1.2;1.9;6.15;184;38;68;38;97870;0.07;0.1;0.4;0.35
1992;12;17;352;2;-0.3;-1.9;-1.2;-1.7;-2.3;0.1;0.2;0.19;1.2;1.9;5.86;183;35;75;35;98323;0.1;0.28;0.4;0.35
1992;12;18;353;0.9;-0.7;-1.8;-1.7;-2.2;-2.6;-0.1;0.8;0.18;1.2;1.9;5.79;130;25;52;28;98570;0.09;0.2;0.4;0.35
1992;12;19;354;1.5;-0.9;-2.2;-1.2;-2.2;-3.1;-0.2;0.7;0.18;1.2;1.9;5.7;150;32;59;34;98462;0.08;0.08;0.4;0.35
1992;12;20;355;1.4;-1;-2.1;-0.9;-2;-2.9;0;0.5;0.18;1.1;1.9;5.49;162;34;70;37;98304;0.06;0.04;0.39;0.36
1992;12;21;356;2.7;0.1;-1.8;-1;-2.1;-3;-0.2;0.3;0.17;1.1;1.9;5.12;169;33;66;31;98076;0.07;0.01;0.39;0.36
1992;12;22;357;1.8;0.5;-0.1;-0.1;-0.9;-2;-0.6;-0.1;0.17;1.1;1.9;4.86;117;25;52;17;98721;0.08;0.76;0.39;0.36
1992;12;23;358;-0.2;-1.1;-3.5;-0.9;-4.2;-6.9;-1.2;0.3;0.18;1.1;1.9;5.38;59;13;60;25;99082;0.16;0.4;0.39;0.36
1992;12;24;359;-2.2;-3.8;-4.7;-7.2;-8;-8.7;-0.7;0.5;0.18;1.1;1.9;5.35;220;44;102;60;99226;0.09;0;0.39;0.36
1992;12;25;360;-3.6;-4.8;-5.5;-9;-10.1;-10.6;-0.8;0.3;0.18;1.1;1.9;5.25;174;35;80;48;99456;0.07;0;0.39;0.36
1992;12;26;361;-2.4;-5.2;-7.1;-9.6;-10.1;-10.6;0.1;0.8;0.17;1.1;1.9;5.16;250;52;109;70;99446;0.07;0;0.38;0.36
1992;12;27;362;0;-3.8;-7.4;-8.6;-9.6;-10.6;-0.1;-1.1;0.17;1.1;1.9;4.98;247;52;108;64;98988;0.13;0;0.38;0.36
1992;12;28;363;-1.7;-3.4;-5.6;-8.8;-10.2;-11.2;-1.1;-2.6;0.17;1.1;1.9;4.78;229;48;106;77;99528;0.15;0;0.38;0.36
1992;12;29;364;-0.9;-4.5;-7.1;-10.3;-11.4;-12.8;0.6;0.2;0.17;1.1;1.9;4.66;255;55;116;77;99072;0.08;0;0.38;0.36
1992;12;30;365;1.3;-4;-7.5;-11.2;-12.7;-14.5;0.2;0.2;0.16;1.1;1.9;4.47;255;55;113;74;98401;0.08;0;0.38;0.36
1992;12;31;366;-2.3;-5;-7.2;-8.4;-9.6;-11.3;-0.6;-0.5;0.16;1.1;1.9;4.32;249;53;108;64;98394;0.06;0.05;0.38;0.36
1993;1;1;1;-3;-5.5;-8.7;-8.4;-11.9;-15.6;-0.8;-1.9;0.16;1.1;1.9;4.3;209;43;97;68;98873;0.09;0.08;0.38;0.36
1993;1;2;2;-6.6;-8.6;-10.2;-15.8;-17;-17.6;-1.4;-2.7;0.16;1.1;1.9;4.31;232;46;95;64;99106;0.13;0.36;0.38;0.36
1993;1;3;3;-5.6;-7.3;-9.3;-14.2;-16.1;-17.7;-1.2;-2.1;0.17;1.1;1.9;4.71;153;35;70;49;99143;0.08;0.81;0.38;0.36
1993;1;4;4;-4;-6.3;-7.8;-10.9;-12.2;-14.4;-0.5;-0.2;0.19;1;1.9;6.08;185;35;70;43;99446;0.08;1.21;0.38;0.36
1993;1;5;5;-3;-7.8;-12.4;-11;-12;-13.9;0.6;0.4;0.19;1;1.9;6.25;259;55;109;69;99867;0.11;0;0.37;0.36
1993;1;6;6;-0.5;-6.5;-13.1;-7;-11.6;-16.1;0.6;0.7;0.19;1;1.9;6.09;262;57;108;53;99331;0.11;0.02;0.37;0.36
1993;1;7;7;4.5;-0.4;-4.7;1.1;-3.1;-8;0.8;0.1;0.19;1;1.9;5.72;130;27;45;19;98197;0.09;0.91;0.37;0.36
1993;1;8;8;4.1;0.8;-1.2;2.9;0.2;-1.8;0.5;0.5;0.18;1;1.9;5.09;118;22;48;14;98278;-0.02;1.44;0.37;0.36
1993;1;9;9;2.1;0.3;-2.4;0.8;-0.8;-2.6;0;0.6;0.17;1;1.9;4.51;79;19;37;16;98720;0.11;0.24;0.37;0.36
1993;1;10;10;6.6;0;-3.3;2.3;-1.5;-4;0.9;0.9;0.16;1;1.9;3.89;260;54;97;51;98220;0.05;0;0.37;0.36
1993;1;11;11;8.4;2.5;-2.8;3.4;0.3;-3.9;2;1.5;0.14;1;1.9;2.96;267;55;84;50;97351;0;0;0.38;0.36
1993;1;12;12;10.2;4.3;0.5;4.8;2.1;-0.4;2.4;1.2;0.13;1;1.9;1.86;258;56;97;61;97141;-0.01;0;0.38;0.36
1993;1;13;13;5.9;2;-1.7;3.7;0.6;-2.6;0.5;0.6;0.12;1;1.9;1.21;97;22;53;22;98530;-0.06;0;0.38;0.36
1993;1;14;14;9.7;2.7;-1.8;5.9;1.3;-2.4;1.3;0.2;0.11;1;1.9;0.85;291;61;91;51;98414;0.11;0;0.37;0.36
1993;1;15;15;8.2;1.7;-2.4;4.8;0.1;-3.3;0.7;1;0.11;1;1.9;0.61;235;56;87;58;99171;0;0;0.37;0.37
1993;1;16;16;10.8;2.5;-1.7;6.2;0.6;-2.7;1.1;0.2;0.11;1;1.9;0.43;300;68;103;60;98902;0.1;0;0.37;0.37
1993;1;17;17;9.8;1.5;-2.5;5;-0.7;-3.9;1.4;0.2;0.1;1;1.9;0.31;309;70;110;68;98593;0.08;0;0.37;0.37
1993;1;18;18;7.9;1.2;-2.6;2.7;-1.5;-4.4;0.8;-0.1;0.1;1;1.9;0.21;306;70;110;67;98560;0.08;0;0.37;0.37
1993;1;19;19;6.5;0.9;-2.5;2.6;-1;-3.4;0.6;0.5;0.1;0.9;1.9;0.16;236;51;92;54;98572;0.05;0;0.37;0.37
1993;1;20;20;8;1.2;-3.1;2.9;-1.1;-4.2;1;0.4;0.1;0.9;1.9;0.14;291;65;101;55;98437;0.05;0;0.37;0.37
1993;1;21;21;10.8;2.5;-2.2;2.3;-1.1;-3.8;1.1;-0.1;0.1;0.9;1.9;0.13;328;72;108;61;98501;0.1;0;0.37;0.37
1993;1;22;22;7.5;1.3;-2.3;0.9;-2.1;-4.4;1.7;0.4;0.1;0.9;1.9;0.08;221;52;78;58;98004;0.04;0;0.37;0.37
1993;1;23;23;9.9;3.8;-0.3;4.3;0.6;-2.2;0.8;0.8;0.1;0.9;1.9;0.03;305;67;97;49;97929;0.17;0.1;0.37;0.37
1993;1;24;24;10;4.6;0.3;2.6;1.1;-0.9;2.3;1.4;0.1;0.9;1.9;0;304;65;101;55;97207;0.32;0;0.37;0.37
1993;1;25;25;9.1;4.1;0.5;3.7;-2.4;-8.8;2.4;-0.8;0.1;0.9;1.9;0;287;67;120;77;96507;0.57;1.14;0.37;0.37
1993;1;26;26;4.2;0.6;-1.2;-6.8;-8.1;-9.3;1.9;-0.3;0.1;0.9;1.9;0;350;79;120;75;97480;0.33;0;0.37;0.37
1993;1;27;27;6.1;1;-1.4;-3.4;-6;-8.7;1.2;-0.2;0.1;0.9;1.9;0.07;312;69;102;63;96974;0.28;0.43;0.37;0.37
1993;1;28;28;2.6;0.2;-1.3;-2.5;-3.3;-5.3;-0.2;1.1;0.12;0.9;1.9;1.04;181;38;54;32;97459;0.11;1.23;0.37;0.37
1993;1;29;29;3.4;0.1;-1.4;-0.9;-2.4;-3.8;-1.1;-0.7;0.13;0.9;1.9;1.73;270;54;67;35;97553;0.12;2.62;0.37;0.37
1993;1;30;30;-0.7;-2.8;-4.8;-4.6;-8.1;-9.6;-1.2;-0.2;0.16;0.9;1.9;3.82;292;68;110;71;98954;0.17;0.06;0.37;0.37
1993;1;31;31;0.5;-3.4;-5.5;-7.8;-9.1;-10.5;-0.2;1;0.16;0.9;1.9;3.68;358;84;126;86;99367;0.12;0;0.37;0.37
1993;2;1;32;2.6;-3;-6.9;-6.3;-8.7;-10.8;-0.2;-0.1;0.15;0.9;1.9;3.42;352;84;124;81;99662;0.05;0;0.36;0.37
1993;2;2;33;4.3;-1.5;-5.4;-3.3;-6.5;-8.5;0.5;0;0.15;0.9;1.9;3.01;356;86;114;72;99535;0.06;0;0.36;0.37
1993;2;3;34;7.5;0.3;-4.4;-1.3;-5.5;-7.7;0.5;0.2;0.14;0.9;1.9;2.46;369;89;125;76;99587;0.06;0;0.36;0.37
1993;2;4;35;8.7;0.5;-4.4;-1.6;-4.7;-7.6;0.4;0.2;0.13;0.9;1.9;1.95;378;92;121;76;99272;0.07;0;0.36;0.37
1993;2;5;36;8.8;0.3;-5.3;0;-3.8;-6.8;0.6;-0.1;0.12;0.9;1.9;1.5;385;93;123;76;98838;0.06;0;0.36;0.37
1993;2;6;37;7.5;0.7;-4.5;-0.6;-3.6;-6.7;0.7;0.1;0.12;0.8;1.9;1.13;387;95;118;65;98523;0.07;0.02;0.36;0.37
1993;2;7;38;4.8;1.6;-0.7;1.4;-0.6;-2.6;-0.2;0.1;0.12;0.8;1.9;0.91;154;35;40;24;99046;0.07;0.12;0.36;0.37
1993;2;8;39;6.5;1.5;-1.6;-0.7;-1.6;-2.6;-0.4;1;0.11;0.8;1.9;0.73;378;88;110;62;99372;0.32;0.02;0.36;0.37
1993;2;9;40;4.9;0.4;-2.3;-2.5;-3.4;-4.7;-0.8;-0.1;0.11;0.8;1.9;0.58;406;99;119;78;99190;0.15;0;0.36;0.37
1993;2;10;41;4.9;0.8;-1.9;-2.6;-3.9;-4.6;-0.3;-0.2;0.11;0.8;1.9;0.49;412;103;123;83;99114;0.11;0;0.36;0.37
1993;2;11;42;5.6;0.6;-2.5;-0.7;-3;-4.7;-0.2;-0.7;0.11;0.8;1.9;0.37;403;101;117;76;99290;0.08;0;0.36;0.37
1993;2;12;43;4.4;0.3;-2.2;-0.7;-1.9;-3.2;-0.3;0.3;0.11;0.8;1.9;0.31;401;92;117;61;99616;0.16;0;0.36;0.37
1993;2;13;44;6.6;0.8;-2.9;-0.8;-2.4;-3.8;-0.3;0.5;0.11;0.8;1.9;0.22;435;108;126;83;99245;0.18;0;0.36;0.37
1993;2;14;45;4.1;0.2;-1.8;-2.2;-2.9;-3.6;-0.6;-0.1;0.11;0.8;1.9;0.15;406;99;109;67;99090;0.1;0.06;0.36;0.37
1993;2;15;46;3.4;0;-2.4;-3.4;-4.1;-5.5;-0.8;-1.3;0.11;0.8;1.9;0.35;293;71;68;53;99021;0.2;0.59;0.36;0.37
1993;2;16;47;1.4;-1.3;-3.5;-4.5;-5.9;-7.2;-0.9;0.1;0.11;0.8;1.9;0.63;281;74;84;61;98786;0.11;0.28;0.36;0.37
1993;2;17;48;1.3;-1.5;-4.4;-4.1;-7.3;-9.3;0.8;1.4;0.12;0.8;1.9;1.02;254;57;78;50;97707;0.06;0.82;0.36;0.37
1993;2;18;49;4.6;1.3;-1.2;-1.2;-2.5;-3.5;-0.5;0;0.12;0.8;1.9;1.33;309;68;79;41;97924;0.19;0.24;0.36;0.37
1993;2;19;50;4.8;0.8;-1.5;-0.2;-2.2;-3.9;0.7;1;0.12;0.8;1.9;1.14;342;63;90;51;96951;0.1;0.13;0.36;0.37
1993;2;20;51;6;1.7;-1.3;-4.4;-7.1;-8.5;2.2;-1.4;0.12;0.8;1.9;0.99;405;113;116;88;97032;0.5;0;0.36;0.37
1993;2;21;52;6.9;1.7;-1.7;-4.1;-7.8;-10.2;1.4;0;0.12;0.9;1.9;1.04;424;102;124;71;95783;0.54;0.49;0.36;0.37
1993;2;22;53;0.3;-2.2;-5.2;-9.1;-12.9;-15.2;0.5;-4.4;0.12;0.9;1.9;1.01;415;116;120;97;96422;0.24;0.05;0.36;0.37
1993;2;23;54;0;-3.4;-5.6;-14.7;-15.7;-16.7;0.9;-4.2;0.12;0.9;1.9;1.01;440;114;114;88;97060;0.18;0.13;0.36;0.37
1993;2;24;55;0.3;-1.6;-3.8;-9.5;-11.5;-14.5;2.9;-2.4;0.14;0.9;1.9;2.1;186;49;41;34;97280;0.17;2;0.36;0.37
1993;2;25;56;2.6;-0.2;-2;-6.7;-8.6;-10.1;1.3;-2.5;0.16;0.9;1.9;3.57;228;61;63;38;97421;0.23;1.38;0.36;0.37
1993;2;26;57;3.6;-0.6;-4;-5.9;-7.8;-10.3;0.5;0.3;0.17;0.9;1.9;3.92;392;104;102;72;97129;0.21;0.08;0.36;0.37
1993;2;27;58;7.3;1.1;-3.8;-2.8;-5;-7.6;0.9;0.9;0.16;0.9;1.9;3.23;475;116;124;79;97028;0.21;0;0.36;0.37
1993;2;28;59;7.7;1.5;-2.7;-0.7;-3;-4.5;-0.7;0.2;0.15;0.9;1.9;2.38;437;109;107;74;97286;0.25;0;0.36;0.37
1993;3;1;60;5.3;1.1;-3.2;-2.2;-3.8;-5.2;-1.4;-1.5;0.14;0.9;1.9;1.84;326;92;77;58;97378;0.28;0;0.36;0.37
1993;3;2;61;1.7;0.3;-0.5;-0.2;-2.5;-5;-1.3;-1;0.17;0.9;1.9;3.8;125;34;59;21;96967;0.15;5.33;0.36;0.37
1993;3;3;62;2.2;0.2;-1.4;-0.7;-1.7;-3.4;-1.1;-1.4;0.23;0.9;1.9;7.65;214;42;31;17;96754;0.35;3.24;0.36;0.37
1993;3;4;63;0.1;-3.2;-6.2;-4;-9.3;-11.2;-0.6;-2.9;0.25;1;1.9;9.22;358;105;106;66;97116;0.65;0.41;0.36;0.37
1993;3;5;64;-0.7;-4.1;-6.8;-10.7;-11.9;-12.8;-0.6;-3.1;0.25;1;1.9;9.22;361;91;108;63;97399;0.47;0.53;0.35;0.37
1993;3;6;65;3.8;-1;-4.9;-2.6;-7.7;-13;1;0.2;0.25;1;1.9;9.22;233;64;73;41;96852;0.28;1.03;0.35;0.37
1993;3;7;66;4.7;0.7;-2;-0.7;-4.5;-6.9;-0.4;-2.5;0.25;1;1.9;9.1;346;90;101;54;96887;0.72;1.72;0.36;0.37
1993;3;8;67;2;-0.9;-2.8;-6.6;-7.3;-8.3;-0.9;-3.7;0.24;1;1.9;8.33;414;111;102;67;97731;0.57;0;0.36;0.37
1993;3;9;68;5.9;0.8;-3.2;-3.2;-5.2;-7.7;-1.1;-0.2;0.22;1;1.9;7.08;488;133;128;76;98272;0.4;0;0.36;0.37
1993;3;10;69;8.2;2.5;-1.9;-0.3;-2.6;-4.7;0.2;0.8;0.19;1;1.9;5.14;516;147;133;84;98344;0.39;0;0.36;0.37
1993;3;11;70;11.8;3.8;-3.3;1.5;-1.4;-4.8;0.4;-0.2;0.17;1;1.9;3.34;366;112;87;61;98303;0.54;0.07;0.36;0.37
1993;3;12;71;11.6;4.9;-0.3;2.3;0.5;-1.7;-0.1;0.2;0.15;1;1.9;1.96;541;147;126;75;98394;0.76;0;0.36;0.37
1993;3;13;72;12.4;5.2;-1.9;3.2;0.7;-2.8;-0.2;0.3;0.14;1;1.9;1.05;548;158;125;82;98239;0.81;0;0.36;0.37
1993;3;14;73;12.6;6.6;1.4;3.6;2;0.1;-0.3;0.3;0.13;1.1;1.9;0.5;562;161;127;80;98282;0.85;0;0.36;0.37
1993;3;15;74;13.1;6.1;-1.6;4.5;1.7;-2.3;0.2;-0.1;0.13;1.1;1.9;0.23;554;151;119;77;98493;0.9;0.05;0.36;0.37
1993;3;16;75;15;6.8;-1.3;3.9;0.5;-2.4;1;0;0.13;1.1;1.9;0.09;534;155;122;77;98440;1.13;0.08;0.36;0.37
1993;3;17;76;12.9;7.1;1.8;5.9;2.6;-1.6;1.2;0.3;0.13;1.1;1.9;0;298;60;59;32;98043;0.41;0.14;0.36;0.37
1993;3;18;77;20.2;11.4;3.1;9;6;2.4;1.3;0.5;0.13;1.1;1.9;0;555;162;125;73;97916;1.35;0;0.35;0.37
1993;3;19;78;16.5;10.6;4.7;5.7;2.7;0.8;0.9;-1.7;0.13;1.1;1.9;0;569;161;139;79;98004;1.38;0;0.35;0.37
1993;3;20;79;18.1;10.2;1.8;7.4;3.7;0;0.2;0.6;0.13;1.2;1.9;0;599;179;142;91;98102;1.38;0;0.35;0.37
1993;3;21;80;20.4;11.4;1.5;7;4.4;0.4;1.6;1;0.13;1.2;1.9;0;570;168;129;88;97473;1.54;0;0.35;0.37
1993;3;22;81;19.4;12.4;5.2;7.3;5.8;3.8;1.3;0.9;0.13;1.2;1.9;0;548;161;128;79;97419;1.52;0.06;0.35;0.37
1993;3;23;82;18.4;12.2;5.8;7.4;5.9;4.7;0.9;0.1;0.13;1.2;1.9;0;582;167;120;78;97703;1.53;0.22;0.35;0.37
1993;3;24;83;9.2;6.3;4.2;5.2;2.2;0.2;-0.7;-0.6;0.13;1.2;1.9;0;182;48;36;26;98012;1.11;4.53;0.35;0.37
1993;3;25;84;5;3.7;1.8;2.7;1.6;-0.9;-0.2;-1.7;0.13;1.2;1.9;0;196;56;39;30;97647;1.52;7.56;0.35;0.37
1993;3;26;85;5.7;2.9;0.6;-1.3;-5.2;-7.6;-0.6;-3.5;0.14;1.3;1.9;0;403;112;91;61;97441;1.24;0.2;0.35;0.37
1993;3;27;86;5.4;2;-0.6;-5.7;-8.4;-10.6;-0.7;-5;0.14;1.3;1.9;0;563;161;106;76;97244;1.27;0.06;0.35;0.37
1993;3;28;87;3.5;1.3;-0.3;-7.1;-7.8;-8.5;2.7;-4.5;0.15;1.3;1.9;0.78;314;87;62;43;96552;0.85;1.33;0.35;0.36
1993;3;29;88;5.8;2.2;-0.9;-7.4;-8.8;-10;2.4;-2.3;0.15;1.3;1.9;1.33;412;134;92;72;97296;1.23;0.05;0.35;0.36
1993;3;30;89;6.5;2;-2.5;-4.4;-6.9;-9.2;0.6;-0.1;0.15;1.3;1.9;1.15;387;134;103;72;97875;1.01;0.13;0.35;0.36
1993;3;31;90;12;5.5;-0.2;1.3;-3.1;-6.2;-0.1;-0.1;0.15;1.4;1.9;0.86;624;169;134;69;97904;1.28;0.04;0.35;0.36
1993;4;1;91;11.9;6.6;1.3;2.5;0.7;-1.3;-1.5;0.3;0.15;1.4;1.9;0.49;592;163;107;63;97504;1.31;0;0.35;0.36
1993;4;2;92;8.8;5.3;0.7;2.6;1.2;-1.2;-1.4;-0.3;0.14;1.4;1.9;0.24;420;101;69;42;97010;0.79;0.12;0.34;0.36
1993;4;3;93;8.4;5.4;3.1;3.8;1.6;0.2;-0.5;-0.9;0.14;1.4;1.9;0.15;261;74;47;32;96946;0.85;3.55;0.34;0.36
1993;4;4;94;11;6.2;1.4;3.3;1.9;1.1;-0.3;0.1;0.14;1.4;1.9;0.07;438;134;93;59;96841;1.34;0.52;0.35;0.36
1993;4;5;95;12.8;7.3;1.1;2.2;0.4;-0.6;0.3;-0.7;0.14;1.4;1.9;0;570;173;110;75;97076;1.68;0.54;0.35;0.36
1993;4;6;96;15;7.9;1.8;4.9;1.8;-0.9;0.7;0.3;0.14;1.5;1.9;0;580;152;117;63;96568;1.45;0.86;0.34;0.36
1993;4;7;97;13.9;6.9;0;4.5;1.5;-0.7;1.3;-0.7;0.14;1.5;1.9;0;604;176;127;80;96495;1.79;1.47;0.34;0.36
1993;4;8;98;11.8;6.9;0.7;2.2;-0.4;-2.1;1.3;-1.9;0.14;1.5;1.9;0;522;183;121;86;97068;1.64;0.14;0.34;0.36
1993;4;9;99;12.3;7.3;2.8;1.1;-0.4;-1.5;-0.1;-0.8;0.15;1.5;1.9;0;507;158;121;82;97510;1.48;0.06;0.34;0.36
1993;4;10;100;11.6;6.5;1.1;2.9;1.4;-0.3;-1.3;0.1;0.15;1.5;1.9;0;556;148;91;56;97179;1.27;0.1;0.34;0.36
1993;4;11;101;5.9;4.9;3.6;4.9;3.5;1.6;-1.4;-0.8;0.15;1.6;1.9;0;135;36;16;11;96567;1.01;11.76;0.34;0.36
1993;4;12;102;7.9;5.1;2.5;3.6;2.6;2;-0.8;-0.1;0.15;1.6;1.9;0;286;76;35;21;96299;1;3.17;0.35;0.36
1993;4;13;103;14.1;8.7;4.2;6;4.2;3.1;-0.1;0.8;0.15;1.6;1.9;0;450;139;96;50;96196;1.43;0.42;0.35;0.36
1993;4;14;104;14.2;9;2.4;5.6;4.2;2;-0.1;-0.1;0.15;1.6;1.9;0;545;169;101;69;96872;1.71;0.54;0.35;0.36
1993;4;15;105;11;8;5.8;6.6;5.5;3.7;-0.4;-1.8;0.15;1.6;1.9;0;259;80;50;34;96768;1.48;4.84;0.35;0.36
1993;4;16;106;14.2;9;4.4;3.2;-0.2;-2.6;0.1;-2.7;0.15;1.7;1.9;0;644;205;122;94;97281;2.39;0;0.35;0.36
1993;4;17;107;12.1;7.3;1.2;2.8;-0.1;-1.8;0.2;-1.1;0.15;1.7;1.9;0;580;188;117;84;97646;1.95;0.7;0.35;0.36
1993;4;18;108;14.8;8.5;0.9;5.6;2.7;-0.8;1.1;0.3;0.15;1.7;1.9;0;416;126;101;60;97537;1.45;0.5;0.35;0.36
1993;4;19;109;18.2;11.9;5.5;7.2;5.2;3.8;1.4;-1;0.15;1.8;1.9;0;480;128;82;51;97347;1.68;0.22;0.35;0.36
1993;4;20;110;12.7;10.3;6.5;7.8;6.8;5.2;-1.1;0.4;0.15;1.8;1.9;0;299;114;84;51;97808;1.16;0.56;0.34;0.36
1993;4;21;111;17.9;11.9;5.4;9.8;7.6;5.3;-0.2;1.7;0.15;1.8;1.9;0;392;114;92;41;97544;1.44;0.05;0.34;0.36
1993;4;22;112;21.3;14.5;6.6;10.7;8.6;5.7;0.4;0.1;0.16;1.8;1.9;0;684;212;128;80;97148;2.55;0.57;0.34;0.36
1993;4;23;113;21.6;14.7;6.1;10.8;8.6;5.8;0.4;0.6;0.16;1.9;1.9;0;645;214;123;82;97146;2.65;0.14;0.34;0.36
1993;4;24;114;21.6;15.1;7.6;8.6;6.4;4.7;0.3;2.3;0.16;1.9;1.9;0;718;240;142;101;97056;3.03;0;0.34;0.36
1993;4;25;115;22.5;16;8.8;8.3;5.8;2.8;-0.2;2.2;0.16;1.9;1.9;0;689;232;138;98;97100;3.05;0;0.33;0.36
1993;4;26;116;22;15.7;9.3;8.6;7;5.8;-0.9;1.8;0.16;2;1.9;0;563;181;113;81;97350;2.51;0;0.33;0.36
1993;4;27;117;19;14;9.4;9.9;8;6.5;-0.1;0;0.16;2;1.9;0;514;167;114;74;97664;2.22;0.79;0.33;0.36
1993;4;28;118;21.5;15;6.7;7.9;6.1;3.7;-1;0.2;0.16;2;1.9;0;567;211;120;87;97455;2.76;0.02;0.33;0.36
1993;4;29;119;21.1;14.4;7.8;10.3;7.8;4.9;-0.5;-1.2;0.16;2.1;1.9;0;641;196;115;74;97221;2.53;2.51;0.32;0.36
1993;4;30;120;19.3;14.3;8.3;10.4;8.1;6.6;-0.9;0;0.16;2.1;1.9;0;519;181;104;71;97314;2.46;0.46;0.32;0.36
1993;5;1;121;19.7;14.7;8.2;9;7.7;6.1;-0.1;0.3;0.16;2.1;1.9;0;568;207;112;80;97038;2.63;0.33;0.32;0.36
1993;5;2;122;21.2;14.9;6.6;9.4;7.2;5.8;0.4;0.9;0.16;2.1;1.9;0;661;226;126;86;96772;2.88;0;0.32;0.36
1993;5;3;123;20.4;15;7.9;10.3;8.5;6.5;0.1;-0.7;0.16;2.2;1.9;0;608;192;110;74;97357;2.47;0.42;0.32;0.36
1993;5;4;124;19.8;15;10.1;10.6;9;6.8;-0.2;-2.9;0.16;2.2;1.9;0;604;197;102;68;97845;2.81;1.54;0.32;0.36
1993;5;5;125;14.5;12.3;10;10;8.1;6.5;-0.5;-1.9;0.17;2.2;1.9;0;289;97;58;42;97668;1.91;3.51;0.32;0.36
1993;5;6;126;18.3;13.5;8.6;12.1;10.2;7.6;-0.7;-1.4;0.17;2.3;1.9;0;502;165;87;54;97528;2.5;13.38;0.32;0.36
1993;5;7;127;18;14;10.7;11.3;10.4;9.2;-0.5;-1.7;0.17;2.3;1.9;0;442;148;81;51;97521;2.65;13.2;0.33;0.36
1993;5;8;128;20.2;14.8;8.8;11.5;10;7.6;-0.3;-1.4;0.17;2.3;1.9;0;578;188;104;69;97554;2.88;1.58;0.34;0.36
1993;5;9;129;20.1;15.1;9.9;13.6;11.5;8.4;-0.3;-0.8;0.17;2.4;1.9;0;558;191;99;62;97626;2.82;4.05;0.34;0.36
1993;5;10;130;21.4;16.2;9.8;12.1;10.2;8.6;-0.5;0.2;0.17;2.4;1.9;0;652;218;114;76;97718;3.26;0.28;0.34;0.36
1993;5;11;131;21.5;16.4;9.1;10.6;8.3;6;-0.7;0.7;0.17;2.4;1.9;0;703;238;124;90;97568;3.46;0;0.33;0.36
1993;5;12;132;22.1;16.7;9.2;9.3;7;4.4;-0.4;0.7;0.17;2.5;1.9;0;657;229;124;91;96809;3.46;0;0.33;0.36
1993;5;13;133;22.5;16.8;10;10.8;8.6;6.8;0.2;0.8;0.17;2.5;1.9;0;656;237;125;87;95983;3.53;0.12;0.33;0.36
1993;5;14;134;22.7;16.8;9.2;11.8;8.9;6.7;0.3;0.1;0.17;2.5;1.9;0;667;226;122;86;95869;3.42;0.21;0.32;0.36
1993;5;15;135;21.6;15.9;9;13.4;10.1;8.2;0.7;-0.2;0.17;2.5;1.9;0;593;185;111;73;96429;2.75;0.63;0.32;0.36
1993;5;16;136;20.1;16;11;10.2;9.3;8.2;0.7;-2.3;0.17;2.6;1.9;0;530;203;105;76;97404;3;0.02;0.32;0.36
1993;5;17;137;21.8;16.9;9.3;10.9;8.1;6.5;-0.4;-0.6;0.17;2.6;1.9;0;681;249;132;93;97662;3.43;0;0.31;0.36
1993;5;18;138;23.4;18.4;12.1;11.6;9.7;8;-0.3;1.5;0.17;2.6;1.9;0;630;230;116;86;97227;3.38;0.03;0.31;0.36
1993;5;19;139;25.2;19.2;12.3;13.1;10.9;10.1;0.2;1.7;0.17;2.6;1.9;0;638;224;111;85;97200;3.39;0.11;0.31;0.36
1993;5;20;140;26;19.7;12;12.5;10.6;9.5;1;1.8;0.17;2.7;1.9;0;713;248;127;92;97196;3.74;0;0.31;0.36
1993;5;21;141;26.2;19.6;12.3;13;10.5;7.5;1.4;1.1;0.17;2.7;1.9;0;694;228;124;91;97061;3.64;0.37;0.3;0.36
1993;5;22;142;21.1;16.4;11.4;6.9;5;3.7;0.1;-0.4;0.17;2.7;1.9;0;674;220;121;91;97439;3.33;0;0.3;0.36
1993;5;23;143;19.2;15.3;12;9.6;8.3;6.3;-1.1;-0.2;0.17;2.7;1.9;0;494;166;83;67;97685;2.27;0.17;0.3;0.36
1993;5;24;144;20.9;16.8;12;11.4;9.3;7.8;-0.7;0.3;0.17;2.7;1.9;0;452;177;91;65;97650;2.43;0.05;0.3;0.36
1993;5;25;145;23.6;18.8;11.5;13.9;10.7;9;-0.1;0.3;0.17;2.8;1.9;0;606;218;112;80;97334;3.02;0.05;0.29;0.36
1993;5;26;146;28;20.7;11.3;17.9;13.3;10.3;0.8;0.4;0.17;2.8;1.9;0;684;232;122;80;96916;3.3;0.2;0.29;0.35
1993;5;27;147;26.1;21.2;15;13.7;11.5;9.8;2.5;2.8;0.17;2.8;1.9;0;466;173;97;70;96583;2.94;0;0.29;0.35
1993;5;28;148;24.4;19.8;13.4;14.5;12.2;10;1.6;1.1;0.17;2.8;1.9;0;500;187;91;76;96820;2.99;2.3;0.29;0.35
1993;5;29;149;23.1;17.8;11.1;11;9.2;7;0.5;0.5;0.17;2.9;1.9;0;685;238;129;88;97431;3.36;0.03;0.28;0.35
1993;5;30;150;26.3;20.1;13.8;13.1;11;9.3;0.7;1.4;0.17;2.9;1.9;0;600;208;107;81;97058;3.06;0;0.28;0.35
1993;5;31;151;23.5;19.2;15.2;10.8;9.5;7.9;1.2;-1.1;0.17;2.9;1.9;0;591;200;107;76;97293;3.07;0.27;0.28;0.35
1993;6;1;152;24.6;19.1;11.2;11.5;9.6;8.1;0.6;0.9;0.17;2.9;1.9;0;522;208;109;86;97567;2.93;0.04;0.28;0.35
1993;6;2;153;28.1;21.4;14;13.3;10.8;8.2;0.5;1.7;0.17;2.9;1.9;0;717;251;132;92;97010;3.49;0.14;0.27;0.35
1993;6;3;154;20;16.8;13.8;11.9;11.1;10.3;0.4;-1.8;0.17;3;1.9;0;408;129;69;47;96780;2.88;10.55;0.28;0.35
1993;6;4;155;21.3;17.1;13.7;14.7;13.6;11.6;-0.2;-2.3;0.17;3;1.9;0;510;151;80;44;97046;3.49;16.73;0.29;0.35
1993;6;5;156;24.7;19.9;14.3;16;14.1;12.6;0;-1.4;0.17;3;1.9;0;569;214;94;68;97602;3.65;0.44;0.29;0.35
1993;6;6;157;26.5;21.1;13.6;17;14;12.3;0.7;-0.2;0.17;3;1.9;0;625;224;102;76;97615;3.65;0.01;0.29;0.35
1993;6;7;158;27.9;21.7;14.7;17.5;15.3;13.3;1.1;-0.3;0.17;3;1.9;0;654;226;105;72;97356;3.81;0.57;0.29;0.35
1993;6;8;159;23.5;20.2;15.7;16.1;14.7;12.7;-0.9;-0.6;0.17;3.1;1.9;0;530;178;86;56;97472;3.03;0.82;0.28;0.35
1993;6;9;160;25.3;20.7;16.6;12.9;11.5;9.5;-1.1;1;0.17;3.1;1.9;0;559;190;97;60;97598;3.42;0;0.28;0.35
1993;6;10;161;28.3;22;15.7;17;14.1;11.5;-0.3;2.3;0.17;3.1;1.9;0;684;240;108;80;97325;3.99;0.8;0.28;0.35
1993;6;11;162;28;23;16.9;16.5;13.7;12.4;1.4;1.6;0.17;3.1;1.9;0;676;227;109;86;96801;3.86;0.02;0.27;0.35
1993;6;12;163;18.7;16.5;12.1;13.5;12.2;10.1;0.6;-0.3;0.17;3.2;1.9;0;406;138;77;58;96796;2.96;10.59;0.28;0.35
1993;6;13;164;19.4;15.5;10.2;11.1;9.1;7.6;1.2;0.7;0.17;3.2;1.9;0;504;174;85;69;96977;2.92;0.19;0.28;0.35
1993;6;14;165;19.9;16.4;12.4;10.3;8.8;7;0.5;-0.4;0.17;3.2;1.9;0;451;177;95;66;97307;2.87;0.12;0.28;0.35
1993;6;15;166;21.2;16.4;10.9;12.5;10.8;9.6;0.7;-0.4;0.17;3.2;1.9;0;467;172;86;65;97451;2.62;1.63;0.28;0.35
1993;6;16;167;22.7;16.9;11.5;10.9;8.2;4.1;-0.1;-0.5;0.17;3.2;1.9;0;556;211;121;80;97868;3.47;0.06;0.27;0.35
1993;6;17;168;20.6;16;12.1;15.3;11.6;7.8;0.7;-0.3;0.17;3.2;1.9;0;359;113;78;53;97425;1.99;8.88;0.27;0.35
1993;6;18;169;21.4;16.6;11;10.6;8.4;6.9;0.7;0.4;0.17;3.3;1.9;0;568;204;106;82;97915;3.38;0.02;0.28;0.35
1993;6;19;170;27.7;20.1;11;15;12.5;9.1;0.7;1.6;0.17;3.3;1.9;0;721;260;122;90;97651;4.05;0;0.27;0.35
1993;6;20;171;29;21.8;13.9;17;14.4;11.9;1.2;0.4;0.17;3.3;1.9;0;706;250;120;79;97289;4.06;0.94;0.27;0.35
1993;6;21;172;24.5;19.7;16;16.9;14.5;12.9;-0.3;0.9;0.17;3.3;1.9;0;481;157;78;48;97408;2.94;2.5;0.27;0.35
1993;6;22;173;25;19.9;13.7;18;15.3;12.9;-0.2;0.6;0.17;3.3;1.9;0;529;188;79;60;97147;2.99;0.65;0.27;0.35
1993;6;23;174;26.2;21.8;17.3;16.7;15.1;13.8;1.4;2.1;0.17;3.3;1.9;0;476;178;86;62;96659;3.15;1.68;0.27;0.35
1993;6;24;175;19.6;17.1;12.9;15.6;11.7;6.2;0.9;-1.5;0.17;3.3;1.9;0;429;119;89;52;97285;2.88;5.69;0.27;0.35
1993;6;25;176;21;16.4;11.1;9.9;6.8;5.1;0.6;0;0.17;3.4;1.9;0;524;209;116;81;97918;3.27;0.04;0.27;0.35
1993;6;26;177;17.2;14.2;10;10.6;7.6;5.3;0.8;-0.3;0.17;3.4;1.9;0;424;107;85;54;97692;1.86;1.4;0.27;0.34
1993;6;27;178;17.7;13.8;9.3;12.8;10;5.8;0.7;1.1;0.17;3.4;1.9;0;322;98;67;43;97432;1.58;1.86;0.27;0.34
1993;6;28;179;20.2;15.2;10;13;8.9;5.9;0.6;-1.8;0.17;3.4;1.9;0;585;211;108;74;97201;3.66;2.92;0.27;0.34
1993;6;29;180;20.3;15.5;9.3;8.6;6.9;5.6;-0.1;0.2;0.17;3.4;1.9;0;522;212;117;87;97584;3.11;0;0.27;0.34
1993;6;30;181;23.1;17.9;10.5;15.3;10.3;7.4;0.2;0.3;0.17;3.4;1.9;0;614;217;107;77;97192;3.12;0;0.26;0.34
1993;7;1;182;22.5;17.5;12.2;11.3;9.8;9;-1.3;-0.2;0.17;3.4;1.9;0;667;253;123;90;97464;3.55;0;0.26;0.34
1993;7;2;183;26.2;20.7;14.5;13.8;11.3;8.9;-0.2;1.1;0.17;3.5;1.9;0;716;256;121;85;97488;3.73;0;0.26;0.34
1993;7;3;184;27.4;21.6;14.2;17.8;14.9;12.7;0.9;-0.3;0.17;3.5;1.9;0;586;213;100;70;97697;3.26;0.3;0.25;0.34
1993;7;4;185;29.8;24;15.7;17.8;14.1;11.6;0.8;0.2;0.17;3.5;1.9;0;655;235;117;81;98019;3.63;0;0.25;0.34
1993;7;5;186;30.5;24.6;17.5;16.7;15.7;14.5;-0.1;0.7;0.17;3.5;1.9;0;663;234;110;77;97520;3.58;0;0.25;0.34
1993;7;6;187;21.7;17.6;13.1;17.3;11.9;4.4;0.1;-2;0.17;3.5;1.9;0;233;91;81;51;97233;2.92;16.6;0.26;0.34
1993;7;7;188;20.5;15.8;9.9;8.9;5.9;4;0.9;-1.8;0.17;3.5;1.9;0;468;172;103;77;97688;3.07;0;0.26;0.34
1993;7;8;189;21.3;16.7;10.4;10.4;8.9;7.3;-0.6;0.4;0.17;3.5;1.9;0;489;190;109;72;97660;2.99;0.08;0.26;0.34
1993;7;9;190;25.2;19.6;13.3;12.4;10.5;8.9;0.1;1.9;0.17;3.6;1.9;0;659;236;112;85;97418;3.69;0.05;0.26;0.34
1993;7;10;191;27.3;21.2;14.4;13.2;11.5;9.7;1.7;2.7;0.17;3.6;1.9;0;681;236;110;82;96764;3.86;0;0.25;0.34
1993;7;11;192;24.6;18.3;12.4;13.4;10.2;4.9;1;0.3;0.17;3.6;1.9;0;541;177;91;66;96509;3.09;0.95;0.25;0.34
1993;7;12;193;19.3;14.5;10.3;8.8;6.4;4.9;0.9;-0.8;0.17;3.6;1.9;0;572;201;119;80;97314;3.01;1.97;0.25;0.34
1993;7;13;194;18.4;14.3;10.5;6.9;5;2.6;1.6;-2.2;0.17;3.6;1.9;0;637;218;123;84;97699;3.23;0.57;0.25;0.34
1993;7;14;195;21.1;15.6;7.8;8.6;5.3;3.6;0.6;0.1;0.17;3.6;1.9;0;585;197;112;79;97449;2.76;0.06;0.25;0.34
1993;7;15;196;22.5;17.8;13;14.3;11.8;8.7;1.1;0.5;0.17;3.6;1.9;0;435;143;80;51;97163;2.09;2.36;0.24;0.34
1993;7;16;197;27.8;20.7;14.7;16.7;15.1;13.6;1.1;0.5;0.17;3.6;1.9;0;687;205;106;60;97396;3.28;1.29;0.24;0.34
1993;7;17;198;29.5;22.2;14.4;18;16;13.6;0.8;0;0.17;3.6;1.9;0;642;215;105;72;97583;3.38;1.13;0.24;0.34
1993;7;18;199;25.8;20.7;15.4;18.8;17.7;15.3;0.4;-0.3;0.17;3.6;1.9;0;499;170;79;51;97464;2.92;4.59;0.24;0.34
1993;7;19;200;27.8;21.9;16.9;17.8;16.8;15.1;0.2;0.2;0.17;3.6;1.9;0;519;183;88;55;96980;3.04;0.76;0.24;0.34
1993;7;20;201;20.6;18.4;15;14.9;13.5;11.8;0.1;-1.2;0.17;3.6;1.9;0;338;121;62;48;96741;2.37;5.4;0.24;0.34
1993;7;21;202;21.8;17.9;14.5;13.7;11.5;9.6;0.2;-1.1;0.17;3.6;1.9;0;473;151;86;53;97229;2.75;0.35;0.24;0.34
1993;7;22;203;21.4;17.4;14.3;10.2;8.8;7.3;0.7;-2.8;0.17;3.6;1.9;0;652;214;117;81;97523;3.15;0.1;0.24;0.34
1993;7;23;204;21;17;13;9.7;7.5;5.9;1.8;-1.7;0.17;3.6;1.9;0;588;222;108;88;97855;3.09;0;0.24;0.34
1993;7;24;205;26.5;19.8;11.8;12.7;9.8;7.5;1.4;0.4;0.17;3.6;1.9;0;643;211;112;79;97519;3.07;0;0.24;0.33
1993;7;25;206;28;21.3;12.7;14.3;12.4;11.2;2;1.4;0.17;3.6;1.9;0;691;237;112;78;96868;3.29;0.76;0.23;0.33
1993;7;26;207;18.6;16.6;12.3;15;11.2;8.9;0.6;-0.4;0.17;3.6;1.9;0;272;64;81;37;97510;1.58;3.25;0.24;0.33
1993;7;27;208;23.4;17.3;9.2;11.4;8.5;7.2;0.7;0.8;0.17;3.6;1.9;0;617;205;112;82;97799;2.87;0;0.23;0.33
1993;7;28;209;22.5;18.5;15.8;15.7;12.7;9.1;0.4;0;0.17;3.6;1.9;0;234;76;72;33;97672;1.2;1.26;0.23;0.33
1993;7;29;210;25.5;20.5;16.4;16.6;15.6;15;-0.2;-0.1;0.17;3.6;1.9;0;471;134;78;46;97897;2.12;0.12;0.23;0.33
1993;7;30;211;31.1;23.8;15.9;17.3;15.6;14.3;-0.3;1.4;0.17;3.6;1.9;0;685;241;121;84;97599;3.38;0;0.23;0.33
1993;7;31;212;30.9;22.6;17.7;16.6;13.1;8.7;1.3;-0.6;0.17;3.6;1.9;0;661;215;112;82;97333;3.07;0.34;0.23;0.33
1993;8;1;213;24.9;20.2;16.4;12.5;10.4;9.4;-0.9;-1.1;0.17;3.6;1.9;0;661;206;110;78;98069;2.76;0;0.23;0.33
1993;8;2;214;27.9;21.4;13.2;15.3;12.7;11;-0.2;-0.2;0.17;3.6;1.9;0;691;238;128;89;97905;2.93;0;0.22;0.33
1993;8;3;215;31.1;24.4;15.4;15.5;13.5;10.6;-0.1;-0.1;0.17;3.6;1.9;0;662;226;129;83;97790;2.92;0;0.22;0.33
1993;8;4;216;31.7;26.2;16.5;15.7;13.4;12;0;0.2;0.17;3.6;1.9;0;658;220;124;81;97744;2.75;0;0.22;0.33
1993;8;5;217;32.5;25.3;18.4;18.9;16.2;13.9;0.6;0.4;0.17;3.6;1.9;0;656;208;113;72;97528;2.74;2.06;0.22;0.33
1993;8;6;218;27.6;21.5;17.8;18.4;17.3;15.6;0.4;-0.9;0.17;3.6;1.9;0;601;168;104;58;97562;2.94;7.77;0.22;0.33
1993;8;7;219;23.7;19.9;16.2;15.3;12.5;11;-0.3;-0.1;0.17;3.5;1.9;0;540;172;101;65;97829;2.68;0.09;0.22;0.33
1993;8;8;220;23.9;20.1;14.8;14.7;12;11;-0.2;0.4;0.17;3.5;1.9;0;618;183;107;70;97513;2.41;0.01;0.22;0.33
1993;8;9;221;19.9;17.4;14.9;16;14.4;12.9;0.4;-0.7;0.17;3.5;1.9;0;267;90;73;46;97232;1.82;6.27;0.22;0.33
1993;8;10;222;24.9;18.8;13;13.6;11.9;9.8;0.9;-0.5;0.17;3.5;1.9;0;588;173;109;67;96921;2.68;0.89;0.22;0.33
1993;8;11;223;22.9;17.7;11;12.6;8.9;5.5;0.2;-0.7;0.17;3.5;1.9;0;591;195;120;86;97436;2.76;0;0.22;0.33
1993;8;12;224;26.4;19.9;12.1;13.4;11.2;8;-0.1;1.1;0.17;3.5;1.9;0;672;227;127;91;97625;2.87;0;0.22;0.33
1993;8;13;225;28.1;21.5;13.7;17.1;13.9;11.4;-0.6;-0.7;0.17;3.5;1.9;0;664;198;120;82;97765;2.55;0.17;0.22;0.33
1993;8;14;226;29.4;22.9;15.4;16.2;13.3;10.4;-0.6;0.8;0.17;3.5;1.9;0;670;229;138;94;97921;2.85;0;0.22;0.33
1993;8;15;227;30.6;24.3;17.8;15;12.6;10.5;-0.6;0.9;0.17;3.5;1.9;0;675;231;142;98;97742;2.72;0;0.22;0.33
1993;8;16;228;30.4;24.4;16.2;15.9;12.5;10;-0.6;-0.1;0.17;3.5;1.9;0;641;215;131;88;97803;2.56;0;0.21;0.33
1993;8;17;229;29;23.2;16.6;18.2;14.9;10.7;0.2;-1.3;0.17;3.5;1.9;0;597;189;117;74;97888;2.53;2.07;0.21;0.33
1993;8;18;230;23.3;20.4;17.8;15.3;13.8;12.7;-0.6;-1;0.16;3.4;1.9;0;368;112;74;51;98092;1.48;0.08;0.21;0.33
1993;8;19;231;24.5;20.3;15.3;14.2;11.1;8.4;-0.6;-0.3;0.16;3.4;1.9;0;503;169;105;72;98050;1.99;0;0.21;0.33
1993;8;20;232;25.4;20.8;15.1;16.6;13.4;12.3;0.1;-0.4;0.16;3.4;1.9;0;533;169;109;70;97988;1.86;0.07;0.21;0.32
1993;8;21;233;28.8;22.8;15.1;16.4;14.1;12.3;0.5;0.2;0.16;3.4;1.9;0;600;178;113;76;97673;2;0;0.21;0.32
1993;8;22;234;32.3;24.5;15.7;16.4;14.4;13;1.4;1.4;0.16;3.4;1.9;0;643;214;130;89;97085;2.29;0;0.21;0.32
1993;8;23;235;31.7;25.3;19;15.9;13.5;11.2;0.9;1.5;0.16;3.3;1.9;0;573;186;123;86;96783;2.09;0.02;0.21;0.32
1993;8;24;236;28.1;21.1;15.9;15.6;13.7;10.7;-1.3;-0.8;0.16;3.3;1.9;0;486;153;103;67;97020;1.53;0.49;0.2;0.32
1993;8;25;237;15.8;14;13;11.8;10.6;9.8;-0.9;-0.5;0.16;3.3;1.9;0;147;43;43;24;97352;1.76;10.19;0.21;0.32
1993;8;26;238;17.9;15;11.6;11.9;10.5;9.3;-0.2;-0.2;0.16;3.3;1.9;0;347;98;77;46;97481;1.67;1.94;0.21;0.32
1993;8;27;239;19.6;15.8;13;13.8;11.6;10.2;-0.6;0.9;0.16;3.2;1.9;0;334;95;51;34;97171;1.23;2.58;0.21;0.32
1993;8;28;240;18;15;12.8;12.9;9.4;6.5;-0.1;-2.1;0.16;3.2;1.9;0;375;89;68;40;97025;1.82;1.17;0.21;0.32
1993;8;29;241;17.1;14;10.8;7.5;6.2;5;-0.2;-2.9;0.16;3.2;1.9;0;598;186;112;78;98018;2.01;0.43;0.21;0.32
1993;8;30;242;19.5;14.2;7.7;7.2;5.1;3;0.6;0.5;0.16;3.2;1.9;0;540;172;127;84;97993;1.91;0;0.21;0.32
1993;8;31;243;17.4;14;11.2;10;6.2;3.3;1.3;-0.9;0.16;3.1;1.9;0;562;153;114;68;97549;2.15;2.35;0.21;0.32
1993;9;1;244;16.4;13.2;9.5;7.8;6.2;4.4;1.7;-1.5;0.16;3.1;1.9;0;369;128;92;69;97802;1.6;1.07;0.21;0.32
1993;9;2;245;18.7;14.4;8.8;9.9;7.5;6.3;0.3;-0.4;0.16;3.1;1.9;0;517;159;104;72;97753;1.63;0.31;0.21;0.32
1993;9;3;246;19.5;14.6;11.5;13;10.4;7.9;0.3;0.3;0.16;3.1;1.9;0;541;135;104;66;96968;1.43;3.39;0.21;0.32
1993;9;4;247;17.6;12.8;8.4;12.5;10.4;8.3;0.1;-0.5;0.16;3.1;1.9;0;440;109;77;45;96618;1.58;10.12;0.21;0.32
1993;9;5;248;16.6;12.1;9.2;8.9;5.2;2.8;1.4;-1.9;0.16;3;1.9;0;585;157;111;72;96972;2.55;2.11;0.22;0.32
1993;9;6;249;16.5;12.2;7.7;5.4;4.1;3.1;0.8;0.8;0.16;3;1.9;0;515;148;115;86;97654;1.71;0;0.22;0.32
1993;9;7;250;22;14.8;7.1;10.6;8.2;4.8;1;1.2;0.16;3;1.9;0;622;195;134;92;97321;2.04;0;0.22;0.32
1993;9;8;251;23.1;17.3;10.3;14.6;12.3;9.1;2;2;0.16;3;1.9;0;472;144;85;67;96909;1.61;0.04;0.22;0.32
1993;9;9;252;25.5;19.3;13.1;15.8;14.4;12.5;1.5;1.9;0.15;2.9;1.9;0;473;148;90;66;96996;1.7;0.06;0.22;0.32
1993;9;10;253;24.9;19.6;15.7;16.4;15.1;13.9;1;1.1;0.15;2.9;1.9;0;415;129;90;58;96746;1.59;4.46;0.22;0.32
1993;9;11;254;20.6;17.1;13.4;14.3;12.8;10.7;0.1;0.8;0.15;2.9;1.9;0;451;120;84;56;96953;1.76;0.42;0.22;0.32
1993;9;12;255;20.1;15.6;10.6;12.7;11.6;10.4;0.1;-0.1;0.15;2.9;1.9;0;517;144;100;64;96572;1.64;0.42;0.22;0.32
1993;9;13;256;23.4;17.8;12.2;13;11.5;10.1;1.5;2.8;0.15;2.9;1.9;0;518;161;109;79;96300;1.83;0;0.22;0.32
1993;9;14;257;22.1;18.6;15.6;13.4;11.3;9;0.7;3.5;0.15;2.8;1.9;0;444;130;113;70;96185;1.63;0.1;0.22;0.32
1993;9;15;258;20.9;16.9;13;10.5;8.7;6.7;0.8;2.2;0.15;2.8;1.9;0;575;153;128;87;96517;1.77;0;0.22;0.32
1993;9;16;259;22;16.6;10.9;13.1;10.8;9.1;1;1.1;0.15;2.8;1.9;0;504;152;105;80;96806;1.54;0.8;0.21;0.32
1993;9;17;260;18.3;15.6;13.6;11.8;10.3;8.2;-0.4;0.6;0.15;2.7;1.9;0;349;76;70;37;97406;1.07;0.68;0.21;0.32
1993;9;18;261;16.8;14.1;11.8;11.8;10.7;9.7;0;0.5;0.15;2.7;1.9;0;327;70;80;43;97826;1.13;1.98;0.22;0.32
1993;9;19;262;17.9;14.5;10.8;11.1;10;8.9;-0.9;0.1;0.15;2.6;1.9;0;342;93;65;42;98302;0.9;0;0.22;0.32
1993;9;20;263;18.5;15;11.7;10.7;10.2;9.1;-1.1;0.5;0.15;2.6;1.9;0;322;93;70;46;98563;0.91;0.09;0.21;0.32
1993;9;21;264;21.4;15.7;10.2;12.8;10.6;7.8;-0.7;1.2;0.15;2.6;1.9;0;548;156;116;77;98352;1.35;0;0.21;0.32
1993;9;22;265;22.7;16.8;12;14.1;12.5;10.6;-0.6;1.4;0.15;2.5;1.9;0;539;152;114;73;97992;1.28;0.02;0.21;0.32
1993;9;23;266;25.9;18.9;12.7;14.6;13.8;12;0.9;2;0.15;2.5;1.9;0;543;158;118;81;97297;1.41;0;0.21;0.32
1993;9;24;267;25.1;18.7;12.4;13.8;12.7;11.6;0.5;2.1;0.15;2.4;1.9;0;555;162;123;89;96998;1.42;0;0.21;0.32
1993;9;25;268;20.2;16.3;12.6;14.3;12.6;10.2;-0.2;2;0.15;2.4;1.9;0;364;103;83;58;96524;1.21;1.46;0.21;0.32
1993;9;26;269;15.3;13.6;12;13;10;7.1;0.4;-0.2;0.15;2.4;1.9;0;242;64;56;36;96844;1.2;3.7;0.21;0.32
1993;9;27;270;14.8;12.2;9.2;9.3;7.8;6;0.5;1;0.15;2.3;1.9;0;208;60;86;52;97501;0.64;0.15;0.21;0.32
1993;9;28;271;17.9;12.4;6.5;9.8;8.1;5.7;-0.1;0.7;0.15;2.3;1.9;0;498;118;115;64;97311;0.94;0.02;0.21;0.32
1993;9;29;272;12.2;10.5;9.7;10.2;9.3;8;-0.2;-1.8;0.15;2.2;1.9;0;29;8;32;15;97081;0.81;42.42;0.23;0.31
1993;9;30;273;13.6;10.5;6.4;7.9;7;5.5;-1.2;0.6;0.15;2.2;1.9;0;318;83;77;46;97539;1.08;0.07;0.25;0.31
1993;10;1;274;18.7;13.5;8.9;9.8;8.6;6.4;-0.4;2.9;0.15;2.2;1.9;0;398;99;76;53;96993;1.26;0.03;0.25;0.31
1993;10;2;275;20;15.6;12.6;14.6;12.5;9.8;-1.9;3.3;0.14;2.1;1.9;0;301;77;51;31;96090;1.74;21.37;0.25;0.31
1993;10;3;276;17.1;14.6;11.4;14.3;10.9;8.2;-0.5;1.3;0.14;2.1;1.9;0;312;87;85;45;96003;1.52;5.03;0.27;0.31
1993;10;4;277;16.4;12.4;8.4;8.6;7.2;5.6;0.3;-1;0.14;2;1.9;0;294;75;87;55;96871;1.43;0.4;0.27;0.31
1993;10;5;278;19.5;13.1;7;10.7;8.5;6;0.3;1.3;0.14;2;1.9;0;504;141;121;82;97150;1.44;0;0.27;0.31
1993;10;6;279;21.1;15.7;11.4;12.2;11;8.7;1.5;3.2;0.14;2;1.9;0;460;123;101;74;96726;1.46;0;0.27;0.31
1993;10;7;280;19.9;16.2;12.9;14.5;13;11.5;1.1;2.3;0.14;1.9;1.9;0;239;70;76;59;97090;0.79;0.16;0.27;0.31
1993;10;8;281;22;16.8;12.8;14.5;12.9;11.6;0.2;1.7;0.14;1.9;1.9;0;392;102;96;63;97044;1.17;0;0.27;0.31
1993;10;9;282;19.2;15;10.9;12.8;10.5;8.1;0.2;0.7;0.14;1.8;1.9;0;454;112;108;67;97053;1.35;0.65;0.27;0.31
1993;10;10;283;18.2;13.2;8.3;10.2;8.3;6.6;0.9;1.1;0.14;1.8;1.9;0;438;101;102;67;97398;1.13;0;0.27;0.31
1993;10;11;284;20.5;13.8;7.9;11.1;8.9;6.3;1.7;1.4;0.14;1.8;1.9;0;488;133;119;86;96953;1.27;0;0.27;0.31
1993;10;12;285;22.5;16.5;10;12.9;10.3;8.7;2.1;2.5;0.14;1.7;1.9;0;463;124;111;78;96650;1.4;0;0.26;0.31
1993;10;13;286;21.8;17.9;14.2;14.2;12.6;10;1;2.8;0.14;1.7;1.9;0;364;101;92;65;96844;1.18;0.07;0.26;0.31
1993;10;14;287;22.8;17.5;14;13.9;12.3;10.7;1.3;3.2;0.14;1.6;1.9;0;382;95;100;73;96521;1.07;0.05;0.26;0.31
1993;10;15;288;18.4;14.7;11.3;11.5;10.2;9.5;1;1.9;0.14;1.6;1.9;0;393;84;97;64;96959;0.87;1.06;0.26;0.31
1993;10;16;289;17.9;12.8;6.7;10.1;8.1;6.4;0.5;1.3;0.14;1.6;1.9;0;428;107;107;77;97733;1.1;0.15;0.26;0.31
1993;10;17;290;19.6;13.8;9.4;13.1;9.3;6;-0.2;0.3;0.14;1.6;1.9;0;309;76;87;53;97649;0.89;0.37;0.26;0.31
1993;10;18;291;9.8;7.6;6.2;5.2;3.6;2.2;-1;-1.5;0.14;1.6;1.9;0;73;17;22;17;98953;0.8;4.88;0.26;0.31
1993;10;19;292;7.2;6.7;6;4.8;4.3;3.7;-0.8;-0.6;0.14;1.5;1.9;0;65;16;16;13;99011;0.62;6.6;0.27;0.31
1993;10;20;293;10.1;8.3;6.9;6.3;5.6;4.6;-0.4;0.2;0.13;1.5;1.9;0;174;44;33;21;98198;0.45;0.23;0.27;0.31
1993;10;21;294;8.8;7.9;6.4;7.7;6.5;5.4;-0.8;-0.8;0.13;1.5;1.9;0;54;13;15;11;97212;0.62;15.46;0.27;0.31
1993;10;22;295;10;7.8;6.1;9.5;6.9;4.8;0.2;-1.8;0.13;1.5;1.9;0;47;10;10;7;96869;0.6;35.6;0.3;0.31
1993;10;23;296;15.3;12.3;10.3;12.2;10.8;9.6;-1.9;-1.5;0.13;1.5;1.9;0;215;47;38;19;96744;1.04;23.27;0.33;0.31
1993;10;24;297;15;11.2;7.7;10.9;7.6;6.5;0.2;1.7;0.13;1.5;1.9;0;329;86;99;64;97268;1.01;0.26;0.34;0.31
1993;10;25;298;12.8;8.3;3.8;8.1;6.2;3.4;-0.2;-0.8;0.13;1.5;1.9;0;253;72;87;55;97985;0.83;1.95;0.34;0.31
1993;10;26;299;7.7;6.1;4.6;5.1;1.8;0.3;-1.3;-0.4;0.13;1.4;1.9;0;249;55;63;40;98514;0.74;0.14;0.34;0.31
1993;10;27;300;8.3;5.2;2.5;2.4;0.8;0.2;-0.1;-0.3;0.13;1.4;1.9;0;321;85;127;72;98613;0.57;0;0.34;0.31
1993;10;28;301;9.7;4.6;0;3.5;1.5;-1.2;0.1;-0.4;0.13;1.4;1.9;0;415;103;118;82;98607;0.63;0;0.34;0.31
1993;10;29;302;10.1;4.8;-1;5.6;2.5;-1.5;0.1;-0.3;0.13;1.4;1.9;0;377;94;113;73;98670;0.57;0;0.34;0.31
1993;10;30;303;8.7;4;-0.7;4.7;2.2;-0.9;0;-0.5;0.13;1.4;1.9;0;292;70;104;55;98758;0.42;0;0.33;0.31
1993;10;31;304;7.6;3.6;0.1;3.1;1.9;0;-0.2;0.5;0.13;1.4;1.9;0;312;74;87;52;98529;0.41;0.01;0.33;0.31
1993;11;1;305;9.1;4.8;1.8;4.8;3.2;1.7;-0.4;0.8;0.12;1.4;1.9;0;248;60;71;42;98058;0.36;0.03;0.33;0.31
1993;11;2;306;11;6.1;2.4;6.2;4.2;2.3;-0.5;0.7;0.12;1.4;1.9;0;294;61;68;44;97494;0.35;0.02;0.33;0.31
1993;11;3;307;11.9;7.7;4.7;7.6;5.8;4.1;-0.7;0.3;0.12;1.3;1.9;0;266;63;73;35;97260;0.42;0.03;0.33;0.31
1993;11;4;308;10.9;8.4;6.4;8.3;7.4;6.3;-0.6;-0.2;0.12;1.3;1.9;0;168;36;34;13;97264;0.24;0.25;0.33;0.31
1993;11;5;309;10.2;9.1;8.2;9;8.3;7.4;-0.5;-0.8;0.12;1.3;1.9;0;63;16;11;5;97025;0.26;2.27;0.33;0.31
1993;11;6;310;10.7;9.7;9.1;9.9;9.3;8.8;-0.7;-0.4;0.12;1.3;1.9;0;73;15;21;7;96258;0.26;8.15;0.34;0.31
1993;11;7;311;16.5;11.1;7.9;10;8.3;6.8;0.8;1.9;0.12;1.3;1.9;0;272;65;96;52;96417;0.7;1.74;0.34;0.31
1993;11;8;312;11.4;8;4.7;8.7;6.8;4.3;1;-0.4;0.12;1.3;1.9;0;183;44;67;45;96963;0.46;3.07;0.34;0.31
1993;11;9;313;12;7.8;2.7;7.3;5.3;2.3;0.1;-0.2;0.12;1.3;1.9;0;259;61;84;52;97559;0.51;1.22;0.35;0.31
1993;11;10;314;8.6;6.6;5.2;5.3;5;4.6;-0.1;0.4;0.12;1.2;1.9;0;130;29;57;26;97960;0.44;2.94;0.35;0.31
1993;11;11;315;10.1;7.2;5.2;4.7;4.2;3.5;-1.1;1.3;0.12;1.2;1.9;0;260;52;62;33;97984;0.52;1.33;0.35;0.31
1993;11;12;316;4.6;2.1;0.2;3.5;0.6;-1.6;-1.4;-0.1;0.12;1.2;1.9;0.27;126;26;26;14;98380;0.84;8.11;0.35;0.31
1993;11;13;317;0;-1.8;-7.2;-1.6;-3.1;-8.4;-0.2;-0.5;0.32;1.2;1.9;18.61;59;12;67;26;98252;0.12;21.01;0.35;0.31
1993;11;14;318;1.8;-2.3;-8.7;-1.5;-4.7;-10.4;0;1.1;0.35;1.2;1.9;23.81;138;28;51;23;97837;0.2;0.19;0.35;0.31
1993;11;15;319;2;0.7;-0.2;0.8;-0.4;-1.5;-0.1;-0.1;0.35;1.2;1.9;23.19;93;19;36;15;97421;0.02;4.57;0.36;0.31
1993;11;16;320;5;2;-1.3;-0.8;-2.4;-4.4;0.2;-3.3;0.34;1.2;1.9;21.33;185;39;69;44;97982;0.71;0.02;0.36;0.31
1993;11;17;321;1.6;-0.3;-2.7;-4.5;-5.2;-6.3;-1;-2.3;0.34;1.2;1.9;19.39;144;30;68;45;98757;0.66;0.51;0.36;0.31
1993;11;18;322;0.4;-2.1;-4;-6;-7.1;-7.8;-1.2;-0.6;0.33;1.2;1.9;18.58;251;55;105;62;99017;0.43;0;0.36;0.31
1993;11;19;323;-2.3;-3.9;-5.7;-7.7;-8.6;-9.6;-1.1;-0.3;0.33;1.2;1.9;17.8;180;41;77;45;98663;0.36;0.05;0.36;0.31
1993;11;20;324;-4;-5;-7;-6.6;-7.9;-10;-1.7;-1.4;0.33;1.2;1.9;20.32;65;15;24;14;97869;0.3;9.13;0.36;0.31
1993;11;21;325;-1.8;-4.8;-7.9;-5.5;-6.7;-9.2;-0.3;0.1;0.35;1.2;1.9;26.94;203;47;89;37;97713;0.3;1.2;0.36;0.31
1993;11;22;326;-0.8;-3.8;-11.2;-3;-5;-12.2;0;-0.7;0.35;1.2;1.9;33.43;101;18;66;25;97873;0.09;8.73;0.36;0.31
1993;11;23;327;-1.7;-8;-15.1;-4.4;-9.7;-16.6;0;0.1;0.35;1.2;1.9;36.1;210;42;79;38;98360;0.21;0.02;0.36;0.31
1993;11;24;328;-1;-4.3;-7.2;-3.2;-5.5;-8.1;0.1;-0.1;0.35;1.2;1.9;36.15;128;28;54;19;98514;0.16;0.25;0.36;0.31
1993;11;25;329;-1.3;-4.2;-6.8;-3.5;-5.5;-7.4;-0.2;-0.6;0.35;1.2;1.9;36.31;142;31;57;29;98908;0.22;0.34;0.36;0.31
1993;11;26;330;-4.2;-6.8;-9.4;-7.3;-8.3;-10.3;-0.1;-0.8;0.34;1.2;1.9;36.36;178;35;70;26;99088;0.21;0.18;0.36;0.31
1993;11;27;331;-3.8;-5.7;-7;-7.2;-7.9;-8.8;-0.6;-0.3;0.34;1.2;1.9;36.7;125;26;39;18;98705;0.23;0.6;0.36;0.32
1993;11;28;332;-5.3;-6.7;-8.4;-7.8;-8.6;-9.7;-0.7;-0.3;0.34;1.2;1.9;37.5;95;19;23;12;98270;0.19;4.66;0.36;0.32
1993;11;29;333;-3.9;-5.5;-7.1;-5.3;-7.1;-8.3;-0.4;-1.7;0.35;1.2;1.9;49.8;45;10;14;9;98242;0.07;22.18;0.36;0.32
1993;11;30;334;-0.1;-2.3;-3.8;-2.3;-3.8;-5.2;-0.5;-0.7;0.36;1.2;1.9;66.33;85;19;47;20;97742;0.11;3.62;0.35;0.32
1993;12;1;335;-3.3;-4.5;-5.6;-4.9;-5.8;-6.3;-0.9;0.4;0.35;1.2;1.9;67.12;75;18;32;17;97398;0.11;0.37;0.35;0.32
1993;12;2;336;-1.9;-6.1;-11.1;-5;-7.9;-12.1;0.7;0.2;0.35;1.2;1.9;67.25;200;43;85;48;98056;0.12;0;0.35;0.32
1993;12;3;337;3.2;-2.5;-7.8;-0.5;-4.9;-9.4;1.1;0.3;0.35;1.2;1.9;67.19;168;38;73;37;98305;0.09;0;0.35;0.32
1993;12;4;338;4;-3.1;-9.6;-0.5;-5.4;-11.3;0.9;-0.1;0.35;1.2;1.9;66.9;164;38;85;52;97953;0.12;0;0.35;0.32
1993;12;5;339;4.8;-2.4;-9.4;-0.8;-5.2;-11;1;-0.6;0.34;1.2;1.9;66.59;160;33;48;34;98096;0.08;0.1;0.35;0.32
1993;12;6;340;2;-2;-6.4;0.5;-3;-7.4;0.5;0.3;0.34;1.2;1.9;66.19;126;28;68;39;98441;0.03;0;0.35;0.32
1993;12;7;341;-0.2;-3.2;-6;-1.6;-4;-6.8;-0.1;0.5;0.34;1.2;1.9;66.01;87;20;47;24;97605;0.09;0.46;0.35;0.32
1993;12;8;342;2.9;-1.8;-6.8;0;-3.5;-7.7;0.8;0.6;0.34;1.2;1.9;65.86;216;42;95;43;96839;0.09;0.34;0.35;0.32
1993;12;9;343;5.3;-0.3;-3.9;1.8;-2;-5;1.7;0.5;0.33;1.2;1.9;63.93;198;43;98;59;96550;-0.04;0;0.35;0.32
1993;12;10;344;5.7;-0.8;-6.5;1.1;-2.9;-8.3;0.9;0.5;0.33;1.2;1.9;61.46;214;43;95;57;97303;0.03;0;0.36;0.32
1993;12;11;345;2.5;0.6;-2.7;0.7;-0.5;-3.5;1.1;0.3;0.33;1.2;1.9;59.5;81;14;58;25;96559;-0.13;2.62;0.36;0.32
1993;12;12;346;2.7;-3.2;-6.9;-1.7;-5.7;-9.2;1.6;0.5;0.33;1.2;1.9;59.01;211;45;104;73;97252;0.35;0.04;0.36;0.32
1993;12;13;347;4.2;-0.6;-6.5;-1;-3.6;-8.8;1.3;1.2;0.32;1.2;1.9;58.51;109;24;86;36;96867;0.11;0;0.36;0.32
1993;12;14;348;7.1;3.4;1;4;1.6;-0.6;0.6;-0.1;0.32;1.2;1.9;55.29;107;19;25;5;96431;-0.08;1.45;0.36;0.32
1993;12;15;349;3.6;2.4;1.1;2.7;1.4;0.5;0.4;0.9;0.32;1.2;1.9;48.57;99;19;48;19;96147;-0.19;5.52;0.38;0.32
1993;12;16;350;6.6;2.9;-1.9;3.8;1.7;-2;0.4;0.6;0.32;1.2;1.9;41.26;134;23;57;32;95828;-0.15;6.43;0.38;0.32
1993;12;17;351;4.7;-0.5;-5;0.4;-2.1;-6;1.3;0.1;0.32;1.2;1.9;37.57;190;39;91;49;97066;0.01;0.64;0.39;0.32
1993;12;18;352;7.3;1.9;-1.4;2;-0.2;-2.5;0.6;0.2;0.32;1.2;1.9;34.74;199;42;94;47;98240;0.01;0.02;0.39;0.32
1993;12;19;353;6.2;2.1;-2.7;3.1;0.3;-3.4;1.6;1.1;0.31;1.2;1.9;29.85;206;42;95;45;97839;-0.18;0.3;0.4;0.32
1993;12;20;354;9.3;5.8;3.6;4.1;2.9;1.7;2.7;1.1;0.27;1.1;1.9;19.21;152;29;72;38;96715;-0.06;0;0.41;0.32
1993;12;21;355;9.9;6.6;4.5;6.4;4.6;3.3;1.1;0.8;0.2;1.1;1.9;11.73;157;29;59;29;96055;0.03;6.38;0.41;0.32
1993;12;22;356;6;3.1;0.8;3.5;-1.8;-6;1.1;1.3;0.18;1.1;1.9;9.04;252;50;112;62;96933;0.52;1.8;0.42;0.32
1993;12;23;357;6.8;2.5;-0.7;-0.5;-2.6;-4.1;1.1;1;0.17;1.1;1.9;8.13;253;54;114;72;96797;0.27;0;0.41;0.33
1993;12;24;358;7.8;3.2;-1.1;4.9;1.6;-3.1;0.3;2.2;0.16;1.1;1.9;6.88;113;24;62;29;95614;0.27;10.43;0.41;0.33
1993;12;25;359;1.9;-0.3;-5.2;0.4;-2.6;-7.1;1;0.5;0.25;1.1;1.9;12.1;86;20;76;41;95183;0.34;6.65;0.42;0.33
1993;12;26;360;-0.2;-2.4;-6.2;-1.8;-5;-8.9;0.2;-3;0.32;1.1;1.9;22.89;26;5;54;16;95733;0.32;22.84;0.41;0.33
1993;12;27;361;0.9;0;-0.8;-4.2;-4.7;-5.5;1.5;-2.7;0.36;1.1;1.9;40.04;53;12;27;20;96319;0.55;6.9;0.41;0.34
1993;12;28;362;2.4;-1.5;-8.3;-3.3;-5;-9.4;1.3;-0.1;0.35;1.1;1.9;41.87;163;32;88;44;97124;0.21;0.19;0.4;0.34
1993;12;29;363;-0.2;-8.2;-14.3;-6.2;-11.2;-16.2;1.1;0.1;0.35;1.1;1.9;41.71;208;44;102;57;97766;0.14;0;0.4;0.34
1993;12;30;364;0.6;-7.1;-15.5;-3.1;-9.7;-17.6;1.4;0.4;0.35;1.1;1.9;41.69;113;24;71;30;97814;0.11;0.06;0.4;0.34
1993;12;31;365;2.7;-2.3;-7.2;-1.9;-4.9;-9.3;1.4;1.4;0.34;1.1;1.9;41.61;97;22;70;38;97337;0.11;0.07;0.4;0.34
1994;1;1;1;3.3;1.3;-1.2;0.2;-1.2;-2.5;0.8;-0.9;0.34;1.1;1.9;41.61;25;6;36;19;96561;0.17;8.24;0.4;0.34
1994;1;2;2;2.1;-1.2;-6.5;-2.3;-4.2;-8.4;0.8;0.5;0.34;1.1;1.9;40.79;210;42;95;61;96836;0.32;0;0.4;0.34
1994;1;3;3;2.7;-3.5;-9.2;-0.9;-5.8;-11;1.3;0.3;0.33;1.1;1.9;39.73;208;45;100;56;96683;0.09;0;0.4;0.34
1994;1;4;4;4.2;1;-3.9;2.4;-0.8;-5.6;0.9;1.3;0.33;1;1.9;36.91;194;36;67;24;96472;-0.13;2.07;0.4;0.35
1994;1;5;5;4.7;2.3;0;2.3;0.6;-1.5;1.2;1.3;0.33;1;1.9;29.95;200;38;101;47;96413;-0.1;2.88;0.41;0.35
1994;1;6;6;9;6.6;3.8;3.6;2.6;1.7;1.2;4.4;0.3;1;1.9;20.41;174;35;81;59;96163;-0.08;0.03;0.42;0.35
1994;1;7;7;12.4;7.8;4.6;7.5;5.2;3;-0.2;2.5;0.21;1;1.9;9.46;227;50;89;60;96480;-0.13;0;0.42;0.35
1994;1;8;8;10.9;6.7;3.8;8.5;5.9;3.5;0.3;0.8;0.16;1;1.9;5.8;164;35;61;36;97040;0.03;0;0.42;0.35
1994;1;9;9;9.3;5.6;2.9;7;5;2.9;0.1;-0.4;0.14;1;1.9;4.01;150;29;40;15;97049;0.15;0.15;0.42;0.36
1994;1;10;10;7.6;5.3;3.9;5.6;4.6;3.6;-0.3;0.7;0.13;1;1.9;2.6;102;20;58;20;96447;0.11;0.5;0.41;0.36
1994;1;11;11;10.2;6.4;4.1;5.9;4.7;3.4;-0.1;1.2;0.12;1;1.9;1.68;173;38;63;38;96307;0.24;0.17;0.41;0.36
1994;1;12;12;8.9;5.3;1.3;3.9;2.7;0.3;0.1;0.3;0.11;1;1.9;1.13;281;57;100;54;97545;0.32;0;0.41;0.36
1994;1;13;13;9.8;4.1;0.7;4.1;1.9;0;0.5;0.8;0.11;1;1.9;0.86;264;56;104;55;97738;0.25;0;0.4;0.36
1994;1;14;14;8.9;4.6;0.1;5.4;2.6;-0.6;0.3;-0.6;0.11;1;1.9;0.64;226;44;64;32;97505;0.19;1.26;0.4;0.36
1994;1;15;15;8.3;3.7;0.1;3.5;0.5;-1.7;0.8;0;0.1;1;1.9;0.48;275;60;105;65;97092;0.36;0.11;0.4;0.37
1994;1;16;16;4.6;1;-1.3;-0.1;-1.1;-2.6;-0.5;0.5;0.1;1;1.9;0.43;245;56;94;56;96407;0.18;0.05;0.4;0.37
1994;1;17;17;4.8;1.5;-0.6;-0.6;-1.6;-2.8;-0.3;0;0.1;1;1.9;0.45;254;52;89;40;97041;0.25;0.62;0.4;0.37
1994;1;18;18;2.5;-0.6;-3.3;-2.4;-5;-6.6;-0.6;0.2;0.11;1;1.9;0.9;303;64;118;73;98672;0.27;0.16;0.39;0.37
1994;1;19;19;3.4;-1.6;-4.3;-5.7;-7.1;-8.1;0.2;1;0.11;0.9;1.9;0.84;334;76;138;97;98454;0.08;0;0.39;0.37
1994;1;20;20;1.7;-1.2;-3.5;-3.4;-5.2;-7.9;-0.4;-0.3;0.11;0.9;1.9;0.78;256;54;79;51;98144;0.04;0.03;0.39;0.37
1994;1;21;21;3.9;0.7;-1.7;-3.7;-5.1;-6;-0.3;-1.4;0.11;0.9;1.9;0.84;266;55;106;57;98338;0.09;0.07;0.39;0.37
1994;1;22;22;5.1;-0.3;-3.3;-4.3;-5.4;-6;0.7;0.5;0.11;0.9;1.9;0.77;335;77;123;84;98722;0.06;0;0.39;0.37
1994;1;23;23;7.2;0.7;-3.1;-3.8;-5.6;-6.8;1;0.8;0.11;0.9;1.9;0.68;322;74;117;62;98184;0.06;0;0.38;0.37
1994;1;24;24;9.2;3.3;-0.4;2;-1.9;-5.1;0.8;0.3;0.11;0.9;1.9;0.55;316;62;96;44;97417;0.17;0.01;0.38;0.37
1994;1;25;25;9.3;3.8;-1.1;3;0.7;-1.8;0.8;0.5;0.11;0.9;1.9;0.4;325;65;98;42;97063;0.26;0.05;0.38;0.37
1994;1;26;26;8;3.6;1;4.1;0.6;-4.8;1.6;0;0.1;0.9;1.9;0.29;218;48;78;46;96600;0.45;5.33;0.39;0.37
1994;1;27;27;7.8;2.6;-0.9;-2.8;-4.7;-5.6;1.4;1.2;0.1;0.9;1.9;0.25;336;77;102;80;97648;0.46;0;0.38;0.37
1994;1;28;28;6;2.1;-0.7;-2.1;-5.4;-9;2.1;0.1;0.1;0.9;1.9;0.3;157;38;90;64;96795;0.41;0.57;0.38;0.37
1994;1;29;29;3.6;1.1;-1.5;-7.5;-8.7;-9.7;2.9;-3.3;0.11;0.9;1.9;0.35;351;80;106;90;98043;0.59;0.05;0.38;0.37
1994;1;30;30;6.2;1.2;-1.8;-4.1;-5.8;-7.7;0.9;1.1;0.11;0.9;1.9;0.35;278;56;107;53;98112;0.29;0.03;0.38;0.37
1994;1;31;31;7.3;2;-1.1;-1.1;-3.8;-5.2;1.5;-0.9;0.11;0.9;1.9;0.3;298;68;98;61;97672;0.33;0.03;0.38;0.37
1994;2;1;32;8.4;2.2;-2.3;2.1;-2.8;-5.3;0.6;0.3;0.1;0.9;1.9;0.23;371;88;119;75;97903;0.24;0;0.38;0.37
1994;2;2;33;8.9;2.8;-2.2;2.4;-0.5;-3.5;1.3;0.8;0.1;0.9;1.9;0.19;276;63;75;46;97525;0.17;0;0.38;0.37
1994;2;3;34;10.9;5.6;1.3;2.8;1.5;0.1;1.8;1.5;0.1;0.9;1.9;0.11;366;84;100;63;96629;0.4;0;0.38;0.37
1994;2;4;35;12;5.5;0.5;4;1.6;-0.3;1.1;1.8;0.1;0.9;1.9;0.07;272;73;106;66;96383;0.38;0;0.37;0.37
1994;2;5;36;10.9;5.1;-0.6;4.7;2.5;-1.3;0.1;1.6;0.1;0.9;1.9;0.03;354;83;95;70;96926;0.29;0.05;0.37;0.37
1994;2;6;37;9.7;6.1;2.4;6.5;4.5;2.2;-0.1;-0.2;0.1;0.8;1.9;0;194;38;48;23;97127;0.24;0.72;0.37;0.37
1994;2;7;38;7.8;4.3;0.9;3.3;2.4;0.1;-0.2;-1.3;0.1;0.8;1.9;0;170;39;65;30;96984;0.31;0.24;0.37;0.37
1994;2;8;39;8;4.4;0.8;4.5;2.7;0.1;-0.4;-1.2;0.1;0.8;1.9;0;225;40;47;17;97222;0.49;8.27;0.37;0.37
1994;2;9;40;5.6;3.6;0.2;2.5;0.9;-1.6;0.1;-0.5;0.1;0.8;1.9;0;112;31;69;32;98038;0.59;5.11;0.38;0.37
1994;2;10;41;6.8;1.8;-3.3;-0.8;-2.6;-3.9;0.2;0.4;0.1;0.8;1.9;0;407;93;121;71;97452;0.44;0.06;0.38;0.37
1994;2;11;42;5.3;1.8;-2.1;-3;-4;-5.3;0;-2;0.1;0.8;1.9;0;249;54;64;50;97339;0.35;0.12;0.38;0.37
1994;2;12;43;1.6;-0.1;-2.6;-3.3;-5.4;-8.5;-1.2;-3;0.12;0.8;1.9;1.41;152;36;38;30;97595;0.34;3.2;0.38;0.37
1994;2;13;44;-2.7;-4.2;-6.5;-6.9;-8.4;-9.6;-2.3;-2.7;0.19;0.8;1.9;6.17;150;35;32;22;97850;0.32;7.4;0.38;0.37
1994;2;14;45;-5.5;-7.8;-11.5;-9.5;-12;-14.5;-1.4;-1.9;0.32;0.8;1.9;13.62;210;48;60;31;98528;0.37;4.61;0.38;0.37
1994;2;15;46;-4;-10.3;-17.7;-10.1;-14.5;-20.9;-0.4;-0.8;0.33;0.8;1.9;14.19;349;89;120;68;98718;0.33;0.08;0.38;0.37
1994;2;16;47;-3.4;-9.1;-17.7;-10;-13.1;-19.3;-0.3;-0.5;0.32;0.8;1.9;13.67;328;75;99;52;98631;0.36;0.42;0.38;0.38
1994;2;17;48;-4;-7.8;-12.7;-10.7;-12.5;-15.3;0.1;0.7;0.31;0.8;1.9;13.21;285;80;116;60;98044;0.34;0.02;0.38;0.38
1994;2;18;49;-0.3;-7.4;-14.9;-6;-11.7;-18.4;0.3;-0.3;0.3;0.8;1.9;12.44;372;97;123;64;97788;0.34;0;0.38;0.38
1994;2;19;50;1;-4.8;-9.5;-7;-9.4;-12.9;-0.1;-0.9;0.29;0.8;1.9;11.97;356;90;120;64;97786;0.38;0.02;0.38;0.38
1994;2;20;51;1.5;-5.3;-13.2;-6.6;-10.5;-16.8;0;0.7;0.28;0.8;1.9;11.2;402;100;131;63;97377;0.35;0.09;0.38;0.38
1994;2;21;52;2.9;-1.2;-4.7;-1.8;-5.3;-8.3;-0.1;0.1;0.26;0.9;1.9;9.83;405;102;120;65;97229;0.18;0.01;0.38;0.38
1994;2;22;53;7.7;0.7;-5.7;-0.7;-3.8;-8.5;0.2;1;0.22;0.9;1.9;7.76;363;88;95;49;97351;0.14;0;0.38;0.38
1994;2;23;54;9.3;2.4;-3.7;0.8;-1.4;-5.4;1.4;1.2;0.19;0.9;1.9;5.5;324;92;86;61;96762;0.15;0;0.38;0.38
1994;2;24;55;9.1;3.4;-0.8;3.6;0.8;-1.7;0.5;-0.1;0.16;0.9;1.9;3.61;308;78;76;41;96318;0.23;0.95;0.38;0.38
1994;2;25;56;12;4.5;-2.8;3.5;0.1;-3.8;0.7;-0.2;0.15;0.9;1.9;2.29;422;109;104;63;97242;0.59;0.06;0.38;0.38
1994;2;26;57;13.4;5.2;-1.8;3.4;0.7;-2.8;1;0.8;0.13;0.9;1.9;1.29;458;116;111;69;97665;0.52;0;0.38;0.38
1994;2;27;58;15;6.9;-0.2;4.2;2;-1.2;2.2;1.5;0.12;0.9;1.9;0.65;499;135;126;86;97071;0.71;0;0.38;0.38
1994;2;28;59;13;8.1;4;5.3;3.8;1.8;2.1;1.4;0.12;0.9;1.9;0.26;336;78;79;61;96887;0.46;0.05;0.38;0.38
1994;3;1;60;14.6;8.1;1.8;6.8;4.5;1.3;1.4;1.3;0.12;0.9;1.9;0.11;397;97;96;62;97214;0.62;0.16;0.38;0.38
1994;3;2;61;12.1;7.1;2.2;6;2.4;0.5;0.8;0;0.12;0.9;1.9;0.03;255;73;112;52;97551;0.56;0.3;0.38;0.38
1994;3;3;62;13.3;6.9;0.6;2.2;-0.5;-3.6;0.4;-0.5;0.12;0.9;1.9;0;493;128;119;72;97843;0.91;0.03;0.38;0.38
1994;3;4;63;8.4;5;1.3;0;-2.5;-4.3;2;-2.3;0.12;1;1.9;0;468;121;108;70;97877;0.94;0.54;0.38;0.38
1994;3;5;64;10.1;4.1;-1.4;-1.6;-2.9;-4.7;0;0.6;0.12;1;1.9;0;538;150;140;95;98419;0.82;0;0.37;0.38
1994;3;6;65;11.7;5.6;-1.1;6.4;1.4;-3.5;0.2;0.4;0.12;1;1.9;0;326;86;78;55;97936;0.55;1.09;0.37;0.38
1994;3;7;66;12.4;7.1;2.2;5.6;3.7;1.4;0.6;0.3;0.12;1;1.9;0;250;68;80;35;97887;0.55;0.71;0.37;0.38
1994;3;8;67;10.4;7;2.6;5.6;3.9;1.5;0.4;0;0.12;1;1.9;0;127;34;49;17;97856;0.19;1.13;0.37;0.38
1994;3;9;68;13.4;9.2;6.8;8.6;6.9;5.6;-0.1;0.7;0.12;1;1.9;0;271;62;68;31;98149;0.57;0.96;0.37;0.38
1994;3;10;69;18.1;10.5;2.5;10.2;7.3;2.4;-0.3;-0.1;0.12;1;1.9;0;531;148;118;65;98185;1.03;0.11;0.37;0.38
1994;3;11;70;13;9.1;6;7.7;2.5;1.3;-1.2;0.3;0.12;1;1.9;0;509;137;116;74;98547;1.18;0.05;0.37;0.38
1994;3;12;71;17.9;10.1;3.2;8.6;5.1;1.5;-0.1;0.6;0.12;1;1.9;0;552;156;123;81;97501;1.11;0;0.37;0.38
1994;3;13;72;16.2;10.3;4.8;6.8;5.2;4.1;1.3;1.7;0.13;1;1.9;0;346;96;101;53;96913;0.94;0.28;0.37;0.38
1994;3;14;73;15.3;10.1;4.6;6.7;4;2;0.8;0.4;0.13;1.1;1.9;0;423;123;115;73;97242;1.23;0.72;0.37;0.38
1994;3;15;74;18.1;10.2;3;6.3;4;1.1;0.9;0.4;0.13;1.1;1.9;0;572;163;139;87;97244;1.33;0;0.37;0.38
1994;3;16;75;13.8;8;2.6;5.6;4;1.8;0.3;-0.5;0.13;1.1;1.9;0;499;133;108;66;97044;1.22;3.95;0.36;0.38
1994;3;17;76;11.9;5.9;1;4.7;-1.2;-7.7;1.3;-0.9;0.13;1.1;1.9;0;471;137;129;81;97066;1.39;1.24;0.37;0.38
1994;3;18;77;9.9;4.5;-1.8;-1;-4;-6;1.1;1.2;0.13;1.1;1.9;0;445;135;106;81;97509;1.12;0.43;0.37;0.38
1994;3;19;78;14.4;7.7;0.1;2.7;0.1;-4;2.4;1.9;0.13;1.1;1.9;0;536;148;117;78;96847;1.19;0;0.36;0.38
1994;3;20;79;11.5;6.7;2.9;5.1;3.7;1.8;-0.4;0.1;0.13;1.2;1.9;0;427;114;87;56;96886;0.99;3.35;0.36;0.38
1994;3;21;80;10.2;6.3;2.6;5.8;4.2;2.2;-0.9;0.2;0.13;1.2;1.9;0;205;62;43;24;97309;0.67;2.6;0.36;0.38
1994;3;22;81;7.4;6.1;5;5;4.1;3.5;-1.2;0;0.13;1.2;1.9;0;157;37;22;12;98044;0.52;0.7;0.37;0.38
1994;3;23;82;14.9;9.3;4.3;7.6;5.7;3.3;0.2;1.2;0.13;1.2;1.9;0;306;93;87;46;98257;0.82;0.48;0.37;0.38
1994;3;24;83;19.4;11.9;5.7;9.6;7.4;4.8;1.8;1.1;0.13;1.2;1.9;0;407;105;99;60;97419;0.98;0.24;0.36;0.38
1994;3;25;84;19.4;12.4;6.6;9.7;7.9;5.9;0.7;1.2;0.13;1.2;1.9;0;510;137;108;67;97012;1.37;0.63;0.36;0.37
1994;3;26;85;13.6;8.7;3.7;9.6;5.2;-2.1;1.1;-0.5;0.14;1.3;1.9;0;256;55;78;51;96520;1.21;8.17;0.36;0.37
1994;3;27;86;9;4.6;0;-0.3;-3.9;-6.5;0.6;-2.1;0.14;1.3;1.9;0;572;174;119;94;97721;1.52;0.34;0.37;0.37
1994;3;28;87;9.3;4.9;1.1;-2;-3.5;-5.4;-0.4;0.7;0.14;1.3;1.9;0;599;180;127;92;98068;1.26;0;0.37;0.37
1994;3;29;88;14.9;8.7;1.9;4.2;1.4;-2.5;0;1;0.14;1.3;1.9;0;550;154;104;61;98173;1.41;0;0.36;0.37
1994;3;30;89;19.1;11.4;2.4;6.2;3.7;1.3;0.1;1.2;0.14;1.3;1.9;0;586;183;135;88;98019;1.85;0;0.36;0.37
1994;3;31;90;19.8;12.9;6.1;6.9;4;-0.3;1.8;2;0.14;1.4;1.9;0;632;195;132;93;97059;2.05;0;0.36;0.37
1994;4;1;91;18.3;12.6;6.4;6.6;5.1;3.4;2.2;2.5;0.14;1.4;1.9;0;618;200;123;84;96293;1.99;2.83;0.36;0.37
1994;4;2;92;9.4;6.3;4.4;6.7;1.1;-2.1;1.3;-1.6;0.14;1.4;1.9;0;223;50;45;31;96042;1.51;19.78;0.38;0.37
1994;4;3;93;11.1;6.8;2.6;0.5;-1.3;-2.5;0;-0.8;0.14;1.4;1.9;0;633;191;129;87;97269;1.8;0.92;0.38;0.37
1994;4;4;94;12.3;7.7;3.2;1.5;-0.1;-1;0.7;2.2;0.14;1.4;1.9;0;476;147;117;73;97320;1.44;0.31;0.37;0.37
1994;4;5;95;8.7;5.7;3.1;3.2;-1.1;-5.3;0.3;-1;0.14;1.4;1.9;0;375;100;100;50;97009;1.49;8.16;0.38;0.37
1994;4;6;96;8.9;5.6;2.8;-3.6;-5;-6.7;1.5;-3.5;0.14;1.5;1.9;0;335;106;62;55;96302;1.29;0.02;0.38;0.37
1994;4;7;97;10.9;6.8;3;-2;-4.1;-5.5;1;0;0.14;1.5;1.9;0;497;156;112;79;96144;1.65;0.01;0.38;0.37
1994;4;8;98;12;6.8;0.7;1.3;-0.9;-3.1;-0.1;-0.5;0.14;1.5;1.9;0;609;186;125;88;96380;1.7;0.19;0.37;0.37
1994;4;9;99;12.1;7.6;2;3.4;1.2;-0.4;0.2;1.7;0.15;1.5;1.9;0;528;153;110;64;96180;1.61;4.12;0.37;0.37
1994;4;10;100;8.9;5.1;2.2;3.1;1.9;1.1;-0.7;-1.2;0.17;1.5;1.9;2.08;405;101;97;35;95782;1.64;16.64;0.38;0.37
1994;4;11;101;10.7;6;2.5;3.2;1;-0.9;0.2;-1.2;0.2;1.6;1.9;4.3;465;122;101;40;96243;1.66;21.46;0.4;0.37
1994;4;12;102;6.5;3.4;1.7;1.4;0.6;-0.5;0.9;-0.2;0.26;1.6;1.9;10.04;186;52;72;30;96137;0.8;21.41;0.41;0.37
1994;4;13;103;10.6;6.2;0.6;4.3;2.2;-0.8;1.2;2.4;0.24;1.6;1.9;7.44;293;92;50;40;96202;1.07;1.63;0.41;0.38
1994;4;14;104;15;8.9;2.4;7.4;4.8;1.5;0.6;1.1;0.18;1.6;1.9;2.91;578;183;113;72;96942;1.75;1.33;0.41;0.38
1994;4;15;105;16.5;10.6;3.5;7;4.8;2;0.9;1.4;0.16;1.6;1.9;0.97;499;174;104;73;97330;1.81;0.09;0.41;0.38
1994;4;16;106;15.3;11.1;5.5;10.5;8;4.6;-0.8;-0.9;0.15;1.7;1.9;0.3;389;111;66;39;97108;1.34;5.45;0.41;0.38
1994;4;17;107;15.8;12.3;9.9;11.3;10.2;9.3;-0.7;-0.8;0.15;1.7;1.9;0.05;347;107;73;33;95894;1.5;8.3;0.41;0.38
1994;4;18;108;12.7;9.7;5.1;9.1;4.1;-1.9;0.6;-1.9;0.15;1.7;1.9;0;381;105;87;45;96129;2.02;6.18;0.42;0.38
1994;4;19;109;11.1;7.3;3.2;0.9;-0.8;-3.5;-1.1;0.4;0.15;1.8;1.9;0;571;161;95;61;96862;1.72;0;0.41;0.38
1994;4;20;110;12;8.3;3.2;3.6;2.2;1;-1;0.7;0.15;1.8;1.9;0;502;148;99;61;96761;1.54;0;0.41;0.38
1994;4;21;111;14.9;10.5;5.2;6.5;4.4;2.2;-0.6;0.4;0.15;1.8;1.9;0;516;165;93;67;96761;1.77;0;0.4;0.39
1994;4;22;112;16.3;11.3;4;8;5.6;3.2;0;-0.9;0.16;1.8;1.9;0;576;189;108;76;96965;2.17;0.61;0.4;0.39
1994;4;23;113;18.4;12.6;4.7;8.5;6.2;3.5;0.2;0.5;0.16;1.9;1.9;0;672;216;130;86;96950;2.58;0.31;0.4;0.39
1994;4;24;114;20.2;13.6;6.2;8.8;7;5;0.5;1.2;0.16;1.9;1.9;0;691;226;130;91;96845;2.81;0.36;0.39;0.39
1994;4;25;115;19.9;13.4;5.7;8;6.6;4.1;1.6;1.4;0.16;1.9;1.9;0;671;207;125;86;96662;2.6;0.03;0.39;0.39
1994;4;26;116;18.9;13.4;7.6;11;8.1;5.8;1.2;-1.6;0.16;2;1.9;0;477;168;98;72;97486;2.49;1.77;0.38;0.39
1994;4;27;117;18.3;13.6;8.8;8.7;6.5;4.9;0.3;-1.4;0.16;2;1.9;0;609;197;116;80;98310;2.59;0.26;0.38;0.39
1994;4;28;118;17.8;13.5;8.1;7.8;6.1;4.9;0.1;-2.5;0.16;2;1.9;0;565;188;101;72;98534;2.56;0.3;0.38;0.39
1994;4;29;119;19.3;14.6;9.7;10.2;7.6;6.1;-0.7;-1.6;0.16;2.1;1.9;0;554;190;100;78;98592;2.6;0.22;0.37;0.39
1994;4;30;120;21.6;15.5;7.4;10.6;7.5;5.8;0.8;0.2;0.16;2.1;1.9;0;663;227;129;89;98032;3.04;0;0.37;0.39
1994;5;1;121;21.9;14.3;8.8;12.9;9.1;3.1;0.1;-1.1;0.16;2.1;1.9;0;555;169;96;71;97561;2.76;5.28;0.37;0.39
1994;5;2;122;12.6;9.5;5.5;4.1;2.6;1.8;-1.5;-1.7;0.16;2.1;1.9;0;350;142;91;69;98050;1.89;0.02;0.37;0.39
1994;5;3;123;14.9;10;4.2;5.4;2.6;1.2;-0.7;-0.1;0.16;2.2;1.9;0;718;239;131;96;97951;2.66;0;0.37;0.39
1994;5;4;124;19.1;12.8;5;9.4;6;2;-0.1;1.6;0.16;2.2;1.9;0;724;241;131;88;97285;2.85;0.01;0.36;0.39
1994;5;5;125;13.2;11;8.4;9.1;7.6;3.5;1.1;-0.8;0.17;2.2;1.9;0;249;65;44;31;97244;1.73;5.19;0.36;0.39
1994;5;6;126;14.1;10.9;7.4;5.3;3.6;2.4;0.6;-2.9;0.17;2.3;1.9;0;556;181;98;68;97584;2.72;0.89;0.36;0.39
1994;5;7;127;15.8;11.2;4.7;5.7;3.8;2.5;-0.4;-1.7;0.17;2.3;1.9;0;487;175;102;75;97649;2.39;0.1;0.36;0.39
1994;5;8;128;15;10.3;5;4.8;2.5;0.9;-1.1;-0.9;0.17;2.3;1.9;0;612;227;122;94;97384;2.74;0;0.36;0.39
1994;5;9;129;16.9;11.4;3.7;7;4.4;1.7;-0.1;1;0.17;2.4;1.9;0;721;246;134;95;97183;2.91;0;0.35;0.39
1994;5;10;130;15.8;11.2;6.1;9.2;7.5;5;0.2;-0.7;0.17;2.4;1.9;0;483;152;85;56;96992;2.19;6.23;0.35;0.39
1994;5;11;131;15.8;12;6.8;9.7;8.3;6.1;-0.2;-0.5;0.17;2.4;1.9;0;557;189;93;67;97061;2.56;1.15;0.35;0.39
1994;5;12;132;18.2;13;7.3;10.7;8.4;6.1;0.1;1.2;0.17;2.5;1.9;0;604;205;107;77;96912;2.69;1.67;0.35;0.39
1994;5;13;133;19.3;13.7;6.1;12.1;9.7;5.7;0;0.7;0.17;2.5;1.9;0;578;204;100;74;97219;2.74;0.85;0.35;0.39
1994;5;14;134;20.5;15;7.7;12.4;10.3;7.4;0.3;2.3;0.17;2.5;1.9;0;504;169;87;68;97195;2.49;0.01;0.35;0.39
1994;5;15;135;23.3;17;9.7;11.7;10.5;8.7;0.8;1;0.17;2.5;1.9;0;650;221;109;84;97064;3.33;0.26;0.34;0.39
1994;5;16;136;24.1;17.6;9.8;12.7;10.9;8.9;0.9;1.3;0.17;2.6;1.9;0;669;240;121;88;97026;3.61;0.02;0.34;0.39
1994;5;17;137;25.7;19.3;13.4;14;12;9.6;1.4;2.1;0.17;2.6;1.9;0;702;204;119;76;96826;3.35;0;0.34;0.39
1994;5;18;138;26.1;19.2;12.1;13.8;11.1;9.4;-0.3;1.8;0.17;2.6;1.9;0;691;200;124;74;96217;3.42;0.37;0.33;0.38
1994;5;19;139;17.4;14.7;12.1;13;12;10.9;0.5;2.6;0.17;2.6;1.9;0;374;105;59;35;95708;2.8;13.9;0.34;0.38
1994;5;20;140;20.6;15.3;9.6;13.2;10.5;8.3;1.5;1.7;0.17;2.7;1.9;0;578;186;101;64;96238;3.18;1.89;0.34;0.38
1994;5;21;141;20.8;16.1;10;11.7;10.1;8.8;0.9;1.7;0.17;2.7;1.9;0;632;205;100;78;96973;3.43;0.35;0.34;0.38
1994;5;22;142;21.5;17.1;10.7;13.8;11.4;9.1;0.4;0.2;0.17;2.7;1.9;0;571;184;96;73;97412;2.91;0.15;0.34;0.38
1994;5;23;143;24.2;18.2;10.8;13.8;12.1;10;1.3;1.5;0.17;2.7;1.9;0;605;171;91;67;97118;2.88;0;0.33;0.38
1994;5;24;144;23.2;18.3;13.5;16.4;14;11.8;-0.6;0.7;0.17;2.7;1.9;0;504;159;77;46;96968;2.46;5.04;0.33;0.38
1994;5;25;145;22.5;18.6;15.3;15.7;13.2;10.4;1.1;-0.1;0.17;2.8;1.9;0;538;152;107;56;96776;2.94;1.53;0.33;0.38
1994;5;26;146;24.6;19.3;14.1;14.8;12.3;10.2;0.7;1.6;0.17;2.8;1.9;0;588;213;94;73;96771;3.61;0.15;0.33;0.38
1994;5;27;147;19.3;15.5;10.4;11.9;9.9;6.4;0.5;-0.1;0.17;2.8;1.9;0;574;164;102;64;96981;3.03;4.29;0.33;0.38
1994;5;28;148;19.1;14.7;9;9.8;8.3;5.6;-0.3;1.7;0.17;2.8;1.9;0;429;149;96;60;97494;2.44;0.26;0.33;0.38
1994;5;29;149;20;14.2;8.8;13.3;10.7;7.9;-0.3;-0.3;0.17;2.9;1.9;0;509;155;81;58;97349;2.54;12.49;0.33;0.38
1994;5;30;150;16.8;12.8;6.8;13.2;10.2;6.5;0;0.2;0.17;2.9;1.9;0;358;124;64;46;97781;2.01;3.45;0.34;0.38
1994;5;31;151;18.5;13.8;8.5;9.1;7.4;5.1;-0.4;0.8;0.17;2.9;1.9;0;616;232;118;86;98008;3.56;0.03;0.34;0.38
1994;6;1;152;24.7;17.5;8.2;13.6;10.5;7.2;0.2;0.2;0.17;2.9;1.9;0;686;257;128;91;97777;4.04;0;0.33;0.38
1994;6;2;153;27.7;20.2;10.9;15.6;13.4;10.1;0.4;1.6;0.17;2.9;1.9;0;723;264;124;92;97293;4.4;0;0.33;0.38
1994;6;3;154;25.4;20.8;16;14.8;12.1;10.2;0.7;1;0.17;3;1.9;0;612;210;111;81;97158;3.76;0;0.32;0.38
1994;6;4;155;19.1;16.4;12.8;12.2;9.9;7.5;0.2;-0.7;0.17;3;1.9;0;423;133;70;45;97009;2.84;8.94;0.32;0.38
1994;6;5;156;17;13.1;10.6;10.8;7;2.9;1.2;-2.6;0.17;3;1.9;0;502;150;87;50;96428;3.5;9.58;0.33;0.38
1994;6;6;157;15.3;12.2;9;3.9;2.4;0.4;2;-2.8;0.17;3;1.9;0;626;238;118;93;97505;3.86;0.17;0.33;0.38
1994;6;7;158;18.2;14.1;6.4;11.7;7.6;3.4;1;-0.6;0.17;3;1.9;0;588;149;108;63;97828;2.32;0;0.33;0.38
1994;6;8;159;22.3;17.1;9.8;12.2;10.6;8.9;-0.2;1;0.17;3.1;1.9;0;545;200;99;68;97795;3.39;0;0.33;0.38
1994;6;9;160;22.6;16.3;11.9;13.7;10.9;7.2;0.4;-0.8;0.17;3.1;1.9;0;567;182;90;58;97528;3.84;7.02;0.32;0.38
1994;6;10;161;16.1;13.1;11.1;6.9;5.5;4.2;0.2;-2.3;0.17;3.1;1.9;0;355;112;57;40;97866;2.69;0.14;0.33;0.38
1994;6;11;162;16.2;13.2;10.5;7.2;5.9;4.8;-0.7;-2;0.17;3.1;1.9;0;375;123;55;39;97682;2.49;0.08;0.32;0.38
1994;6;12;163;14.7;13.1;11.7;12.7;10.3;7;0;-2.4;0.17;3.2;1.9;0;140;47;28;20;97900;1.82;26.48;0.33;0.38
1994;6;13;164;17.3;14.5;11.5;11.9;10;7.6;-0.2;-2.1;0.17;3.2;1.9;0;397;88;48;28;97760;2.65;10.53;0.35;0.38
1994;6;14;165;18.8;15.8;12;11;9.3;7;0.4;-2.5;0.17;3.2;1.9;0;507;152;71;51;97424;3.07;0.67;0.35;0.38
1994;6;15;166;22.7;17.8;13.6;12;9.8;7.5;0.7;-0.7;0.17;3.2;1.9;0;459;187;100;61;97356;3.58;0.16;0.35;0.38
1994;6;16;167;22;16.9;11.2;15.9;12.7;10.1;0.6;0.5;0.17;3.2;1.9;0;602;202;101;73;97137;3.28;2.2;0.35;0.38
1994;6;17;168;21.6;15.6;10.1;14.2;12;9.6;0.2;-0.1;0.17;3.2;1.9;0;642;204;102;68;97231;3.47;3.2;0.35;0.38
1994;6;18;169;23.1;17.3;11.1;15.9;13.2;11;0.6;1.7;0.17;3.3;1.9;0;504;189;100;64;97483;3.17;0.06;0.34;0.38
1994;6;19;170;28.4;21.2;13.3;19.6;15.5;12.1;1.3;0.6;0.17;3.3;1.9;0;709;255;111;79;97189;4.51;0.63;0.34;0.38
1994;6;20;171;23.1;19.2;15.2;17.3;16;14.3;0.4;-0.4;0.17;3.3;1.9;0;545;181;79;54;97188;3.54;11.91;0.34;0.38
1994;6;21;172;22.5;19;15.5;14.7;13.3;11.5;0.2;-1.7;0.17;3.3;1.9;0;444;167;77;53;97662;3.54;0.73;0.35;0.37
1994;6;22;173;26.4;20.8;13.7;16;13.7;11.9;1;0.3;0.17;3.3;1.9;0;677;241;113;78;97938;4.43;0.01;0.34;0.37
1994;6;23;174;25;20.7;15.1;17.6;15.5;13.5;0;-0.3;0.17;3.3;1.9;0;570;195;83;61;97927;3.6;0.82;0.34;0.37
1994;6;24;175;21.6;18.5;16.1;15.5;12.6;9.1;-0.9;-0.1;0.17;3.3;1.9;0;538;141;84;42;97837;2.88;0.11;0.34;0.37
1994;6;25;176;24.7;20.3;15.8;18.2;15.5;13.4;-0.9;-0.1;0.17;3.4;1.9;0;496;154;63;39;97576;2.9;0.02;0.33;0.37
1994;6;26;177;30;23.7;17.6;19.5;17.9;16.2;0.2;1.5;0.17;3.4;1.9;0;688;244;101;71;97479;4.53;0.01;0.33;0.37
1994;6;27;178;31.7;24.5;16.2;19.2;17;15;0.9;1.3;0.17;3.4;1.9;0;728;270;126;96;97662;4.92;0;0.32;0.37
1994;6;28;179;30.5;23.9;16.4;20.2;17.5;15.1;0;0.3;0.17;3.4;1.9;0;682;233;112;74;97732;4.38;1.7;0.32;0.37
1994;6;29;180;28.6;23.8;18;20.5;17.9;16.5;0.5;0;0.17;3.4;1.9;0;652;231;105;67;97617;4.37;1.95;0.32;0.37
1994;6;30;181;28.5;22.9;18.8;20.1;17.9;16.2;0.5;-1.1;0.17;3.4;1.9;0;592;192;86;58;97731;3.74;4.92;0.32;0.37
1994;7;1;182;26.5;22.3;17.8;17;15.5;12.8;-1;-1.1;0.17;3.4;1.9;0;670;227;98;68;97723;4.4;0.01;0.32;0.37
1994;7;2;183;26.4;21.8;16;15.1;13.1;11.4;-0.4;-0.6;0.17;3.5;1.9;0;691;248;112;82;97596;4.38;0;0.31;0.37
1994;7;3;184;27.7;22.8;15.5;18.9;15.8;13.8;0.1;0.3;0.17;3.5;1.9;0;577;220;96;72;97570;3.95;0;0.31;0.37
1994;7;4;185;29.1;24.4;16.4;20.6;18;15.8;0.2;0;0.17;3.5;1.9;0;651;227;95;69;97479;3.97;0.11;0.3;0.37
1994;7;5;186;29.3;23.5;18.1;20;18;15.8;0.7;-0.7;0.17;3.5;1.9;0;642;216;101;69;97327;4;2.08;0.3;0.37
1994;7;6;187;26.3;21.5;15.9;18.2;17.1;15.6;0.1;-0.5;0.17;3.5;1.9;0;570;205;93;68;97346;3.64;1.13;0.3;0.37
1994;7;7;188;24.2;20;16.5;17;15.1;12;0.7;-1.2;0.17;3.5;1.9;0;558;173;94;58;97195;3.6;5.68;0.3;0.37
1994;7;8;189;18.1;16.9;14.9;13.6;12.1;11.2;0.8;-0.3;0.17;3.5;1.9;0;158;48;57;31;97511;1.1;1.35;0.3;0.37
1994;7;9;190;22.4;18.3;12.4;13.7;11.6;9.9;1;-0.8;0.17;3.6;1.9;0;549;198;95;74;97475;3.53;0.24;0.3;0.37
1994;7;10;191;21.7;18.1;14.8;12.6;11;10.3;1.1;-2.8;0.17;3.6;1.9;0;557;187;86;66;97723;4.05;3.08;0.3;0.37
1994;7;11;192;24.5;20.1;15.4;13.8;12.3;11.2;0.1;-3.1;0.17;3.6;1.9;0;637;228;103;76;97817;4.25;0.2;0.3;0.37
1994;7;12;193;25.4;21.1;17;15.6;14.2;12.6;-0.8;-1.7;0.17;3.6;1.9;0;604;206;96;64;97795;3.81;0.93;0.29;0.37
1994;7;13;194;25.4;21;16.9;16.1;15.1;14.3;0;-1;0.17;3.6;1.9;0;635;201;98;65;97761;3.63;0.98;0.29;0.37
1994;7;14;195;26.6;21.6;14.8;16.6;14.4;12.3;0.7;-0.9;0.17;3.6;1.9;0;636;226;105;76;97808;3.97;0.1;0.29;0.37
1994;7;15;196;26.7;21.2;15.3;17.4;15.5;13.7;0.6;-0.9;0.17;3.6;1.9;0;669;208;104;72;97698;3.59;1.6;0.28;0.37
1994;7;16;197;26.9;21.8;16.1;18.4;16.2;14.7;0.4;-0.7;0.17;3.6;1.9;0;575;216;96;66;97778;3.62;0.47;0.28;0.37
1994;7;17;198;28.7;23.4;16.2;18.3;16.6;15.4;0.5;0.7;0.17;3.6;1.9;0;629;218;97;70;97651;3.76;0.03;0.28;0.37
1994;7;18;199;30.6;22.9;17.3;20.2;18.3;16.2;0.5;-0.1;0.17;3.6;1.9;0;670;214;104;67;97314;3.58;13.36;0.28;0.36
1994;7;19;200;24.7;20.4;17.4;18.9;17.9;16.8;0.3;-0.7;0.17;3.6;1.9;0;551;158;75;47;97078;3.21;14.79;0.29;0.36
1994;7;20;201;21.7;19.2;17.3;19;17.5;16.5;-0.3;-1.5;0.17;3.6;1.9;0;233;67;40;21;97141;1.97;10.74;0.3;0.36
1994;7;21;202;25;20.6;16.9;16.5;14.6;12.7;-0.4;-1.2;0.17;3.6;1.9;0;601;195;93;61;97421;4.12;1.96;0.31;0.36
1994;7;22;203;26.4;21.5;15.5;16.2;13.9;12;-0.2;-1.4;0.17;3.6;1.9;0;642;216;96;75;97551;4.18;0;0.3;0.36
1994;7;23;204;27.6;22;15;16.2;13.3;11;-0.2;-0.9;0.17;3.6;1.9;0;717;248;122;89;97574;4.61;0;0.3;0.36
1994;7;24;205;28.3;22.7;14.9;16.1;13.1;10.6;-0.3;-0.4;0.17;3.6;1.9;0;672;236;124;84;97477;4.39;0;0.3;0.36
1994;7;25;206;27.6;23.1;15.7;19.6;16.2;13.2;-0.2;-0.2;0.17;3.6;1.9;0;538;201;91;68;97554;3.61;0.09;0.29;0.36
1994;7;26;207;29;23.8;16.7;18.8;16.4;13.3;0.3;0;0.17;3.6;1.9;0;689;217;108;74;97700;3.94;0;0.29;0.36
1994;7;27;208;28.7;23;17;19.2;17.4;16.1;0.5;-0.4;0.17;3.6;1.9;0;630;210;104;69;97652;3.82;1.09;0.29;0.36
1994;7;28;209;29.3;23.3;17;18.8;16.3;14.2;0.3;-0.4;0.17;3.6;1.9;0;677;230;113;75;97472;4.25;0.46;0.28;0.36
1994;7;29;210;29;23.5;16.1;18.2;14.9;12.3;0.5;-0.5;0.17;3.6;1.9;0;629;215;115;78;97506;3.85;0;0.28;0.36
1994;7;30;211;30.8;24.1;16.1;17.7;14.7;11.3;0.6;0.9;0.17;3.6;1.9;0;711;253;138;94;97446;4.32;0;0.28;0.36
1994;7;31;212;31.5;25;16.2;18.1;15.4;13;0.1;0.8;0.17;3.6;1.9;0;694;244;126;87;97232;4.17;0;0.27;0.36
1994;8;1;213;31.2;25.4;18.2;20.3;17.2;15.3;0.2;0.3;0.17;3.6;1.9;0;645;226;108;74;97144;3.9;0.14;0.27;0.36
1994;8;2;214;29.8;24.2;18.8;18.3;17.5;16.3;0.8;-0.7;0.17;3.6;1.9;0;657;208;105;71;97432;3.56;0.15;0.27;0.36
1994;8;3;215;30.6;24.6;18.2;18.9;17.3;15.1;0.6;-0.9;0.17;3.6;1.9;0;667;211;109;73;97681;3.58;0.03;0.26;0.36
1994;8;4;216;29.1;24.3;19;19.1;18.1;17.4;0.3;-1.1;0.17;3.6;1.9;0;589;201;98;67;97824;3.39;0.58;0.26;0.36
1994;8;5;217;30.4;25.1;17.8;18.8;15.8;13.2;-0.4;-0.6;0.17;3.6;1.9;0;638;226;116;82;97795;3.61;0;0.26;0.36
1994;8;6;218;30.7;25.6;18.2;19.3;16.2;13.6;0.4;-0.1;0.17;3.6;1.9;0;618;203;106;73;97639;3.21;0;0.26;0.36
1994;8;7;219;31.1;24.8;18.5;19.1;17.1;14.4;0.7;0.4;0.17;3.5;1.9;0;608;207;104;72;97503;3.32;0.45;0.25;0.36
1994;8;8;220;30.9;23.6;17.2;19.7;17.8;16;0.8;0.4;0.17;3.5;1.9;0;666;208;112;72;97368;3.19;0.92;0.25;0.36
1994;8;9;221;28.8;23.7;17.4;18.4;17.1;15.3;0;-0.1;0.17;3.5;1.9;0;616;207;104;74;97157;3.12;0;0.25;0.36
1994;8;10;222;32.9;26.1;19.5;19.6;16.7;15.5;1.1;1.5;0.17;3.5;1.9;0;644;213;113;75;96706;3.23;0;0.25;0.35
1994;8;11;223;28.3;24;19.8;18;15.9;14.1;0.9;0.3;0.17;3.5;1.9;0;612;166;109;68;96581;2.74;7.74;0.25;0.35
1994;8;12;224;25;20.9;16.7;17.7;14.7;12.8;0.8;-0.2;0.17;3.5;1.9;0;600;186;103;66;97017;3.58;6.29;0.25;0.35
1994;8;13;225;24;19.6;14.8;16.5;15.3;13.5;0.3;0.4;0.17;3.5;1.9;0;531;179;94;65;97261;2.87;9.53;0.25;0.35
1994;8;14;226;21.1;17.8;15.3;15.4;12.8;11.3;-0.3;0.7;0.17;3.5;1.9;0;466;142;87;54;97642;2.98;7.18;0.27;0.35
1994;8;15;227;20.7;17.6;14.3;13.7;11.8;10.2;-0.2;0.4;0.17;3.5;1.9;0;426;148;104;65;97936;2.44;0.21;0.26;0.35
1994;8;16;228;22.1;17.9;12.2;14.9;11.3;9;-0.7;0;0.17;3.5;1.9;0;516;177;99;72;97993;2.76;0;0.26;0.35
1994;8;17;229;26.3;20.6;13.9;15.8;14.2;11.7;0.1;1.1;0.17;3.5;1.9;0;629;199;111;72;97280;3.03;0;0.26;0.35
1994;8;18;230;21.5;17.1;13.3;14.7;11.3;7.7;0.8;-0.3;0.16;3.4;1.9;0;551;126;117;60;96789;2.79;6.12;0.26;0.35
1994;8;19;231;23;17.7;11;14.1;11.4;9.7;0.9;0.8;0.16;3.4;1.9;0;519;163;93;62;96970;2.68;0.05;0.26;0.35
1994;8;20;232;25.1;20.9;15.8;17;14.7;12.5;-0.1;0.2;0.16;3.4;1.9;0;553;172;93;64;97210;2.71;0.41;0.26;0.35
1994;8;21;233;25.8;21.1;16.8;18.1;16;14.3;-0.2;0.7;0.16;3.4;1.9;0;499;157;81;54;97534;2.5;0.06;0.26;0.35
1994;8;22;234;27.3;20.5;15.3;19.4;17.6;15;0.4;-0.5;0.16;3.4;1.9;0;593;164;95;56;97597;2.52;8.68;0.26;0.35
1994;8;23;235;26.3;20.7;14.7;18.7;17;14.5;0.3;0.9;0.16;3.3;1.9;0;630;193;106;63;97519;3.2;0;0.26;0.35
1994;8;24;236;22.1;19.1;15.7;18.5;17.2;15.6;0.3;-0.3;0.16;3.3;1.9;0;257;86;61;44;97081;1.57;11.04;0.26;0.35
1994;8;25;237;19.3;17;15.4;17.5;15.4;9.3;0.1;-0.1;0.16;3.3;1.9;0;118;38;26;15;96319;1.6;13.54;0.27;0.35
1994;8;26;238;22.8;18.3;15.1;9.4;8.7;7.9;2.5;-2.4;0.16;3.3;1.9;0;613;170;114;68;96614;3.64;0;0.28;0.35
1994;8;27;239;23.3;18.7;12;16.5;12.3;8.9;0.6;-0.2;0.16;3.2;1.9;0;510;156;90;67;97395;2.57;0.21;0.28;0.35
1994;8;28;240;26.1;20.7;13.3;17.8;15.2;12.1;0.2;0.6;0.16;3.2;1.9;0;635;193;111;73;97309;3.01;0;0.27;0.35
1994;8;29;241;22.4;18.9;16.3;16.7;15.8;14.6;-0.4;-0.8;0.16;3.2;1.9;0;343;90;51;33;97409;1.67;4.33;0.27;0.35
1994;8;30;242;20;18.2;16;16.7;14.7;12.4;-0.5;0.3;0.16;3.2;1.9;0;275;71;50;27;97569;1.56;0.83;0.28;0.35
1994;8;31;243;27;21.3;15;18.8;16.6;13.7;-0.1;1;0.16;3.1;1.9;0;599;179;97;63;97361;2.84;0;0.27;0.35
1994;9;1;244;28.1;22.7;17.2;18.5;17;15.9;0.8;1.3;0.16;3.1;1.9;0;619;194;110;76;97220;3.24;0;0.27;0.35
1994;9;2;245;27.6;21.8;16.5;17.9;16.2;14.7;0.5;1.1;0.16;3.1;1.9;0;535;171;98;69;97088;2.87;0.2;0.27;0.35
1994;9;3;246;20.1;17.7;15.9;16.3;14.5;12;0.1;-1.5;0.16;3.1;1.9;0;256;72;60;38;97248;1.71;8.4;0.28;0.35
1994;9;4;247;22.3;18;13.7;12.5;11.1;9.9;0;-1.1;0.16;3.1;1.9;0;585;179;110;75;97548;2.87;0;0.27;0.35
1994;9;5;248;23.2;17.7;10.9;12.6;10.7;9.1;0.7;0;0.16;3;1.9;0;588;193;126;87;97743;2.9;0;0.27;0.35
1994;9;6;249;22.4;18.1;13;15;13.3;11.4;-0.2;0.6;0.16;3;1.9;0;392;120;86;57;97623;1.83;0;0.27;0.35
1994;9;7;250;26.2;20.2;13.7;16.3;14.5;12.5;0.7;1.4;0.16;3;1.9;0;561;172;94;75;97090;2.62;0;0.27;0.35
1994;9;8;251;26.3;20.6;13.9;15.7;14;12.3;0.9;2.7;0.16;3;1.9;0;580;182;106;88;96808;2.84;0;0.27;0.35
1994;9;9;252;18.5;15.7;13.7;14.4;10.5;7.7;0.6;-0.6;0.15;2.9;1.9;0;173;42;71;32;97152;1.54;3.09;0.27;0.34
1994;9;10;253;21.5;16.2;10.1;14;11.2;8.5;0.6;1.1;0.15;2.9;1.9;0;496;152;98;71;97395;2.04;0.03;0.27;0.34
1994;9;11;254;22.9;18.2;13;14.6;13;11.8;0.1;0.3;0.15;2.9;1.9;0;494;150;95;65;97416;2.05;0;0.26;0.34
1994;9;12;255;25.4;19.2;12.2;15.3;14;11.3;1;1.4;0.15;2.9;1.9;0;582;170;104;74;97378;2.38;0;0.26;0.34
1994;9;13;256;26.1;20.2;14.4;16.7;15.3;13.3;1;1.6;0.15;2.9;1.9;0;549;162;98;75;97226;2.22;0.13;0.26;0.34
1994;9;14;257;25.3;19.9;14.9;16.9;15.5;13.8;0.1;2.5;0.15;2.8;1.9;0;468;132;86;56;96521;2.44;2.01;0.26;0.34
1994;9;15;258;21;17.9;13.9;15.6;10.6;7.2;1.8;3.4;0.15;2.8;1.9;0;548;166;117;82;96278;2.47;0.02;0.26;0.34
1994;9;16;259;20.3;15.5;10.8;10.6;9.4;7.3;0.8;2;0.15;2.8;1.9;0;468;137;106;71;96707;1.86;2.27;0.26;0.34
1994;9;17;260;13.3;12.3;10.1;11.4;8.2;4.3;0.1;-1.1;0.15;2.7;1.9;0;146;47;67;32;97060;1.51;18.09;0.27;0.34
1994;9;18;261;12.7;10.5;8.4;6.9;4.9;3.6;0.4;-0.7;0.15;2.7;1.9;0;279;73;61;47;97768;1.11;0.28;0.27;0.34
1994;9;19;262;15.7;11.3;7.7;5.7;4.9;4;-0.3;-1.4;0.15;2.6;1.9;0;436;117;94;63;97641;1.62;0;0.27;0.34
1994;9;20;263;17;12.2;7.6;8.4;6.4;4.5;0.3;-0.7;0.15;2.6;1.9;0;444;128;95;72;96724;1.61;0;0.27;0.34
1994;9;21;264;18.8;13.5;6.8;9.9;8.4;5.8;0.1;0.4;0.15;2.6;1.9;0;531;140;108;73;96923;1.64;0.05;0.27;0.34
1994;9;22;265;21.9;16.1;11.3;14.5;12.2;9.2;0.5;0.8;0.15;2.5;1.9;0;435;114;87;52;97821;1.52;0.47;0.27;0.34
1994;9;23;266;21;15.8;10.3;15.1;13;10.2;-0.3;-0.3;0.15;2.5;1.9;0;414;110;64;45;98253;1.39;0.16;0.27;0.34
1994;9;24;267;25.1;18.5;12.6;16.9;14.8;12.4;0.4;1.1;0.15;2.4;1.9;0;503;133;104;56;97663;1.72;0.02;0.27;0.34
1994;9;25;268;25.4;19.3;13.2;17;15.4;12.6;0.4;0.4;0.15;2.4;1.9;0;506;144;96;68;97500;1.78;0;0.27;0.34
1994;9;26;269;24.2;18.6;13;16.8;15.2;12.8;0.3;0.4;0.15;2.4;1.9;0;487;135;99;63;97425;1.65;0;0.26;0.34
1994;9;27;270;24.1;19.7;16.4;16.4;15;13.9;0.3;0.4;0.15;2.3;1.9;0;509;130;98;51;97260;1.8;3.49;0.26;0.34
1994;9;28;271;19.8;16.8;14;15.2;14.5;13.2;0.2;-0.2;0.15;2.3;1.9;0;326;77;80;40;97880;1.26;4.22;0.27;0.34
1994;9;29;272;20.8;16.5;12.7;14.4;13.3;12;0.3;0.3;0.15;2.2;1.9;0;397;98;81;51;98077;1.39;0.37;0.27;0.34
1994;9;30;273;21.9;15.9;9.7;14.6;12.6;9.4;0.2;0.7;0.15;2.2;1.9;0;499;128;102;68;97914;1.44;0;0.27;0.34
1994;10;1;274;23.2;17.5;12.1;15.4;13.5;11.2;0.1;-0.3;0.15;2.2;1.9;0;422;119;89;56;97692;1.43;1.3;0.27;0.34
1994;10;2;275;21.4;17.4;14.2;15.7;14.4;12.8;-0.4;0.5;0.14;2.1;1.9;0;254;69;67;32;97552;1.08;0.2;0.27;0.34
1994;10;3;276;21.6;17.1;13.6;15.1;13.4;12.6;1.4;2.3;0.14;2.1;1.9;0;364;89;83;54;96509;1.21;0.54;0.27;0.34
1994;10;4;277;16.2;12.5;6.8;12.6;8.4;4.8;-0.4;-1;0.14;2;1.9;0;352;73;83;39;96924;1.91;9.82;0.27;0.34
1994;10;5;278;12;8.3;5.1;4.5;1.6;-2.1;-0.3;-0.7;0.14;2;1.9;0;404;108;105;67;98167;1.58;1;0.27;0.34
1994;10;6;279;8.9;5.9;3.8;1.4;-1.6;-3.7;-0.2;-3.1;0.14;2;1.9;0;497;136;121;90;98737;1.28;0.18;0.27;0.34
1994;10;7;280;5.8;3.7;2.6;1.5;-1;-3.5;0.6;-2.1;0.14;1.9;1.9;0;221;52;89;50;98162;1.19;3.16;0.27;0.34
1994;10;8;281;7;3.9;0.2;1.4;0.1;-1;-0.7;0.4;0.14;1.9;1.9;0;274;74;69;52;98104;0.92;0.41;0.27;0.34
1994;10;9;282;11.4;5.5;-0.6;1.6;0.3;-1.6;0.1;0.8;0.14;1.8;1.9;0;514;136;129;90;98218;1.06;0;0.27;0.34
1994;10;10;283;12.4;7.3;1.9;4.7;2.8;0.6;-0.4;0.2;0.14;1.8;1.9;0;484;132;119;83;98416;0.97;0;0.27;0.34
1994;10;11;284;13.5;8.2;2.5;5.8;4;1.3;0;0.4;0.14;1.8;1.9;0;493;132;126;84;98467;0.94;0;0.27;0.34
1994;10;12;285;14.5;8.3;2.1;7.7;4.8;1.3;0.3;0;0.14;1.7;1.9;0;479;130;127;81;98694;0.92;0;0.27;0.34
1994;10;13;286;16.8;9.6;1.5;8.6;5.2;1;0.2;-0.1;0.14;1.7;1.9;0;489;129;129;82;98784;1;0;0.27;0.34
1994;10;14;287;16;10;3.9;9.1;6.5;3.1;0;0.2;0.14;1.6;1.9;0;467;126;122;80;98790;0.92;0;0.27;0.34
1994;10;15;288;15;9;3.6;8.7;6.7;3.4;0.3;0.5;0.14;1.6;1.9;0;461;111;124;71;98245;0.73;0.01;0.27;0.34
1994;10;16;289;16.5;9.4;2.4;8.9;5.9;2;0.1;-0.1;0.14;1.6;1.9;0;471;122;125;77;97655;0.91;0;0.27;0.34
1994;10;17;290;10.9;7.8;5.2;7.6;3.9;-2.4;-1.1;-0.5;0.14;1.6;1.9;0;181;41;45;29;97711;0.42;0.14;0.27;0.34
1994;10;18;291;6.7;4.3;1.8;-2.4;-3.2;-4.3;-1.3;-0.7;0.14;1.6;1.9;0;313;78;86;58;98187;0.67;0;0.27;0.34
1994;10;19;292;8.8;4.5;1;0;-1.1;-4.2;-1.1;0.9;0.14;1.5;1.9;0;380;101;101;70;97935;0.63;0;0.27;0.34
1994;10;20;293;8.2;4.7;0.2;3.4;1.5;-0.7;-0.8;-0.3;0.13;1.5;1.9;0;263;67;58;43;97518;0.37;0;0.27;0.34
1994;10;21;294;7.8;5.8;2.8;4.6;3.2;2;-0.9;-1.1;0.13;1.5;1.9;0;88;20;49;20;97548;0.24;0.3;0.27;0.34
1994;10;22;295;7;5.9;4.9;3.5;1.9;1.1;-0.9;0.2;0.13;1.5;1.9;0;153;34;29;23;97437;0.33;0.05;0.27;0.34
1994;10;23;296;10.8;7.5;4.9;6.5;4.6;2.7;-0.7;1;0.13;1.5;1.9;0;233;50;40;21;96799;0.37;1.78;0.27;0.34
1994;10;24;297;9.7;7.7;4.5;8.5;6.7;4.1;0.7;-0.6;0.13;1.5;1.9;0;114;19;45;20;96691;0.28;27.91;0.28;0.34
1994;10;25;298;15;8.7;3;7;5.1;2.2;1;0.7;0.13;1.5;1.9;0;428;110;125;82;96936;0.91;0;0.29;0.34
1994;10;26;299;15.2;9.1;3.5;8.1;6;2.9;0.7;0.9;0.13;1.4;1.9;0;372;91;98;64;96789;0.71;4.93;0.29;0.34
1994;10;27;300;13.5;8.6;3.5;5.9;4.2;2.7;0.5;1;0.13;1.4;1.9;0;425;106;125;80;97390;1.08;2.43;0.3;0.34
1994;10;28;301;14.6;9.4;3.7;10.1;7;3;0.2;1.3;0.13;1.4;1.9;0;387;87;96;55;97132;0.6;5.93;0.3;0.34
1994;10;29;302;11.9;9.4;6.5;9.5;5.8;4.1;-0.1;-0.3;0.13;1.4;1.9;0;263;54;76;39;97237;0.85;8.54;0.31;0.34
1994;10;30;303;13.2;8.1;2.9;7.7;5.7;2.8;0.9;0.9;0.13;1.4;1.9;0;343;69;86;53;97275;0.49;0.19;0.31;0.34
1994;10;31;304;17.2;10;4.4;9.8;6.9;3.8;1.3;1;0.13;1.4;1.9;0;394;97;107;69;97314;0.76;0;0.31;0.33
1994;11;1;305;17.1;11;4.9;10.6;8;4.1;0.8;0.1;0.12;1.4;1.9;0;365;82;92;56;97518;0.58;0.06;0.31;0.33
1994;11;2;306;11.7;10.2;8.3;9.1;7.5;6.3;-0.7;0.2;0.12;1.4;1.9;0;117;25;40;21;98097;0.3;0.16;0.31;0.33
1994;11;3;307;12;10;8.2;9.3;8.2;6.8;-0.8;-0.2;0.12;1.3;1.9;0;136;31;32;20;98074;0.3;1.12;0.31;0.33
1994;11;4;308;11.7;9.9;7.7;8.9;7.9;7.1;-1.2;0.2;0.12;1.3;1.9;0;190;42;39;21;98261;0.46;0.34;0.31;0.33
1994;11;5;309;10.9;10;9;9.2;8.2;7.6;-1.4;1.3;0.12;1.3;1.9;0;136;29;34;14;98294;0.49;0.67;0.31;0.33
1994;11;6;310;9.9;7.9;5.9;7.5;5.5;3.3;-1.3;0.8;0.12;1.3;1.9;0;149;33;53;21;97818;0.53;1.43;0.31;0.33
1994;11;7;311;8.9;6.7;4;7.5;5.5;2.7;-0.7;0.7;0.12;1.3;1.9;0;192;41;44;24;97312;0.65;3.35;0.31;0.33
1994;11;8;312;14.4;8.4;4;8.3;6.5;4;0.2;0.4;0.12;1.3;1.9;0;321;70;81;56;97181;0.59;0.01;0.31;0.33
1994;11;9;313;13;7.8;3.3;8.4;6.1;3.1;-0.1;0.3;0.12;1.3;1.9;0;276;59;74;45;97176;0.38;0.05;0.31;0.33
1994;11;10;314;13.5;9.5;5.9;10.1;8.2;5.8;-0.2;0.7;0.12;1.2;1.9;0;191;40;45;24;96632;0.29;4.67;0.31;0.33
1994;11;11;315;9.2;8.2;6.3;8.7;6.8;4.2;0;-2.6;0.12;1.2;1.9;0;25;5;14;8;96377;1.24;42.05;0.34;0.33
1994;11;12;316;7.3;5;1.9;4;1.9;-0.8;-1;-0.3;0.12;1.2;1.9;0;211;48;81;42;97350;0.8;3.64;0.36;0.33
1994;11;13;317;7.2;3.6;0.2;2.5;0.7;-1.7;-0.8;0.6;0.11;1.2;1.9;0;254;55;80;46;97872;0.32;0.24;0.36;0.33
1994;11;14;318;9.7;6;3.6;4.6;3.4;1.6;-0.3;1;0.11;1.2;1.9;0;253;53;79;33;98186;0.54;0.78;0.36;0.33
1994;11;15;319;14.5;8.7;5;7.7;5.5;3.7;0.9;0.7;0.11;1.2;1.9;0;318;70;102;54;97484;0.45;0;0.36;0.33
1994;11;16;320;13.3;7.8;3.2;8.2;5.1;2.9;0.8;0.2;0.11;1.2;1.9;0;304;66;107;61;97438;0.5;2.38;0.36;0.33
1994;11;17;321;10.5;5.8;3.1;5.6;3.6;1.2;0.6;0.6;0.11;1.2;1.9;0;291;62;98;58;97269;0.48;1.81;0.36;0.33
1994;11;18;322;10.4;5.5;1.7;5.3;3.3;0.9;0.4;0.2;0.11;1.2;1.9;0;219;40;75;45;96992;0.25;1.51;0.36;0.33
1994;11;19;323;8.1;4.1;1.6;3.2;0.6;-1.2;-0.6;0;0.11;1.2;1.9;0;271;61;92;60;97898;0.54;0.1;0.36;0.33
1994;11;20;324;6.7;4.4;1.9;5;3;-0.4;0.4;0.8;0.11;1.2;1.9;0;47;10;46;16;98304;0.17;1.61;0.36;0.33
1994;11;21;325;14.4;7.7;2.2;9.7;5.9;1.8;0.4;0.3;0.11;1.2;1.9;0;265;57;89;41;98051;0.32;0.33;0.36;0.33
1994;11;22;326;8.5;7.4;5.4;7.8;5.2;3.6;-0.8;0.6;0.11;1.2;1.9;0;101;24;58;24;98562;0.39;0.96;0.36;0.33
1994;11;23;327;11.2;6.2;2.5;5.6;4;2.4;-0.1;0.3;0.11;1.2;1.9;0;305;67;106;61;98608;0.37;0;0.36;0.34
1994;11;24;328;10;5.2;1.9;6.5;4;1.8;0.5;0.2;0.11;1.2;1.9;0;256;56;98;49;98520;0.27;0.01;0.36;0.34
1994;11;25;329;12.8;6.7;2;6.1;2.7;1.3;1.2;-0.6;0.11;1.2;1.9;0;235;49;79;46;98344;0.36;0;0.36;0.34
1994;11;26;330;6.6;5.1;4;3.8;2.8;0.4;-0.5;0.8;0.11;1.2;1.9;0;75;19;43;24;98310;0.36;1.38;0.36;0.34
1994;11;27;331;7.4;5.5;3.2;4.9;4;2.9;0;0;0.11;1.2;1.9;0;156;27;44;19;98091;0.27;1.2;0.36;0.34
1994;11;28;332;10.8;6.3;2.1;5;3.8;1.6;0.5;0.6;0.11;1.2;1.9;0;229;50;90;51;98596;0.32;0.04;0.36;0.34
1994;11;29;333;10.7;4.6;-0.3;5;1.9;-0.8;0.7;-0.1;0.11;1.2;1.9;0;288;63;109;67;98709;0.31;0;0.36;0.34
1994;11;30;334;8.1;3.2;-1.9;2.2;0.3;-2.5;0;-0.6;0.11;1.2;1.9;0;265;51;83;50;98614;0.25;0.46;0.36;0.34
1994;12;1;335;4.4;1;-2;0.9;-2.2;-3.8;-0.9;0;0.11;1.2;1.9;0;295;62;119;72;99071;0.41;0.18;0.36;0.34
1994;12;2;336;1.5;-1.3;-3.3;-2.1;-3.3;-4.5;-0.4;0.7;0.11;1.2;1.9;0;231;51;104;71;99360;0.11;0;0.36;0.34
1994;12;3;337;3.1;-0.9;-3.1;-2.9;-4;-5.1;-0.3;0.5;0.11;1.2;1.9;0;273;62;111;79;98991;0.07;0;0.36;0.34
1994;12;4;338;6;0.6;-3.4;0.5;-2.3;-4.8;0.6;0.1;0.11;1.2;1.9;0;282;58;88;50;98585;0.04;0.1;0.36;0.34
1994;12;5;339;7.9;2.4;-1.9;3.5;0.4;-3.1;1.3;0.7;0.11;1.2;1.9;0;270;53;81;46;98020;0.17;1.08;0.36;0.34
1994;12;6;340;8;3.2;-2.3;5.6;1.8;-2.6;0.6;0.1;0.1;1.2;1.9;0;224;42;85;38;98326;0.23;1.39;0.36;0.34
1994;12;7;341;7.5;3.1;-0.1;2.9;0.7;-1.1;0.6;1.4;0.1;1.2;1.9;0;268;57;108;62;98407;0.37;0.67;0.36;0.34
1994;12;8;342;7.6;2.1;-2;3.3;0.3;-2.8;0.3;0;0.1;1.2;1.9;0;271;57;102;63;98069;0.18;0;0.36;0.34
1994;12;9;343;5.6;1.8;-0.4;3.4;0.8;-0.8;0.9;-0.1;0.1;1.2;1.9;0;166;31;51;29;97724;0.08;0.3;0.36;0.34
1994;12;10;344;5.2;2.2;-0.4;3.6;1.5;-0.6;0.2;-0.6;0.1;1.2;1.9;0;97;19;59;18;98150;0.24;2.7;0.36;0.34
1994;12;11;345;8.8;3.8;-0.5;6.2;2.8;-0.6;1.2;0.6;0.1;1.2;1.9;0;148;29;71;32;98451;0.13;5.15;0.36;0.34
1994;12;12;346;11;3.8;0.1;7.7;2.2;-0.9;1.4;-0.1;0.1;1.2;1.9;0;261;56;103;64;98285;0.17;0;0.36;0.34
1994;12;13;347;9.4;2.7;-1;4.8;0.6;-2.7;1.4;-0.2;0.1;1.2;1.9;0;227;47;91;59;97900;0.13;0;0.36;0.34
1994;12;14;348;7.6;1.7;-1.3;2;-3.3;-6.3;1.4;-1.2;0.1;1.2;1.9;0;199;42;115;63;97470;0.33;0.21;0.36;0.34
1994;12;15;349;2.9;-0.9;-3.6;-4.6;-7.2;-8.5;0.6;-0.9;0.1;1.2;1.9;0;272;56;110;85;98481;0.2;0;0.36;0.34
1994;12;16;350;2.2;-1.6;-3.7;-5;-6.4;-7.7;0.5;1;0.1;1.2;1.9;0;283;60;117;76;98468;0.04;0;0.36;0.34
1994;12;17;351;5.1;0.3;-3.3;-2.2;-4.3;-5.4;0.8;0.1;0.1;1.2;1.9;0;262;56;121;71;98477;0.03;0;0.36;0.34
1994;12;18;352;2.8;-0.8;-2.6;-2.5;-3.8;-5;-0.7;0.3;0.1;1.2;1.9;0;270;58;105;72;98182;0.04;0;0.36;0.34
1994;12;19;353;2.4;-1.2;-2.7;-1.7;-3.1;-3.8;-0.7;-0.1;0.1;1.2;1.9;0;246;50;94;55;97861;0.04;0.02;0.36;0.34
1994;12;20;354;1.2;-0.8;-2.1;-1.4;-2.4;-3.2;-0.8;-0.4;0.11;1.1;1.9;0.96;178;33;60;22;97735;0.04;4.74;0.36;0.34
1994;12;21;355;-1.8;-2.1;-2.6;-2.9;-3.2;-3.5;-0.8;-1.4;0.31;1.1;1.9;14.61;35;7;15;11;97472;0.07;18.86;0.36;0.34
1994;12;22;356;-1.1;-1.9;-2.3;-3;-3.4;-3.7;-0.9;-1.6;0.36;1.1;1.9;28.34;75;14;31;16;97604;0.11;7;0.36;0.34
1994;12;23;357;-2;-3;-5;-4.1;-5.5;-7;-0.4;-1.6;0.35;1.1;1.9;31.09;52;13;41;15;98449;0.18;2.29;0.36;0.34
1994;12;24;358;0.2;-0.9;-2.5;-1.3;-2.5;-4.6;-0.5;-1.5;0.35;1.1;1.9;36.01;58;10;17;9;98371;0.11;5.97;0.36;0.34
1994;12;25;359;0.4;-0.6;-1.1;-1.2;-1.4;-1.8;-0.4;-0.2;0.35;1.1;1.9;38.72;66;14;29;11;97962;0.06;0.47;0.36;0.34
1994;12;26;360;0.4;-1.9;-5.3;-1.4;-2.8;-6.3;0.4;0.4;0.34;1.1;1.9;38.84;109;24;61;32;97577;0.11;0.14;0.36;0.34
1994;12;27;361;1.8;-3.9;-11.7;-2.5;-6.2;-12.7;1;0.9;0.34;1.1;1.9;38.54;197;42;87;42;97087;0.23;0;0.36;0.34
1994;12;28;362;3.2;0.9;-1.1;-0.1;-1.2;-3;1.3;0.5;0.34;1.1;1.9;37.51;104;20;27;16;96978;0.07;0.34;0.36;0.34
1994;12;29;363;4.9;1.4;-1.3;1.5;-0.2;-2.1;1.1;1.1;0.33;1.1;1.9;34.84;197;41;77;46;97303;-0.07;0;0.36;0.34
1994;12;30;364;5.5;3.2;0.5;3.3;1.9;-0.3;1;1.6;0.33;1.1;1.9;29.21;134;26;43;22;96284;-0.24;0.37;0.36;0.34
1994;12;31;365;3.6;0.3;-5.4;1.7;-1.3;-6.7;0.9;0.8;0.32;1.1;1.9;23.48;220;40;109;50;95919;0.04;6.06;0.38;0.34
1995;1;1;1;1.1;-2.9;-6.6;-0.8;-4.4;-7.9;1;-0.2;0.32;1.1;1.9;22.46;71;14;45;24;95597;0.09;0.74;0.38;0.34
1995;1;2;2;1.3;-5.6;-11.8;-3.6;-8.8;-13.6;1.2;0.1;0.32;1.1;1.9;22.15;199;43;110;57;96431;0.24;0.02;0.38;0.34
1995;1;3;3;0.2;-5.5;-10.9;-6.2;-9.4;-13.7;0.8;-1.8;0.31;1.1;1.9;21.53;194;43;94;53;97708;0.37;0.05;0.38;0.34
1995;1;4;4;-2.7;-5;-7.6;-8.1;-10.3;-12;-0.5;-3.6;0.31;1;1.9;21.05;132;32;82;60;98330;0.58;0.1;0.38;0.34
1995;1;5;5;-2.7;-5.1;-8.2;-5.7;-8.5;-12.4;0.1;-1.8;0.32;1;1.9;21.65;77;17;45;21;98420;0.28;2.1;0.38;0.34
1995;1;6;6;-1.9;-3.9;-5.9;-5.2;-6.2;-7.8;0.1;-0.8;0.32;1;1.9;22.73;116;24;49;20;97955;0.2;0.43;0.37;0.34
1995;1;7;7;-0.4;-5.2;-11.2;-5.5;-8.5;-14.5;0.8;-1;0.32;1;1.9;22.74;197;42;108;53;98472;0.25;0.04;0.37;0.34
1995;1;8;8;-2.9;-7.8;-13.3;-7.3;-12;-16.7;1;-0.4;0.32;1;1.9;22.45;180;39;74;37;98882;0.24;0.06;0.37;0.34
1995;1;9;9;-2;-7.1;-11.8;-6.5;-10.4;-14.6;1.1;0.3;0.32;1;1.9;22.22;225;47;104;53;98196;0.22;0;0.37;0.34
1995;1;10;10;1.9;-4.2;-10.4;-3.4;-7.8;-13;1.6;0.6;0.32;1;1.9;22.32;213;39;86;43;96633;0.26;0.65;0.37;0.34
1995;1;11;11;3.1;-2;-6.8;-1.9;-6.4;-9.7;1.7;-0.7;0.33;1;1.9;22.9;215;40;104;54;95640;0.35;1.61;0.37;0.34
1995;1;12;12;1.2;-4.5;-9.4;-5.4;-8.8;-12.9;1.8;-0.3;0.32;1;1.9;22.39;206;43;92;59;96500;0.27;0.27;0.37;0.34
1995;1;13;13;0.4;-2.6;-7.8;-7.1;-8.5;-10.7;1.1;-3.5;0.32;1;1.9;22.01;195;41;95;61;98217;0.6;0.21;0.37;0.34
1995;1;14;14;-1.5;-5.3;-10;-7.8;-10.9;-14.4;0.2;-1.2;0.32;1;1.9;21.45;212;49;115;65;98752;0.28;0;0.37;0.34
1995;1;15;15;-1;-6.8;-13.1;-7.5;-12.4;-18.7;1.1;0;0.31;1;1.9;20.94;228;50;88;47;98721;0.34;0;0.37;0.34
1995;1;16;16;2.2;-3;-6.7;-1.4;-5.9;-10;0.6;0.5;0.3;1;1.9;19.97;212;47;96;47;98921;0.15;0;0.37;0.34
1995;1;17;17;0.8;-3.7;-7.1;-3.3;-6.2;-8.9;0.3;0.6;0.29;1;1.9;18.97;250;54;105;56;98514;0.19;0;0.37;0.34
1995;1;18;18;-1.7;-4.5;-7.2;-4.6;-6.3;-7.9;-0.3;0.5;0.29;1;1.9;18.71;110;26;42;17;97712;0.16;0.21;0.37;0.34
1995;1;19;19;-1.1;-2.7;-4.5;-2.3;-4;-5.4;-0.3;-0.7;0.32;0.9;1.9;22.15;42;10;51;11;97692;0.08;6.39;0.37;0.34
1995;1;20;20;-1.4;-3.3;-5.8;-3;-4.4;-6.5;-0.9;1.2;0.34;0.9;1.9;25.11;97;20;21;9;98413;0.13;0.32;0.37;0.34
1995;1;21;21;0.2;-2.2;-5;-2.3;-3.5;-5.9;-0.6;0;0.34;0.9;1.9;25.5;148;34;59;25;98154;0.16;1.7;0.37;0.35
1995;1;22;22;4.3;0;-5;0.4;-2;-5.6;0.6;1.7;0.34;0.9;1.9;25.36;189;38;69;30;97330;0.03;0;0.37;0.35
1995;1;23;23;8.2;4.5;2.8;2.7;1.5;0;2.1;1.7;0.31;0.9;1.9;19.75;241;53;91;46;96433;-0.13;0.87;0.37;0.35
1995;1;24;24;4.8;1.1;-4;1.6;-0.6;-5.4;1.2;0.9;0.28;0.9;1.9;15.1;175;35;94;45;96737;0.06;6.08;0.38;0.35
1995;1;25;25;6.5;0.6;-5.7;0.9;-2.4;-7.1;1.6;1;0.26;0.9;1.9;13.06;218;40;71;43;96607;0.14;0.11;0.39;0.35
1995;1;26;26;9.7;4.9;-2.1;5.9;1.5;-3.5;1.9;2.3;0.22;0.9;1.9;9.7;291;65;105;57;96171;-0.01;0.02;0.39;0.35
1995;1;27;27;9.4;2.3;-5.9;5.3;-4;-10.3;2.3;-0.6;0.18;0.9;1.9;5.9;179;40;106;63;96491;0.71;8.14;0.4;0.35
1995;1;28;28;5.2;0;-6.6;-0.9;-5.7;-11.1;1.5;1.5;0.17;0.9;1.9;5.83;188;36;77;45;96856;0.22;0.43;0.4;0.35
1995;1;29;29;7.7;0.9;-3.9;1.1;-2.4;-5.8;1.4;0.5;0.17;0.9;1.9;5.27;305;73;105;60;96678;0.32;0.76;0.4;0.35
1995;1;30;30;8.1;2.6;-0.9;2.7;0;-2.7;1.5;0.5;0.15;0.9;1.9;4.29;232;51;81;39;96390;0.15;0.11;0.39;0.35
1995;1;31;31;3.7;0.6;-4.3;0;-6.3;-8.3;0.7;-2.4;0.15;0.9;1.9;3.73;369;87;126;86;98184;0.6;0.07;0.39;0.35
1995;2;1;32;6.9;0.2;-4.4;-2.7;-6.5;-9.4;0.7;1.2;0.14;0.9;1.9;3.41;356;85;114;75;98417;0.13;0;0.39;0.35
1995;2;2;33;9.5;2.4;-2.3;1.2;-3.3;-6.5;0.6;0.1;0.13;0.9;1.9;2.82;361;85;116;66;97970;0.16;0;0.39;0.35
1995;2;3;34;4.6;0.9;-1.8;-1.1;-2.8;-3.6;-0.7;-0.2;0.13;0.9;1.9;2.31;311;71;93;54;99048;0.17;0;0.39;0.35
1995;2;4;35;5.6;1.4;-1.9;-0.1;-2.4;-4.2;0.5;0.8;0.12;0.9;1.9;1.96;339;78;106;58;98475;0.12;0;0.39;0.35
1995;2;5;36;8.2;2.7;-0.5;1.5;-1.7;-3.1;1.2;-0.7;0.12;0.9;1.9;1.62;313;67;99;56;97987;0.4;0.37;0.39;0.35
1995;2;6;37;10.2;3.2;-1;2.7;-0.4;-3;1;0.6;0.12;0.8;1.9;1.26;304;69;98;46;97786;0.26;0;0.39;0.35
1995;2;7;38;13.2;4.2;-1.6;6.8;0.6;-2.8;1.5;0.2;0.11;0.8;1.9;0.89;367;93;116;66;96959;0.37;0;0.39;0.35
1995;2;8;39;11.5;4.2;-1.3;3.1;0.5;-2.5;1.5;0.6;0.11;0.8;1.9;0.59;364;90;110;62;96347;0.37;0;0.38;0.35
1995;2;9;40;9.6;4;-0.6;5.6;1.7;-1.5;0.8;0.1;0.11;0.8;1.9;0.41;231;59;64;46;95810;0.25;1.24;0.38;0.35
1995;2;10;41;4.4;0.9;-1.2;-1.8;-4.4;-5.7;-0.5;1.3;0.11;0.8;1.9;0.63;247;62;90;46;97010;0.48;0.38;0.38;0.36
1995;2;11;42;8.8;2.8;-2;2.7;-0.2;-4;1.4;1;0.11;0.8;1.9;0.59;268;63;75;53;97069;0.15;0.01;0.38;0.36
1995;2;12;43;8.8;3.1;-0.9;4.6;1.3;-1.6;1.5;0.5;0.11;0.8;1.9;0.41;298;57;69;49;97542;0.17;0.08;0.38;0.36
1995;2;13;44;11.9;4.9;-1.7;3.6;1.3;-2.4;0.3;1.3;0.11;0.8;1.9;0.27;422;108;120;76;97823;0.44;0;0.38;0.36
1995;2;14;45;7.8;5.3;1.6;6.5;4.3;1;0.8;0.7;0.1;0.8;1.9;0.15;93;23;58;25;97205;0.2;6.89;0.38;0.36
1995;2;15;46;11.4;4.5;-3.4;3.8;0.6;-4.3;0.8;1;0.1;0.8;1.9;0.09;435;104;117;64;97527;0.61;0.07;0.38;0.36
1995;2;16;47;7.8;4;-0.7;5.9;2.3;-1.6;1.1;0.3;0.1;0.8;1.9;0.04;133;34;70;37;97148;0.17;3.1;0.38;0.36
1995;2;17;48;11.5;3.7;-2.9;1;-1.3;-4;1.3;1.7;0.11;0.8;1.9;0;442;112;116;78;97187;0.72;0.09;0.38;0.36
1995;2;18;49;5.5;3.4;1.8;3.8;1.8;-0.8;0.6;-0.9;0.11;0.8;1.9;0;84;20;36;16;96889;0.28;10.94;0.39;0.36
1995;2;19;50;9.4;3.7;-1.5;-0.2;-3.5;-5.6;1.2;-0.3;0.11;0.8;1.9;0;439;111;125;80;97882;0.68;0;0.39;0.36
1995;2;20;51;12.8;5.5;-0.6;3.5;-0.5;-4.4;1.1;0.7;0.11;0.8;1.9;0;405;84;100;44;98037;0.46;0;0.39;0.36
1995;2;21;52;13.7;6.9;1.1;3;1.7;-0.5;1;1;0.11;0.9;1.9;0;406;111;119;77;97785;0.61;0;0.39;0.36
1995;2;22;53;7.8;4.3;0.9;1.6;0.2;-1.2;0.3;-0.1;0.11;0.9;1.9;0;152;39;67;39;98052;0.21;0;0.39;0.36
1995;2;23;54;9.8;4.7;0.7;4.6;1.7;-1.2;0.2;1.5;0.11;0.9;1.9;0;264;60;61;39;97018;0.42;6.43;0.39;0.36
1995;2;24;55;6.6;3.4;0.3;3.1;1.4;-0.2;0.3;2;0.11;0.9;1.9;0.01;205;58;49;33;96112;0.65;0.82;0.39;0.36
1995;2;25;56;11.4;5.8;-0.9;2.5;0.9;-2.3;0.6;1.3;0.11;0.9;1.9;0;480;123;120;77;95447;0.77;0.19;0.39;0.36
1995;2;26;57;8.6;2.9;-2;4.7;0.8;-3.3;-0.1;-1;0.11;0.9;1.9;0.3;281;57;81;43;95546;0.55;19.3;0.39;0.36
1995;2;27;58;7.3;3.4;-2.2;1.4;-2.5;-5.9;1.2;-1.7;0.13;0.9;1.9;1.09;368;89;94;57;97272;0.85;1.97;0.4;0.36
1995;2;28;59;9.8;2.7;-3.3;-2.9;-4.7;-7;1.3;1.1;0.12;0.9;1.9;0.81;484;132;113;85;98473;0.72;0;0.4;0.36
1995;3;1;60;13.3;5.3;-1.2;-0.5;-2.7;-4.7;0.9;1.6;0.12;0.9;1.9;0.53;509;139;133;89;97701;0.88;0;0.4;0.36
1995;3;2;61;6.1;3.1;0.7;4.3;1.1;-3.2;0.8;-0.5;0.12;0.9;1.9;0.35;81;19;66;18;97169;0.24;20.26;0.4;0.36
1995;3;3;62;7.4;3.7;0.6;2.5;1.7;0;0.5;1;0.12;0.9;1.9;0.35;276;74;72;42;96536;0.58;3.27;0.42;0.37
1995;3;4;63;7.8;3;-0.6;6.2;1.9;-1.8;0.6;-0.5;0.13;1;1.9;0.82;181;42;61;25;96091;0.54;19.34;0.41;0.37
1995;3;5;64;8.6;4;0.9;-0.4;-2.4;-4.2;0.4;0.4;0.15;1;1.9;2.49;524;132;133;74;96321;1;0.1;0.42;0.37
1995;3;6;65;5;1.5;-1.5;2.1;-0.7;-3.7;1.2;0.4;0.14;1;1.9;1.86;228;57;81;52;96129;0.48;3.82;0.42;0.37
1995;3;7;66;7.4;2.9;-1.5;-0.9;-3.6;-6.6;0.8;-2;0.14;1;1.9;1.51;268;72;73;51;96896;0.7;0.03;0.41;0.37
1995;3;8;67;9.6;3.2;-3;-3.4;-4.7;-6.4;1.5;1.4;0.13;1;1.9;1.16;528;144;125;89;97051;0.88;0;0.41;0.38
1995;3;9;68;8.4;4;-0.3;-0.1;-1.9;-3.2;1;-0.7;0.13;1;1.9;0.84;253;65;59;41;97333;0.58;0.46;0.41;0.38
1995;3;10;69;9.5;4.5;-1.3;-0.8;-2.6;-3.7;0;-0.3;0.13;1;1.9;0.59;520;125;112;71;97971;0.77;0;0.4;0.38
1995;3;11;70;10.3;5.9;1.7;1;-0.8;-2;-0.6;0.4;0.13;1;1.9;0.38;411;120;99;69;97911;0.74;0;0.4;0.38
1995;3;12;71;11.1;5.3;-0.2;1.7;-0.4;-1.6;-0.9;-0.6;0.13;1;1.9;0.22;534;146;124;81;98169;0.91;0.01;0.4;0.38
1995;3;13;72;8.1;3.8;0.5;2.4;0.8;-1.1;-1.5;-1.6;0.13;1;1.9;0.14;442;106;83;52;98040;1.06;3.87;0.39;0.38
1995;3;14;73;4;1.1;-1.3;1;-3.2;-6;-2;0.1;0.13;1.1;1.9;0.45;427;104;69;46;97177;0.79;0.76;0.39;0.38
1995;3;15;74;6.5;1.1;-2.3;-3.5;-4.5;-5.6;-0.6;1;0.14;1.1;1.9;0.72;414;120;105;66;96462;0.71;0.02;0.39;0.38
1995;3;16;75;6.7;2.2;-1.1;2.7;-0.7;-4;0.2;0.7;0.14;1.1;1.9;0.72;343;77;56;37;96611;0.5;1.65;0.39;0.38
1995;3;17;76;9.4;3.2;-4;0.3;-3;-4.8;0.9;1.9;0.14;1.1;1.9;0.54;591;163;133;78;97013;1.17;0;0.39;0.38
1995;3;18;77;13.9;7.5;1.4;3.6;0.9;-3.6;1.8;1.4;0.13;1.1;1.9;0.29;462;135;99;69;96642;1.05;0.09;0.39;0.38
1995;3;19;78;14.3;9.1;3.2;5.7;4.3;2.1;1.8;1.7;0.13;1.1;1.9;0.09;394;117;87;55;96429;0.92;0.99;0.39;0.38
1995;3;20;79;6.7;3.8;1.4;5.3;-0.7;-6.7;0.3;-1.9;0.15;1.2;1.9;1.42;269;66;95;46;96837;1.25;15.86;0.4;0.38
1995;3;21;80;7.7;3.3;-1;-3.3;-5.8;-7.5;2.5;-2;0.15;1.2;1.9;1.43;515;158;115;89;97765;1.28;0.46;0.4;0.38
1995;3;22;81;6.6;2.8;-0.7;-4.6;-5.7;-7.3;0.8;-2.6;0.15;1.2;1.9;1.07;558;163;111;86;98782;1.12;0.2;0.39;0.38
1995;3;23;82;8.1;3.6;0.1;1.7;-1.9;-5.8;0.9;0.3;0.14;1.2;1.9;0.97;246;67;47;30;98663;0.68;1.02;0.39;0.38
1995;3;24;83;14.9;7.2;-1.7;2.9;0.5;-3.2;0.5;0.7;0.14;1.2;1.9;0.61;602;178;127;87;98000;1.41;0;0.39;0.38
1995;3;25;84;18.4;9.6;0.2;5.2;3.1;-0.8;1.5;0.6;0.14;1.2;1.9;0.23;569;174;138;84;97216;1.54;0.01;0.39;0.38
1995;3;26;85;11.7;7.4;4.5;6.3;4.2;2.9;0.2;1.4;0.14;1.3;1.9;0.07;337;85;83;44;97183;0.87;2.38;0.39;0.39
1995;3;27;86;14.6;8.1;1.9;6.6;3.2;-1.5;2.4;1.5;0.14;1.3;1.9;0.13;438;136;105;60;95673;1.64;7.85;0.39;0.39
1995;3;28;87;5.8;1.8;-2.2;-2.5;-9.1;-12.8;0.5;-2.8;0.16;1.3;1.9;2.41;525;132;118;73;96261;1.49;1;0.39;0.39
1995;3;29;88;8.9;2.9;-1.9;-2.5;-7.5;-12.3;1.3;0.3;0.16;1.3;1.9;2.27;452;116;84;57;95615;1.27;0.8;0.39;0.39
1995;3;30;89;5.3;2.2;0.2;-6.4;-7.3;-9.8;-0.5;-5.9;0.16;1.3;1.9;1.92;615;174;117;83;97459;1.55;0.76;0.39;0.39
1995;3;31;90;7.1;2.9;-0.4;-5.5;-6.6;-8.1;0.4;-3;0.16;1.4;1.9;1.63;517;162;100;86;98325;1.57;0.81;0.39;0.39
1995;4;1;91;10.5;5.2;-0.3;2.8;-1;-5.6;1.4;0.4;0.16;1.4;1.9;1.42;310;92;71;35;97906;0.85;0.98;0.38;0.39
1995;4;2;92;15.5;9.9;5.1;5.7;3.9;2.7;2.2;-0.6;0.15;1.4;1.9;0.68;359;106;103;51;97819;1.22;0.24;0.38;0.39
1995;4;3;93;22;13.3;4.9;6.3;3.3;0.9;2.3;0.5;0.14;1.4;1.9;0.21;653;205;146;101;97514;2.26;0;0.38;0.39
1995;4;4;94;22.3;13.9;5.2;7.9;5.3;3;1.5;-0.3;0.14;1.4;1.9;0.05;631;192;128;89;97307;2.14;0;0.38;0.39
1995;4;5;95;14.1;10.4;7.2;7.1;5.6;3.9;-1.1;1;0.14;1.4;1.9;0;372;109;78;50;98092;1.18;0.39;0.38;0.39
1995;4;6;96;19.1;11.3;4.3;9.6;6.7;4;1.2;-0.3;0.14;1.5;1.9;0;564;153;98;67;97680;1.69;2.17;0.38;0.39
1995;4;7;97;19;12.4;5.3;7.2;4.9;3.7;1.2;-0.9;0.14;1.5;1.9;0;555;167;115;65;97314;1.91;0.02;0.37;0.39
1995;4;8;98;10.7;8;3.5;5.1;-2.2;-7.5;1.9;-3.1;0.14;1.5;1.9;0;679;205;146;86;96725;2.01;0.3;0.37;0.39
1995;4;9;99;8.3;4.5;1.3;-4.9;-6.3;-8.5;1.8;-3.2;0.15;1.5;1.9;0;636;197;115;96;97281;1.78;0.23;0.37;0.39
1995;4;10;100;10.6;5.5;-1.4;1.4;-2.2;-6.4;0.7;-0.2;0.15;1.5;1.9;0;536;128;90;64;97453;1.18;0.14;0.37;0.38
1995;4;11;101;10.8;5.9;2.8;5.1;2.8;1.4;-0.7;-0.3;0.15;1.6;1.9;0;348;111;60;36;97612;1.48;6.23;0.37;0.38
1995;4;12;102;11.7;6.3;1.2;2.7;0.2;-2.5;-0.5;-1;0.15;1.6;1.9;0;404;147;86;57;97707;1.71;1.04;0.37;0.38
1995;4;13;103;9.1;5.6;1.6;2.2;-1.2;-4.7;0.5;-2.8;0.15;1.6;1.9;0;560;177;107;79;97716;1.84;0.75;0.37;0.38
1995;4;14;104;6.7;3.5;0.2;1.7;-1.9;-5.1;0.2;-1.9;0.15;1.6;1.9;0;424;140;89;74;98030;1.58;3.19;0.37;0.38
1995;4;15;105;7.8;3.7;-0.8;1.5;-0.6;-2.1;-0.6;0.7;0.15;1.6;1.9;0.02;473;160;96;66;97693;1.5;0.93;0.37;0.38
1995;4;16;106;9.5;5.5;1;3.6;1.3;-0.4;0.1;-0.7;0.15;1.7;1.9;0;435;112;70;42;96722;1.06;0.71;0.37;0.38
1995;4;17;107;13.2;7.9;1.6;2.7;-1;-3.4;1.3;-1.1;0.15;1.7;1.9;0;637;200;117;86;96501;2.12;0.28;0.37;0.38
1995;4;18;108;16.6;9.9;3.2;4.2;2.3;-0.4;1.3;1.4;0.15;1.7;1.9;0;467;147;97;62;96326;1.73;0;0.36;0.38
1995;4;19;109;16.7;11.2;3.7;6.8;4.5;2.2;1.6;2.5;0.15;1.8;1.9;0;529;164;113;77;96450;1.97;0;0.36;0.38
1995;4;20;110;17.8;12.7;7.4;7.8;6.3;4.7;0.6;2.5;0.15;1.8;1.9;0;485;161;99;75;96860;1.96;0;0.36;0.38
1995;4;21;111;20.4;13.9;6.6;9.9;7.8;5;0.3;1.6;0.15;1.8;1.9;0;674;214;126;83;97446;2.44;0.02;0.36;0.38
1995;4;22;112;23.2;16.2;7.7;10;8.2;6.6;0;1.4;0.16;1.8;1.9;0;695;233;136;93;97613;2.89;0;0.35;0.38
1995;4;23;113;24;16.6;7;12.5;8.6;5.6;-0.5;-0.1;0.16;1.9;1.9;0;660;214;128;84;97543;2.81;0.5;0.35;0.38
1995;4;24;114;19.9;14.3;8.5;12.9;10.1;6.2;-1.3;-0.5;0.16;1.9;1.9;0;570;183;101;64;96797;2.29;9.93;0.35;0.38
1995;4;25;115;15.1;11.7;7.4;10.9;7.5;4;-0.2;2.2;0.16;1.9;1.9;0;512;162;113;63;95879;2.45;7.28;0.36;0.38
1995;4;26;116;15.3;10.4;4.2;8;4.5;3;1.4;0.7;0.16;2;1.9;0;411;134;78;64;95487;1.76;0.47;0.36;0.38
1995;4;27;117;17;11.8;6.4;8.8;5.6;4.3;1.5;-0.1;0.16;2;1.9;0;477;146;86;63;95923;2.07;0.37;0.36;0.38
1995;4;28;118;17.2;11.9;4.9;10;7.2;4.1;0.3;-0.1;0.16;2;1.9;0;571;174;110;71;96864;2.08;0.45;0.35;0.38
1995;4;29;119;18.5;13.5;6.8;10.3;8.5;6.1;-0.5;0.6;0.16;2.1;1.9;0;517;180;101;72;97501;2.29;0.34;0.35;0.38
1995;4;30;120;20.3;14.4;8.5;11.6;9.7;7;-0.2;-0.1;0.16;2.1;1.9;0;657;204;117;75;97538;2.66;6.81;0.35;0.38
1995;5;1;121;18.7;13.5;7.5;11.6;9.7;6.9;0.1;-1.4;0.16;2.1;1.9;0;569;174;98;64;97801;2.7;4.74;0.35;0.38
1995;5;2;122;15.1;11.1;7.2;6.4;2.5;-0.4;-1.5;-2.8;0.16;2.1;1.9;0;725;237;142;94;98293;3.2;0.15;0.35;0.38
1995;5;3;123;13.5;9.2;4.6;3.2;0.7;-0.8;-1.4;-1.2;0.16;2.2;1.9;0;727;248;140;108;98658;2.79;0;0.35;0.38
1995;5;4;124;17.8;11.6;2.6;7.7;4.3;1.1;0.4;0.2;0.16;2.2;1.9;0;703;244;139;92;98268;2.92;0;0.35;0.38
1995;5;5;125;19.9;14.7;8.1;8.3;5.8;4.3;0.2;-1.8;0.17;2.2;1.9;0;674;228;126;86;97860;3.23;0.09;0.35;0.38
1995;5;6;126;22.5;16;6.7;12.5;7.7;5.4;1;0;0.17;2.3;1.9;0;595;211;111;81;97490;2.96;0.09;0.34;0.38
1995;5;7;127;24.7;17.5;8.8;12;8.2;5;1.1;-0.4;0.17;2.3;1.9;0;672;218;126;86;97210;3.28;1.03;0.34;0.38
1995;5;8;128;22.9;16.2;10.2;13.4;10.8;8.3;0.6;0.6;0.17;2.3;1.9;0;673;213;113;79;97152;3.01;1.95;0.34;0.38
1995;5;9;129;21.6;15;10.2;12.1;9.8;6.5;1;-0.3;0.17;2.4;1.9;0;584;182;106;65;96777;2.76;7.22;0.34;0.38
1995;5;10;130;14.2;11.8;9.1;7.9;6.1;2.5;0.1;1.2;0.17;2.4;1.9;0;350;110;67;49;97108;1.7;0.91;0.34;0.38
1995;5;11;131;15.8;12.4;7.7;8.9;7.5;6.3;-0.9;1.6;0.17;2.4;1.9;0;479;154;87;51;96626;2.26;0.12;0.34;0.38
1995;5;12;132;17.4;13;10.3;13.1;11;8.9;-1;1.4;0.17;2.5;1.9;0;285;83;63;23;95783;1.44;11.65;0.34;0.38
1995;5;13;133;15.8;13;10.4;12.1;10.1;6.8;0.7;1.8;0.17;2.5;1.9;0;389;111;60;34;94978;2.88;15.01;0.36;0.38
1995;5;14;134;13.6;10.2;6.8;5.7;2;-0.3;1.5;-2.1;0.17;2.5;1.9;0;446;149;103;57;96749;2.87;0.97;0.36;0.38
1995;5;15;135;12.6;9.1;4.3;2.5;0.8;-0.6;0.1;0.5;0.17;2.5;1.9;0;427;164;102;76;97657;2.3;0.04;0.35;0.38
1995;5;16;136;17.4;11.8;5.1;7;4.7;2.4;0.8;2.5;0.17;2.6;1.9;0;649;217;116;85;97183;2.98;0;0.35;0.38
1995;5;17;137;13.5;11.3;6.7;11.6;8.9;6;0.4;2.3;0.17;2.6;1.9;0;174;64;78;42;96816;1.38;5.58;0.35;0.38
1995;5;18;138;19.1;12.6;5.3;10;7.9;5.2;0.6;1.8;0.17;2.6;1.9;0;621;202;104;65;96691;3.01;0.48;0.35;0.38
1995;5;19;139;12.3;11.3;9.1;10;6.5;3.6;0.5;-1.4;0.17;2.6;1.9;0;222;66;50;33;96923;1.79;6.71;0.36;0.38
1995;5;20;140;13.2;10.2;7.7;4.6;2.8;1.3;0.1;-3;0.17;2.7;1.9;0;343;122;64;47;97496;2.33;1.62;0.35;0.38
1995;5;21;141;12.7;9.8;7.2;6.7;5.3;3.9;0.4;-2.4;0.17;2.7;1.9;0;332;106;56;37;97877;2.87;9.47;0.36;0.38
1995;5;22;142;14.3;11.9;8.8;7.3;5.5;3.9;-0.6;-2.1;0.17;2.7;1.9;0;253;84;64;37;97875;1.54;0.02;0.36;0.38
1995;5;23;143;19.5;13.5;5.3;9.8;7.3;3.8;-0.3;0.1;0.17;2.7;1.9;0;718;251;127;90;97439;3.44;0;0.36;0.38
1995;5;24;144;22.1;15.8;6.8;13.3;10;6.2;-0.1;0.2;0.17;2.7;1.9;0;664;228;116;82;97161;3.35;0;0.35;0.38
1995;5;25;145;23.4;17.4;9;14.8;11.7;8.2;-0.2;0.2;0.17;2.8;1.9;0;680;231;117;79;97269;3.54;0.01;0.35;0.38
1995;5;26;146;25.2;18.9;11.1;15;13.1;10.1;-0.4;1.4;0.17;2.8;1.9;0;696;248;113;84;97311;3.9;0;0.35;0.38
1995;5;27;147;25.5;20;14.1;13.4;11.5;9.3;0.8;1.3;0.17;2.8;1.9;0;711;264;132;90;97556;4.35;0;0.34;0.38
1995;5;28;148;23.8;19.3;12.8;15.4;13.1;10.7;-0.5;-1.6;0.17;2.8;1.9;0;610;215;95;69;97931;3.57;0.27;0.34;0.38
1995;5;29;149;25.6;20.3;13.5;17.7;15.2;12.5;0.1;0.3;0.17;2.9;1.9;0;668;230;104;71;97626;3.67;0.67;0.33;0.38
1995;5;30;150;24.4;19.1;13;17;15.6;13;-0.2;0.4;0.17;2.9;1.9;0;580;197;97;60;97172;3.23;5.61;0.33;0.38
1995;5;31;151;23.8;17.8;13.5;18.3;15.7;13.5;-0.1;0.3;0.17;2.9;1.9;0;541;182;99;48;96822;3.13;7.19;0.34;0.37
1995;6;1;152;19.2;15.3;11.9;14.7;13.1;10.6;-0.2;0.9;0.17;2.9;1.9;0;456;116;83;46;96656;2.13;5.42;0.34;0.37
1995;6;2;153;17.6;14.2;8.9;12.6;10.2;8;0.1;-0.8;0.17;2.9;1.9;0;441;162;81;65;96974;2.94;5.08;0.34;0.37
1995;6;3;154;19.1;14.7;7.8;11.5;8.6;6.6;-0.3;0.2;0.17;3;1.9;0;563;212;103;77;97544;3.36;0.15;0.34;0.37
1995;6;4;155;21.5;15.6;9.9;13.9;11.8;9.7;-0.2;0.4;0.17;3;1.9;0;648;219;99;61;97504;3.42;4.06;0.34;0.37
1995;6;5;156;19;14.8;10.6;14.4;12.7;10.2;-0.1;0;0.17;3;1.9;0;485;152;77;53;97388;2.52;11.19;0.35;0.37
1995;6;6;157;18.5;14.3;10.3;15.2;12.8;10.2;-0.1;-0.5;0.17;3;1.9;0;433;144;77;41;97264;2.6;17.5;0.36;0.37
1995;6;7;158;18;14.9;12;12;11.1;10.3;1;-1.4;0.17;3;1.9;0;384;115;73;42;97138;2.47;3.2;0.36;0.37
1995;6;8;159;22.5;17.3;9.8;13.5;11.2;8.9;-0.1;0.6;0.17;3.1;1.9;0;657;231;109;80;97207;3.77;0.02;0.36;0.37
1995;6;9;160;24;18.6;12.9;15.2;12.8;10.3;0;0.9;0.17;3.1;1.9;0;688;239;109;75;97096;4.25;3.41;0.36;0.37
1995;6;10;161;20.7;16.8;13.2;13.3;11.4;9.5;-0.4;0.9;0.17;3.1;1.9;0;464;155;72;48;97182;2.97;0.3;0.36;0.37
1995;6;11;162;22.2;17.8;13.6;15.2;13.7;12.1;0.1;2.4;0.17;3.1;1.9;0;568;188;93;64;96569;3.27;1.14;0.35;0.37
1995;6;12;163;18.9;15.9;12.3;13.9;11.7;9.3;0;1.3;0.17;3.2;1.9;0;349;135;84;55;96551;2.55;1.79;0.35;0.37
1995;6;13;164;20.1;15.4;9.5;11.1;9.8;8.4;0.7;0.6;0.17;3.2;1.9;0;599;222;106;81;96792;3.6;0.55;0.35;0.37
1995;6;14;165;20.3;15.6;10.4;13.4;11.2;9.6;0.2;0.2;0.17;3.2;1.9;0;581;210;97;71;97090;3.57;3.11;0.35;0.37
1995;6;15;166;18.6;15.1;11.1;12.2;10.8;10.1;0.1;-0.3;0.17;3.2;1.9;0;476;148;88;51;97351;2.55;2.47;0.35;0.37
1995;6;16;167;20.5;15.6;9.7;12.8;10.9;9.1;0.4;0.1;0.17;3.2;1.9;0;599;205;109;70;97355;3.46;0.48;0.35;0.37
1995;6;17;168;21.1;16.5;9.4;11.9;9.9;8.3;0.4;0.4;0.17;3.2;1.9;0;649;233;109;79;97397;3.86;0.1;0.34;0.37
1995;6;18;169;22.1;17.1;10.3;14.1;12.1;9.3;0.4;-0.3;0.17;3.3;1.9;0;570;187;80;60;97328;3.12;0.27;0.34;0.37
1995;6;19;170;23;18.9;12.8;15.3;13.7;11.9;-0.1;-0.1;0.17;3.3;1.9;0;583;197;93;63;97784;3.29;0.17;0.34;0.37
1995;6;20;171;24.9;20.1;13.7;16.5;15;13;-0.4;0.4;0.17;3.3;1.9;0;512;193;84;64;97996;3.36;0.27;0.33;0.37
1995;6;21;172;28.7;21.9;14.9;18.6;16.4;13.3;0.6;0.3;0.17;3.3;1.9;0;695;237;103;72;97662;4.11;0.42;0.33;0.37
1995;6;22;173;21;17.3;12;17.4;14.9;9.2;-0.4;-0.6;0.17;3.3;1.9;0;358;101;63;41;97363;2.37;15.06;0.33;0.37
1995;6;23;174;14.7;12.6;10.1;8.7;7.4;6.2;-0.8;-1;0.17;3.3;1.9;0;306;120;75;51;97267;2.49;1.81;0.34;0.37
1995;6;24;175;13.9;12.2;10.5;10.4;8.9;7.7;-0.5;-1.8;0.17;3.3;1.9;0;226;60;34;24;97197;1.81;5.7;0.34;0.37
1995;6;25;176;16.9;14.1;11.8;13.9;11.5;9.7;1.8;-0.7;0.17;3.4;1.9;0;285;76;47;25;97257;2.26;10.91;0.35;0.37
1995;6;26;177;22.2;17.1;11.2;13.3;11.9;9.9;1.7;-1.1;0.17;3.4;1.9;0;565;180;79;51;97285;3.69;4.34;0.35;0.37
1995;6;27;178;22.8;19.2;14.8;16.4;14.5;12.3;0.6;-2.1;0.17;3.4;1.9;0;533;170;86;51;97321;3.5;2.05;0.35;0.37
1995;6;28;179;24.7;19.9;15.3;14.1;11.3;8;-0.5;-2.2;0.17;3.4;1.9;0;740;272;133;98;97184;5.18;0;0.35;0.37
1995;6;29;180;24.4;18.9;12.6;14.3;11.2;8.6;-0.3;-0.7;0.17;3.4;1.9;0;730;272;129;97;97209;4.68;0;0.34;0.37
1995;6;30;181;26.7;21.5;13.1;17.6;13;11.5;0.1;-0.5;0.17;3.4;1.9;0;638;247;111;82;97296;4.5;0;0.34;0.37
1995;7;1;182;28.7;22.8;14.1;17;14.8;12.8;0.3;0.5;0.17;3.4;1.9;0;655;242;111;79;97254;4.49;0;0.34;0.37
1995;7;2;183;27.1;21.5;15.6;19.7;17.6;14.7;0.6;0.5;0.17;3.5;1.9;0;560;194;87;62;96863;3.48;3.4;0.33;0.37
1995;7;3;184;28.8;22.5;15.2;17.2;14.9;13.8;1.7;2.2;0.17;3.5;1.9;0;718;261;109;79;96298;5.35;0;0.33;0.37
1995;7;4;185;23.5;20.4;16.2;17;14.3;12.7;0.8;0.1;0.17;3.5;1.9;0;521;179;83;67;96907;3.41;0.45;0.33;0.37
1995;7;5;186;20.4;17.7;15.3;16.9;15.8;14.1;-0.3;-0.9;0.17;3.5;1.9;0;268;100;48;31;97619;2.26;18.53;0.33;0.37
1995;7;6;187;21.5;17.5;14.8;15.4;14.2;12.9;-0.1;-1.4;0.17;3.5;1.9;0;415;105;82;40;97729;2.44;7.53;0.35;0.37
1995;7;7;188;23.6;19.1;13.3;14.8;12.3;10.9;-0.4;-1.3;0.17;3.5;1.9;0;701;237;111;77;97732;4.31;0;0.34;0.37
1995;7;8;189;26.6;21.5;14.2;17.9;14.5;12.1;-0.2;-0.7;0.17;3.5;1.9;0;669;244;111;77;97896;4.46;0;0.34;0.37
1995;7;9;190;27.7;22.5;14.7;17.9;15.8;13.9;-0.3;-0.2;0.17;3.6;1.9;0;701;256;107;79;97880;4.73;0;0.34;0.37
1995;7;10;191;27.7;22.8;16.1;17.4;15.7;13.9;-0.6;0.2;0.17;3.6;1.9;0;652;229;103;72;97529;4.48;0;0.33;0.37
1995;7;11;192;28.2;23.1;16.3;17.7;15.3;13.6;0;1.3;0.17;3.6;1.9;0;668;252;116;80;96974;4.86;0;0.33;0.37
1995;7;12;193;28.2;23.2;16.8;18.3;16;13.9;0.4;-0.2;0.17;3.6;1.9;0;606;226;108;75;97014;4.18;0;0.32;0.37
1995;7;13;194;29;23.1;16.7;19.6;17.4;16;0.7;0.3;0.17;3.6;1.9;0;639;224;102;68;97186;4.2;0.21;0.32;0.36
1995;7;14;195;28.7;22.8;16.2;19.5;18;15.7;0.6;-0.2;0.17;3.6;1.9;0;630;215;97;68;97043;4.02;1.3;0.31;0.36
1995;7;15;196;26.3;21.6;16.9;18.6;17.4;16.3;0.6;-0.3;0.17;3.6;1.9;0;603;188;91;60;97045;3.53;3.38;0.31;0.36
1995;7;16;197;27.6;22.3;15.2;18.1;15;13;0.7;-0.5;0.17;3.6;1.9;0;664;231;104;68;97031;4.48;0.07;0.31;0.36
1995;7;17;198;23.4;20.8;17.3;15.4;14.5;13.9;0.1;-0.5;0.17;3.6;1.9;0;389;153;86;60;97311;2.88;0.59;0.31;0.36
1995;7;18;199;26.2;20.8;14.5;17.4;14.6;13;0.7;-0.9;0.17;3.6;1.9;0;647;217;102;70;97534;3.91;1.62;0.31;0.36
1995;7;19;200;26.7;22.1;16.9;17.7;15.1;14.1;0.8;-1.4;0.17;3.6;1.9;0;537;187;88;58;97914;3.69;0.27;0.3;0.36
1995;7;20;201;27.3;22.6;16.3;17.7;16.1;14.7;-0.3;-0.1;0.17;3.6;1.9;0;560;204;100;66;98000;3.7;0.18;0.3;0.36
1995;7;21;202;29.3;23.8;16.8;18;16.3;15.5;-0.1;1.1;0.17;3.6;1.9;0;650;237;107;78;97677;4.24;0;0.3;0.36
1995;7;22;203;30.6;25.1;19;18.3;16.9;16.2;-0.3;1.6;0.17;3.6;1.9;0;682;241;105;77;97272;4.33;0;0.29;0.36
1995;7;23;204;26.3;22.5;17.9;18.2;16;12.6;-0.8;-1.8;0.17;3.6;1.9;0;400;146;65;52;97473;2.95;0.7;0.29;0.36
1995;7;24;205;25.5;20.9;16.6;13;12.1;11.3;-1;-1.4;0.17;3.6;1.9;0;581;211;109;76;97894;3.81;0.03;0.29;0.36
1995;7;25;206;26.1;21.3;14.7;15.5;11.9;10.6;-0.7;-0.8;0.17;3.6;1.9;0;676;245;127;92;97715;3.87;0;0.28;0.36
1995;7;26;207;28.6;22.9;15.3;16.5;13.9;12.2;-0.6;0.4;0.17;3.6;1.9;0;704;248;120;84;97574;3.97;0;0.28;0.36
1995;7;27;208;30.2;24.3;19.4;19.8;17.2;14.4;-0.5;0.4;0.17;3.6;1.9;0;641;214;95;63;97471;3.56;3.96;0.28;0.36
1995;7;28;209;23.5;20.9;17.8;18.1;17.4;16.6;0.1;-0.9;0.17;3.6;1.9;0;373;134;58;43;97515;2.94;8.85;0.28;0.36
1995;7;29;210;20;18.1;16.5;17.4;16.6;15.6;0.3;-0.7;0.17;3.6;1.9;0;209;62;41;30;97479;1.58;14.04;0.29;0.36
1995;7;30;211;24.9;20.5;15.8;16.3;14;11.8;-0.5;-1.8;0.17;3.6;1.9;0;595;205;97;67;97381;4.11;0.07;0.3;0.36
1995;7;31;212;26.1;21.6;15.9;17.3;14.2;12.3;-0.2;-1.1;0.17;3.6;1.9;0;576;202;98;68;97236;3.77;0.25;0.29;0.36
1995;8;1;213;28.2;22.5;15.6;16.3;13.8;12;0.5;-0.8;0.17;3.6;1.9;0;608;213;105;74;97140;3.93;0.18;0.29;0.36
1995;8;2;214;24.7;20.2;15.7;16.2;15.2;13.4;0.3;-0.9;0.17;3.6;1.9;0;524;181;96;69;97278;3.23;3.51;0.29;0.36
1995;8;3;215;24.3;19.5;12.3;15.2;12.2;10;0.4;-0.8;0.17;3.6;1.9;0;582;201;105;81;97192;3.57;0.06;0.29;0.36
1995;8;4;216;26.5;20.7;12.9;15;11.9;9.1;0.6;-0.2;0.17;3.6;1.9;0;603;220;115;82;97051;3.75;0.02;0.28;0.36
1995;8;5;217;25.9;21.3;14;16.3;13.7;12;0.1;-0.5;0.17;3.6;1.9;0;580;202;100;75;97456;3.44;0.09;0.28;0.36
1995;8;6;218;25.9;22;17.5;18;15;12.6;-0.6;0;0.17;3.6;1.9;0;542;187;95;64;97541;3.15;0.15;0.28;0.36
1995;8;7;219;28.2;21.9;17;19.1;17.2;15.3;0.4;0.3;0.17;3.5;1.9;0;606;184;97;63;97198;3.06;3.96;0.28;0.36
1995;8;8;220;26.6;20.8;15.7;18.8;16.8;15;0.1;-0.3;0.17;3.5;1.9;0;576;183;91;55;97098;3.46;12.94;0.28;0.36
1995;8;9;221;19.7;17.2;15.5;17;15.7;14;-0.8;-1.5;0.17;3.5;1.9;0;236;57;31;15;97504;1.94;21.33;0.3;0.36
1995;8;10;222;23.5;19.2;15;14;12.1;10.4;-0.2;-1.1;0.17;3.5;1.9;0;613;203;114;71;98002;4.01;0.04;0.3;0.35
1995;8;11;223;25.4;19.9;11.9;15.1;11.4;10.1;0.1;-0.7;0.17;3.5;1.9;0;694;241;131;94;98145;4.17;0;0.3;0.35
1995;8;12;224;24.7;19.6;13.8;14.8;12.2;10.5;-0.7;-0.3;0.17;3.5;1.9;0;680;234;125;89;98066;4;0;0.3;0.35
1995;8;13;225;25.3;20.4;15.1;13.9;11.8;10.1;-0.2;1.1;0.17;3.5;1.9;0;694;237;131;94;97671;4.05;0;0.29;0.35
1995;8;14;226;26.1;20.5;12.9;15.5;12.7;10.9;0.3;-0.4;0.17;3.5;1.9;0;674;222;126;83;97258;3.78;0;0.29;0.35
1995;8;15;227;22.1;18;14.5;15.5;14.5;12;0.6;-1.4;0.17;3.5;1.9;0;423;129;71;55;97403;2.56;4.48;0.29;0.35
1995;8;16;228;19;16;12.6;13.3;12.2;10.6;0.7;-1;0.17;3.5;1.9;0;370;107;76;52;97452;1.96;1.93;0.29;0.35
1995;8;17;229;20;16.4;12.5;14.7;12.5;10.2;0.1;-1.4;0.17;3.5;1.9;0;399;120;60;48;97563;2.16;0.86;0.29;0.35
1995;8;18;230;23.2;18.6;13.7;16.9;14.9;12.2;0;-1.3;0.16;3.4;1.9;0;522;146;72;49;97545;2.9;6.31;0.29;0.35
1995;8;19;231;21.2;17.7;15.2;17.8;15.9;13.8;-0.4;-1.1;0.16;3.4;1.9;0;427;98;63;33;97551;2.08;28.51;0.3;0.35
1995;8;20;232;20.6;17.4;14.5;17.5;15.8;13.7;-0.1;-0.7;0.16;3.4;1.9;0;315;77;73;32;97397;1.47;9.39;0.32;0.35
1995;8;21;233;21.3;17.6;13.4;17;15.3;12.8;0.5;-0.9;0.16;3.4;1.9;0;370;116;65;42;97392;2.2;8.86;0.32;0.35
1995;8;22;234;24.5;19.9;14.6;18.9;16.5;14;0.1;-0.6;0.16;3.4;1.9;0;575;178;88;58;97453;3.11;1.62;0.33;0.35
1995;8;23;235;25.6;20.6;14.6;18.3;16.8;13.9;0.1;1.1;0.16;3.3;1.9;0;559;183;87;64;97364;3.19;0.14;0.33;0.35
1995;8;24;236;25.7;20.1;14.5;17.8;16.2;14.1;0.8;0.5;0.16;3.3;1.9;0;582;184;95;67;97025;3.17;1.3;0.33;0.35
1995;8;25;237;22.8;19.2;15.6;17.9;16.2;13.6;0.7;-1.1;0.16;3.3;1.9;0;422;124;61;45;96959;2.68;5.63;0.33;0.35
1995;8;26;238;24.2;19.5;15.6;14.6;12.1;9;1.6;-1;0.16;3.3;1.9;0;588;175;98;68;96879;3.67;0.58;0.33;0.35
1995;8;27;239;21.3;17.3;12.5;14.9;11.7;9.4;0.4;0.1;0.16;3.2;1.9;0;434;149;86;67;96986;2.6;0.32;0.32;0.35
1995;8;28;240;14.7;12;9.5;13.1;9.4;5.2;0.9;-0.7;0.16;3.2;1.9;0;107;24;51;32;96375;1.7;29.72;0.34;0.35
1995;8;29;241;15.8;11.6;6.9;7.8;5.8;4;1.7;-0.6;0.16;3.2;1.9;0;472;138;90;71;96773;2.58;1.59;0.35;0.35
1995;8;30;242;14.7;11.2;7.3;6.1;4.7;3.5;1.2;-1.8;0.16;3.2;1.9;0;509;164;106;75;97304;2.71;0.91;0.35;0.35
1995;8;31;243;15.4;11.3;7.2;6.4;4.9;3.4;1.5;-0.4;0.16;3.1;1.9;0;561;171;102;80;97339;2.5;0.2;0.34;0.35
1995;9;1;244;12.6;10;6.4;9.6;7.8;4.9;1;1.4;0.16;3.1;1.9;0;157;47;65;38;96913;1.13;5.8;0.34;0.35
1995;9;2;245;17;12.9;9.1;12.2;10.2;8.4;0.2;0.4;0.16;3.1;1.9;0;351;100;78;42;97029;1.56;0.84;0.35;0.35
1995;9;3;246;19;14.1;9.4;14.1;11.8;9.2;0.4;1.1;0.16;3.1;1.9;0;477;142;82;54;96708;2.09;3.03;0.35;0.35
1995;9;4;247;17.1;12.9;10.1;10.7;8.4;5.6;0.8;-1.2;0.16;3.1;1.9;0;498;118;102;56;96421;2.4;14.88;0.36;0.35
1995;9;5;248;19;13.3;6;9.5;7.5;4.8;0.3;1.1;0.16;3;1.9;0;607;193;118;86;96644;2.81;0;0.36;0.35
1995;9;6;249;19.6;14.4;7.6;11.3;9.4;7.1;0.2;0.2;0.16;3;1.9;0;537;171;108;77;96523;2.51;0.07;0.36;0.35
1995;9;7;250;21.7;15.8;9;12.2;10.6;7.7;0.8;2.3;0.16;3;1.9;0;626;176;117;77;96565;2.8;0.03;0.35;0.35
1995;9;8;251;21.7;17.1;13.1;16;14;10.9;0.7;1.6;0.16;3;1.9;0;373;121;78;52;96328;2;2.45;0.35;0.35
1995;9;9;252;21.9;16.6;12.7;13.5;11.1;9.2;1.4;-0.5;0.15;2.9;1.9;0;581;155;104;60;96976;2.86;1.06;0.35;0.35
1995;9;10;253;21;15;8.2;12.5;9.7;7.7;0.5;0.9;0.15;2.9;1.9;0;565;177;120;83;97450;2.86;0;0.35;0.35
1995;9;11;254;23.1;16.8;11;13.1;11.7;9.4;0.8;1.3;0.15;2.9;1.9;0;603;179;110;75;97230;2.73;0;0.35;0.35
1995;9;12;255;22.5;17.3;10.8;15.1;13.3;10.2;-0.2;0.6;0.15;2.9;1.9;0;517;160;103;68;97557;2.4;0.01;0.34;0.35
1995;9;13;256;22.5;17.7;13;16.1;14.7;12.1;-0.3;1.3;0.15;2.9;1.9;0;514;124;89;54;97228;2.03;1.59;0.34;0.35
1995;9;14;257;18.8;16.3;13.7;16.7;14.9;11.9;-0.4;-0.8;0.15;2.8;1.9;0;192;49;40;23;96752;1.3;31.39;0.34;0.35
1995;9;15;258;14.7;13.3;10.6;11.7;9.6;7.2;2.2;-1.1;0.15;2.8;1.9;0;136;39;70;27;96516;2.2;22.85;0.38;0.35
1995;9;16;259;17.2;13.8;10.4;12.6;10.9;8.6;-0.2;0.1;0.15;2.8;1.9;0;292;90;61;41;97107;1.42;1.99;0.38;0.35
1995;9;17;260;18.7;14.5;10.3;13.5;12;10;-0.1;-0.8;0.15;2.7;1.9;0;388;118;83;50;97458;1.79;0.97;0.38;0.35
1995;9;18;261;19.2;14.7;9.9;12.7;11.6;9.9;-0.3;0.3;0.15;2.7;1.9;0;376;113;81;53;97903;1.7;0.39;0.38;0.35
1995;9;19;262;16.6;14.3;11.8;15.3;13.2;11;-1.4;0.8;0.15;2.6;1.9;0;130;41;48;23;97398;0.76;5.76;0.38;0.35
1995;9;20;263;20.9;16.2;12.8;14.1;11.3;8.9;1;2.3;0.15;2.6;1.9;0;519;133;110;63;96553;2.48;0.21;0.38;0.35
1995;9;21;264;19.1;14.4;10.7;11.3;9.4;8.3;0.7;-0.6;0.15;2.6;1.9;0;422;123;83;63;96995;1.96;0.36;0.38;0.35
1995;9;22;265;16.1;12.7;9.3;9;7.5;6;0;-0.8;0.15;2.5;1.9;0;392;118;99;64;97676;1.78;1.17;0.38;0.35
1995;9;23;266;16.1;12.2;8;9.3;8;7.2;0.1;-0.2;0.15;2.5;1.9;0;403;107;77;53;97942;1.74;0.85;0.38;0.35
1995;9;24;267;16.6;12.7;8.3;9.4;7.6;6.9;-0.1;0.9;0.15;2.4;1.9;0;385;118;85;58;97714;1.68;0.05;0.37;0.35
1995;9;25;268;17.2;12.8;8.6;10.2;8.2;6.8;-0.1;0.3;0.15;2.4;1.9;0;450;133;99;69;97528;1.68;0.11;0.37;0.35
1995;9;26;269;17.7;12.4;6.7;10.7;8.9;6.1;0.2;-0.2;0.15;2.4;1.9;0;476;133;97;66;97937;1.7;0.32;0.37;0.35
1995;9;27;270;20;13;6.9;11;8.8;6.8;0.9;1.1;0.15;2.3;1.9;0;534;143;114;69;97403;1.87;0.01;0.37;0.35
1995;9;28;271;12.2;10;7.7;10.3;8.1;6.6;0.1;-0.1;0.15;2.3;1.9;0;115;26;57;28;97356;0.98;15.6;0.38;0.35
1995;9;29;272;12;8.5;4.8;6.5;1.9;-1.5;1.2;-1.3;0.15;2.2;1.9;0;457;139;117;82;97540;1.97;0.24;0.38;0.35
1995;9;30;273;14;8.1;2.3;3.4;0.9;-1.4;1.3;0.5;0.15;2.2;1.9;0;445;129;106;84;97385;1.6;0;0.38;0.35
1995;10;1;274;10.6;7.6;3.8;5.4;3.4;2.1;0.3;0;0.15;2.2;1.9;0;297;72;69;45;97394;0.85;0.62;0.38;0.35
1995;10;2;275;19.2;12.5;5.9;12;8.9;4.9;-0.1;0.5;0.14;2.1;1.9;0;446;131;106;66;97997;1.54;0;0.37;0.35
1995;10;3;276;19.2;12.5;6;12.3;9.7;5.9;0.1;0.2;0.14;2.1;1.9;0;499;134;112;71;98135;1.46;0;0.37;0.35
1995;10;4;277;19.8;12.8;5.9;13.6;10.3;5.8;0.2;0.2;0.14;2;1.9;0;490;124;97;66;97968;1.34;0;0.37;0.35
1995;10;5;278;21.3;14.7;8.3;13.9;11.6;8.1;0.8;1.4;0.14;2;1.9;0;351;92;89;51;97709;1.21;0.02;0.37;0.35
1995;10;6;279;19.8;14.6;9;14.7;12.4;8.7;-0.2;0;0.14;2;1.9;0;371;93;75;50;98065;1;0.07;0.37;0.35
1995;10;7;280;19.9;15;10.9;14.6;12.9;10.7;0;-0.9;0.14;1.9;1.9;0;357;85;66;39;98509;1.01;0.12;0.37;0.35
1995;10;8;281;20.4;15.3;10.5;14.6;12.8;10.4;0;-0.2;0.14;1.9;1.9;0;456;107;90;49;98722;1.24;0.06;0.36;0.35
1995;10;9;282;20.8;16;11.3;14.4;12.9;10.9;-0.2;-0.5;0.14;1.8;1.9;0;405;100;79;47;98512;1.22;0;0.36;0.35
1995;10;10;283;19.7;16.1;12;14.1;12.5;10.6;0.2;-0.2;0.14;1.8;1.9;0;311;90;91;48;98432;1.07;0.09;0.36;0.35
1995;10;11;284;19.8;14;8.7;13.9;11.7;8.6;0.4;0.1;0.14;1.8;1.9;0;478;119;122;68;98395;1.14;0;0.36;0.35
1995;10;12;285;19.5;13.1;6.9;13.1;10.3;6.9;0.3;-0.4;0.14;1.7;1.9;0;469;117;122;69;98384;1.12;0;0.36;0.35
1995;10;13;286;19.2;12.4;6.3;13;10;6.3;0.3;0.1;0.14;1.7;1.9;0;482;122;123;74;98227;1.15;0;0.36;0.35
1995;10;14;287;18.6;12.1;5.4;12.6;9.7;4.9;-0.2;-0.4;0.14;1.6;1.9;0;463;123;118;78;98056;1.07;0;0.35;0.35
1995;10;15;288;16.7;11.8;7.9;11.4;9.9;7.9;0.2;-0.2;0.14;1.6;1.9;0;379;94;99;52;98033;0.86;0.02;0.35;0.35
1995;10;16;289;16.5;11.8;7.5;10.7;9;7.4;0.2;-0.1;0.14;1.6;1.9;0;419;104;116;56;98297;0.94;0.01;0.35;0.35
1995;10;17;290;15.4;11.8;8.9;9.9;8.9;8.1;0.4;-0.8;0.14;1.6;1.9;0;224;58;64;35;98579;0.64;0.06;0.35;0.35
1995;10;18;291;17.3;10.9;5.2;10.5;8.2;5.2;0.5;0.1;0.14;1.6;1.9;0;448;110;122;72;98593;0.94;0;0.35;0.35
1995;10;19;292;17.9;11.7;6.8;10.4;8.4;6.3;0.5;0.3;0.14;1.5;1.9;0;349;72;98;50;98513;0.71;0;0.35;0.35
1995;10;20;293;19;12.3;6.8;11.4;9;6.3;0.2;-0.2;0.13;1.5;1.9;0;429;110;108;70;97982;1.01;0;0.35;0.35
1995;10;21;294;13.4;9.7;7.4;7.4;5.6;0.2;-0.9;-0.5;0.13;1.5;1.9;0;255;56;64;34;98130;0.71;0.24;0.35;0.35
1995;10;22;295;9.3;7.4;5.7;3.1;0.6;-0.3;-0.9;-0.5;0.13;1.5;1.9;0;314;76;79;59;98629;0.75;0;0.35;0.35
1995;10;23;296;10.9;6.8;3.5;2.7;1.1;-0.3;-0.6;0.8;0.13;1.5;1.9;0;455;117;131;90;98870;0.81;0;0.35;0.35
1995;10;24;297;10.1;5.9;2.7;2.7;1.3;-0.3;-0.5;0.4;0.13;1.5;1.9;0;448;116;130;91;98695;0.72;0;0.34;0.35
1995;10;25;298;10.6;5.1;0.9;4.2;1;-1;0.2;0.2;0.13;1.5;1.9;0;448;115;129;88;98365;0.7;0;0.34;0.35
1995;10;26;299;14.7;6.6;-0.8;6.9;3.1;-1.6;0;-0.1;0.13;1.4;1.9;0;412;104;114;74;98359;0.77;0;0.34;0.35
1995;10;27;300;12.7;6.8;1.7;6.6;4.3;1.4;0.1;0.5;0.13;1.4;1.9;0;425;103;118;74;98072;0.66;0;0.34;0.35
1995;10;28;301;14.9;8.2;2.4;9.6;6.1;1.8;0.2;0.2;0.13;1.4;1.9;0;302;72;74;43;97705;0.68;0.86;0.34;0.35
1995;10;29;302;15.1;8.3;4.6;8.3;6.3;4.5;0.3;-0.2;0.13;1.4;1.9;0;367;85;108;53;97418;0.62;0.04;0.34;0.35
1995;10;30;303;13.2;8.2;3.2;10.2;6.8;2.8;0.4;-0.1;0.13;1.4;1.9;0;172;45;63;39;97610;0.29;0.14;0.34;0.35
1995;10;31;304;12.3;9.4;6.6;10.1;8.5;6.5;0.2;0;0.13;1.4;1.9;0;109;26;22;12;98148;0.33;2.2;0.34;0.35
1995;11;1;305;15.2;10.5;7.8;9.8;8.3;7;0.1;0.5;0.12;1.4;1.9;0;386;81;105;45;97227;0.77;1.16;0.34;0.35
1995;11;2;306;9.1;6.7;1.8;7.1;3.1;-2;0.1;-1.6;0.12;1.4;1.9;0;209;51;105;57;96463;0.82;6.38;0.35;0.35
1995;11;3;307;11.4;5;0.3;0.7;-1.1;-3.6;1.7;0.7;0.12;1.3;1.9;0;355;86;105;75;96138;0.79;0.66;0.35;0.35
1995;11;4;308;4.7;2;0.1;-1.6;-7.4;-11.4;2.6;-4.1;0.12;1.3;1.9;0.08;353;89;114;91;96841;0.98;0.18;0.35;0.35
1995;11;5;309;3.8;1.5;-0.2;-5.9;-6.6;-7.3;1.4;-5.1;0.12;1.3;1.9;0.33;327;66;87;58;97945;0.75;0.5;0.35;0.35
1995;11;6;310;3.1;1.5;-1;-5.7;-8;-10.1;2.4;-3.3;0.13;1.3;1.9;0.67;353;67;100;56;97890;0.69;0.45;0.34;0.35
1995;11;7;311;7.2;4.5;2.2;-1.3;-4;-5.4;1.8;-2;0.13;1.3;1.9;0.94;247;62;79;50;97490;0.78;0.43;0.34;0.35
1995;11;8;312;3.2;1.7;0.3;-0.3;-1.2;-2.1;-0.5;0.5;0.13;1.3;1.9;1.03;143;32;44;32;97795;0.54;2.14;0.34;0.35
1995;11;9;313;6;2.6;0.2;2;0.3;-1.7;-0.3;0.6;0.13;1.3;1.9;1.15;202;46;70;41;97716;0.39;0.13;0.34;0.35
1995;11;10;314;8.9;3.6;-2.1;4.4;1.8;-2.6;-0.2;-0.3;0.13;1.2;1.9;0.86;315;67;76;41;97717;0.31;0;0.34;0.35
1995;11;11;315;13.5;7.6;3.9;7.8;5.3;3.4;0.3;0.3;0.12;1.2;1.9;0.45;285;57;71;39;97640;0.38;0.13;0.34;0.35
1995;11;12;316;7.7;4.7;2.4;4.9;3.3;2.1;-0.9;-0.9;0.12;1.2;1.9;0.26;221;47;47;26;97703;0.31;0.24;0.34;0.35
1995;11;13;317;6.1;5.1;4.2;4.4;3.7;3;-0.7;0;0.12;1.2;1.9;0.14;77;18;15;9;97736;0.23;0.35;0.34;0.35
1995;11;14;318;8.7;6.1;3.9;5.6;4.8;3.8;-0.1;0;0.11;1.2;1.9;0.08;161;34;44;23;97424;0.25;0.15;0.34;0.35
1995;11;15;319;11.3;6.1;2.8;5.9;4.5;2.7;0.3;1.3;0.11;1.2;1.9;0.03;295;55;74;42;97054;0.28;0;0.34;0.35
1995;11;16;320;14.2;9.3;3.3;9.3;6.7;2.7;0.9;2.2;0.11;1.2;1.9;0;264;49;69;36;96293;0.39;0.13;0.34;0.35
1995;11;17;321;12.2;10.1;7;10.6;8.9;5.6;0.4;-0.3;0.11;1.2;1.9;0;126;25;50;19;95835;0.37;12.27;0.35;0.35
1995;11;18;322;6.2;2.6;-1;4.8;-3.2;-9.7;0.2;-2.3;0.11;1.2;1.9;0;153;36;108;62;96859;0.95;2.73;0.36;0.35
1995;11;19;323;4.9;1.1;-2.1;-6.1;-7.4;-9.6;1.7;1.1;0.11;1.2;1.9;0;226;50;86;67;97418;0.41;0.01;0.36;0.35
1995;11;20;324;2.8;0.4;-1.4;-6.2;-8;-9.3;1.7;-3;0.11;1.2;1.9;0.06;319;73;114;86;97757;0.63;0.22;0.35;0.35
1995;11;21;325;1.8;-1.4;-3.7;-5.3;-7;-8.2;0;0;0.11;1.2;1.9;0.08;310;72;124;89;98884;0.3;0;0.35;0.35
1995;11;22;326;1.3;-2.2;-4.2;-4.9;-6.3;-7.1;-0.3;1.1;0.11;1.2;1.9;0.07;323;74;118;86;98724;0.06;0;0.35;0.35
1995;11;23;327;1.8;-1.2;-4.2;-3.1;-5.2;-7;-0.1;0.3;0.11;1.2;1.9;0.07;155;36;74;36;98515;0.04;0;0.35;0.35
1995;11;24;328;3.6;-0.1;-2.4;-2;-3;-3.9;-0.6;0.2;0.11;1.2;1.9;0.07;243;54;81;47;98265;0.11;0;0.35;0.35
1995;11;25;329;4.3;-0.5;-3;0.7;-1.9;-3.6;-0.6;0.6;0.11;1.2;1.9;0.05;287;60;97;60;97880;0.07;0.02;0.35;0.35
1995;11;26;330;6.5;0.9;-1.4;3.3;-0.3;-2.2;0.1;1;0.11;1.2;1.9;0.07;288;63;93;55;97564;0.12;0;0.35;0.35
1995;11;27;331;7.7;2.5;-0.8;6.1;1.9;-1.3;0.4;0.7;0.11;1.2;1.9;0.03;217;45;64;25;97246;0.14;0.01;0.35;0.35
1995;11;28;332;6.1;3.2;0.7;4.9;2.8;0.5;-0.1;-0.6;0.11;1.2;1.9;0;117;26;16;6;97317;0.12;0.21;0.35;0.35
1995;11;29;333;6.1;3.7;1.4;4.2;3;1.4;0;0.3;0.11;1.2;1.9;0;116;24;43;20;97783;0.13;0.52;0.35;0.35
1995;11;30;334;3.6;2.4;1.2;2.5;1.8;1;-0.4;-0.1;0.11;1.2;1.9;0;48;11;16;11;98293;0.22;2.62;0.35;0.35
1995;12;1;335;2;1.4;0.5;1.4;0.7;0.2;-0.7;-0.6;0.11;1.2;1.9;0.15;58;12;18;10;98657;0.35;1.63;0.35;0.35
1995;12;2;336;4.9;2.1;0.3;1.5;0.7;-0.2;-0.5;0.3;0.11;1.2;1.9;0.16;201;35;72;33;98584;0.32;0.41;0.36;0.35
1995;12;3;337;2;0.5;-0.9;-0.2;-1.1;-1.8;-0.4;0;0.11;1.2;1.9;0.22;121;26;47;29;98123;0.15;0.24;0.35;0.35
1995;12;4;338;1.7;0.2;-1.4;-1.9;-3.2;-4.9;-0.6;-2.3;0.12;1.2;1.9;1.54;122;24;41;25;97568;0.26;4.66;0.35;0.35
1995;12;5;339;-1;-1.8;-2.4;-3;-4;-5.2;-0.4;-2.1;0.26;1.2;1.9;10.42;60;14;20;15;97423;0.2;9.73;0.35;0.35
1995;12;6;340;-1.4;-2.1;-2.5;-2.6;-3.1;-3.9;-1.1;-1.2;0.34;1.2;1.9;17.84;47;11;19;11;97687;0.11;7.35;0.35;0.35
1995;12;7;341;-1;-1.8;-2.7;-2.3;-2.7;-3.5;-0.6;-0.3;0.35;1.2;1.9;30.28;47;9;26;12;98046;0.05;11.88;0.35;0.35
1995;12;8;342;0.2;-1.8;-4.5;-1.5;-2.9;-5.5;0;0;0.35;1.2;1.9;33.49;83;18;26;12;98795;0.11;0.06;0.35;0.35
1995;12;9;343;1.1;-0.8;-2.2;-0.4;-1.5;-2.6;-0.2;0.1;0.34;1.2;1.9;33.38;99;20;41;16;99071;0.06;0.12;0.35;0.35
1995;12;10;344;0.6;-0.8;-2.2;-0.5;-1.4;-2.4;-0.2;0.2;0.34;1.2;1.9;32.96;112;23;35;18;99176;0.08;0.24;0.35;0.35
1995;12;11;345;0.9;-0.8;-3;-0.6;-1.8;-3.2;0.2;0.3;0.34;1.2;1.9;32.63;132;28;51;19;98424;0.13;1.81;0.35;0.35
1995;12;12;346;0.8;-1.3;-3.4;-0.9;-2.7;-4.4;-1;-0.2;0.33;1.2;1.9;33.66;167;34;70;38;97825;0.22;2.14;0.35;0.35
1995;12;13;347;-1.2;-2.6;-3.9;-3.2;-4.5;-5.8;-1.1;-2.8;0.34;1.2;1.9;40.14;74;14;22;14;97856;0.32;14.2;0.35;0.35
1995;12;14;348;-0.2;-1.2;-2.6;-1.4;-2.3;-4.1;-0.9;-1.7;0.35;1.2;1.9;56.34;41;10;20;10;97794;0.06;10.35;0.35;0.35
1995;12;15;349;0;-1.4;-3.1;-1.5;-2.3;-3.4;0.2;0.3;0.35;1.2;1.9;58.7;121;24;47;25;98456;0.09;0.01;0.35;0.35
1995;12;16;350;0.2;-1.2;-2.5;-0.6;-1.5;-2.7;-0.8;0.3;0.34;1.2;1.9;58.95;69;14;22;9;98506;0;0.57;0.35;0.35
1995;12;17;351;1.2;-0.2;-0.9;-0.1;-0.7;-1.2;-0.7;0.6;0.34;1.2;1.9;59.3;88;16;23;10;98011;0.05;0.36;0.35;0.35
1995;12;18;352;2;0.2;-1.6;0.1;-0.7;-2;0;-0.4;0.34;1.2;1.9;58.93;91;18;21;11;97391;0.04;1.11;0.35;0.35
1995;12;19;353;4.8;0.2;-6;0.6;-1.4;-6.9;0.8;0.2;0.33;1.2;1.9;57.1;170;36;82;45;97211;0.04;0.03;0.36;0.35
1995;12;20;354;2.7;-2.8;-9;0.1;-4.1;-9.9;1.2;0.5;0.33;1.1;1.9;55.64;196;39;86;43;96916;0.02;0.11;0.36;0.35
1995;12;21;355;-1.3;-2.8;-5.4;-3.3;-6.3;-8.9;-0.7;0.1;0.33;1.1;1.9;55.93;100;20;55;26;97801;0.29;0.89;0.36;0.35
1995;12;22;356;5.4;0.9;-4.9;3.6;-1.4;-7;1.1;1.5;0.33;1.1;1.9;54.61;199;36;86;33;96924;-0.16;0.03;0.36;0.35
1995;12;23;357;7.2;5.4;2;5.6;4.2;1.5;1.5;1.9;0.33;1.1;1.9;42.64;92;16;53;20;95656;-0.63;0.98;0.37;0.35
1995;12;24;358;6.4;2.3;-1.1;4.1;1.3;-1.8;1.6;0.5;0.32;1.1;1.9;33.85;180;34;75;42;95509;-0.25;0.43;0.38;0.35
1995;12;25;359;4.8;2.2;-0.5;3.6;1.6;-1;0.2;-0.7;0.31;1.1;1.9;29.7;33;8;38;3;95483;-0.03;0.5;0.38;0.35
1995;12;26;360;2.7;1.4;-0.8;2.4;0.7;-2.4;-1;-0.9;0.31;1.1;1.9;29.62;38;7;24;5;95673;0.07;20.39;0.39;0.35
1995;12;27;361;-0.7;-2.2;-6.7;-2.8;-4.9;-9.8;-0.5;-1.5;0.35;1.1;1.9;46.29;84;17;55;33;96423;0.32;6.55;0.39;0.35
1995;12;28;362;-5;-10.5;-18.5;-10.8;-13.7;-20.1;0.4;-0.3;0.35;1.1;1.9;47.7;206;43;103;65;97358;0.1;0;0.39;0.35
1995;12;29;363;-7.9;-11.7;-17.6;-10.9;-13.7;-19;0;-1;0.35;1.1;1.9;47.75;138;28;51;19;97990;0.1;0.31;0.39;0.35
1995;12;30;364;-6.5;-8.7;-9.9;-9.6;-11;-12.4;-0.4;0.4;0.35;1.1;1.9;48.02;168;35;71;33;97293;0.13;0.39;0.39;0.36
1995;12;31;365;-3;-6.4;-9.7;-4.1;-8.1;-11.1;-0.1;-0.6;0.35;1.1;1.9;50.36;75;16;39;7;96166;0.09;8.89;0.39;0.36
1996;1;1;1;0.6;-1.4;-2.8;-1.5;-2.6;-3.8;0.3;-0.3;0.36;1.1;1.9;61.28;80;14;38;16;96079;0.04;6.02;0.38;0.36
1996;1;2;2;0.3;-1.7;-3.1;-1.6;-2.6;-3.9;-0.7;0.2;0.35;1.1;1.9;63.52;133;26;41;24;96506;0.08;1.13;0.38;0.36
1996;1;3;3;-0.4;-2.8;-6.3;-3.1;-4;-7.3;-0.5;0.5;0.35;1.1;1.9;64.25;144;28;73;38;97455;0.14;0.26;0.38;0.36
1996;1;4;4;-3;-7.4;-13.2;-6.1;-9.5;-14.7;0.2;0.2;0.34;1;1.9;64.33;196;40;81;51;97762;0.06;0.3;0.38;0.36
1996;1;5;5;-3.7;-7;-9.7;-7.1;-8.8;-11.1;-0.2;0.9;0.34;1;1.9;64.72;179;33;64;35;97279;0.13;0.31;0.38;0.36
1996;1;6;6;-4.4;-7.6;-11.3;-6.4;-9.4;-12.5;-0.4;0.7;0.34;1;1.9;65.24;103;21;46;20;96966;0.06;1.17;0.38;0.36
1996;1;7;7;-0.8;-3.8;-7.9;-1.8;-5.4;-9;-0.7;0.3;0.34;1;1.9;66.02;86;19;31;4;96894;0.11;1.61;0.38;0.36
1996;1;8;8;0.7;0.1;-0.6;-0.2;-0.7;-1.7;-0.4;-0.5;0.34;1;1.9;68.79;26;5;10;3;97412;0.1;13.12;0.38;0.36
1996;1;9;9;2.2;0.9;0;0.9;0.1;-0.5;-0.4;0.8;0.34;1;1.9;69.31;64;12;34;7;97464;-0.03;1.16;0.39;0.36
1996;1;10;10;6;2.4;-1;4;1.5;-1.6;0.4;1.3;0.33;1;1.9;65.7;145;31;65;28;97329;-0.34;0.03;0.39;0.36
1996;1;11;11;6.9;3.7;2;4.8;3;1.7;0.7;1.8;0.33;1;1.9;57.06;131;29;56;29;97155;-0.51;0;0.4;0.36
1996;1;12;12;7;4.2;2.6;5.1;3.5;2.4;0.2;1.8;0.33;1;1.9;46.92;145;30;34;20;97054;-0.49;0.05;0.41;0.36
1996;1;13;13;3.5;1.9;-0.1;2.7;1.4;-0.2;-0.5;-0.1;0.32;1;1.9;39.8;125;22;29;13;97784;-0.03;0.42;0.41;0.36
1996;1;14;14;1.4;-0.6;-1.7;-0.3;-1.4;-2.4;-0.3;-0.3;0.31;1;1.9;37.4;171;36;82;30;98417;0.1;0.23;0.41;0.36
1996;1;15;15;1.1;-0.8;-2.4;-1.6;-2.8;-4;0.3;-0.5;0.31;1;1.9;36.65;118;24;54;26;98891;0.16;0.08;0.41;0.37
1996;1;16;16;0.7;-4.6;-9.2;-4.5;-7.3;-10.8;0.9;-0.3;0.31;1;1.9;36.31;241;53;115;66;98981;0.22;0;0.4;0.37
1996;1;17;17;1.3;-5.7;-11.3;-4.4;-9.6;-14.6;0.7;0.4;0.3;1;1.9;35.86;252;57;110;66;98867;0.26;0;0.4;0.37
1996;1;18;18;0.7;-3.9;-8.5;-4;-7.5;-11.6;0.1;-0.2;0.3;1;1.9;35.28;201;41;81;41;98089;0.18;0;0.4;0.37
1996;1;19;19;0.6;-2.8;-4.6;-3.5;-5.5;-7.4;-0.6;-0.1;0.3;0.9;1.9;34.66;242;54;105;49;97625;0.18;0.53;0.4;0.37
1996;1;20;20;-1.6;-3.2;-4.5;-4.7;-5.4;-5.7;-1.3;-0.2;0.31;0.9;1.9;35.67;112;26;29;18;97769;0.21;1.92;0.4;0.37
1996;1;21;21;-1.3;-3.3;-4.8;-3.7;-4.9;-6;-0.5;-0.7;0.32;0.9;1.9;37.42;99;24;33;18;98145;0.16;1.69;0.39;0.37
1996;1;22;22;-1.9;-3.2;-4.8;-3.9;-5;-5.5;-1;0.6;0.33;0.9;1.9;38.44;118;24;28;17;98234;0.25;0.8;0.39;0.37
1996;1;23;23;-3.3;-4.1;-4.8;-5.6;-6.1;-6.4;-1.7;1;0.33;0.9;1.9;39.68;63;14;17;12;97983;0.28;2.59;0.39;0.37
1996;1;24;24;-4.5;-5.4;-7.2;-5.7;-6.8;-8.3;-1.3;-0.9;0.34;0.9;1.9;44.91;57;13;16;11;97453;0.14;8.24;0.39;0.37
1996;1;25;25;-5.9;-7.2;-8;-8.4;-9.1;-10;-1;-0.7;0.35;0.9;1.9;50.79;135;27;29;14;97249;0.16;2.24;0.39;0.37
1996;1;26;26;-3.9;-6.6;-8.7;-6.7;-8.4;-10;-0.6;-0.3;0.35;0.9;1.9;51.24;142;30;49;16;97298;0.15;0.15;0.39;0.37
1996;1;27;27;-0.3;-2.9;-5.6;-2.1;-4.4;-7.3;0.1;-0.3;0.35;0.9;1.9;52.23;98;22;27;10;97474;0.11;3.5;0.38;0.37
1996;1;28;28;0;-1.9;-3.1;-2.8;-3.3;-4;-0.9;0.4;0.35;0.9;1.9;54.78;142;27;35;14;97747;0.23;0.38;0.38;0.38
1996;1;29;29;-0.7;-2.5;-4.7;-2.5;-3.8;-5.4;-0.6;-0.3;0.34;0.9;1.9;54.9;106;22;25;14;97957;0.14;0.53;0.38;0.38
1996;1;30;30;-0.9;-3.6;-10.2;-2.8;-6.4;-12.8;-1;-1.7;0.34;0.9;1.9;55.82;242;53;92;53;98425;0.36;0.87;0.38;0.38
1996;1;31;31;-2.7;-7.6;-12.4;-7.2;-10.7;-13.8;0.1;-0.9;0.34;0.9;1.9;55.81;259;52;101;54;98751;0.2;0.06;0.38;0.38
1996;2;1;32;-4.1;-11.5;-18.2;-7.9;-13.7;-20.2;0.4;0.5;0.34;0.9;1.9;55.73;261;60;111;57;98557;0.11;0;0.38;0.38
1996;2;2;33;3;-5;-13.4;-1.4;-7.9;-15.8;0.5;0.9;0.34;0.9;1.9;55.51;270;63;92;49;97306;0.12;0.04;0.38;0.38
1996;2;3;34;3.3;-0.7;-5.4;-0.3;-2.4;-6.3;0.2;-0.2;0.34;0.9;1.9;55.18;171;42;50;28;96703;0.04;4.07;0.38;0.38
1996;2;4;35;1.2;-0.6;-2.3;-0.4;-1.5;-3.7;-0.7;0;0.34;0.9;1.9;60.58;133;29;35;21;96853;0.21;5.54;0.38;0.38
1996;2;5;36;-1.7;-5;-10.3;-4.4;-8.1;-12.6;-1.4;-0.9;0.34;0.9;1.9;63.37;203;49;89;50;96790;0.42;1.06;0.38;0.38
1996;2;6;37;-4.5;-9.5;-14.2;-9.7;-12.4;-15.8;-0.3;-1;0.34;0.8;1.9;63.54;237;56;81;42;96239;0.22;0.33;0.38;0.38
1996;2;7;38;-4.2;-8.1;-12.2;-7.9;-10.7;-14;-0.2;-0.4;0.34;0.8;1.9;63.67;239;52;62;30;96219;0.22;0.61;0.38;0.38
1996;2;8;39;-2.6;-5.2;-7.5;-6.1;-7.9;-9.2;-0.4;-1.7;0.35;0.8;1.9;65.5;161;37;42;23;96183;0.27;2.7;0.37;0.38
1996;2;9;40;-0.5;-5.8;-13.4;-7.7;-10.8;-14.7;-0.1;-1;0.35;0.8;1.9;66.34;312;74;114;79;97399;0.43;0;0.37;0.38
1996;2;10;41;-4.6;-9.9;-14.6;-8.4;-12.2;-16.2;-0.2;0.6;0.34;0.8;1.9;66.15;248;58;73;41;97752;0.14;0.1;0.37;0.38
1996;2;11;42;-0.2;-6;-9.2;-5.5;-8.9;-11;-0.6;0.5;0.34;0.8;1.9;66.57;317;71;105;52;97656;0.3;0.67;0.37;0.38
1996;2;12;43;1.1;-4.5;-11.2;-1.9;-6.5;-12.5;-0.5;1;0.34;0.8;1.9;66.53;309;74;98;51;97167;0.15;0.02;0.37;0.38
1996;2;13;44;2.8;0.5;-1.8;0.4;-0.9;-2.4;-0.2;0.9;0.34;0.8;1.9;66.35;129;33;41;24;95905;0.05;2.66;0.37;0.38
1996;2;14;45;4.5;-0.9;-7.1;-1.7;-3.9;-8;0.4;-0.9;0.34;0.8;1.9;65.04;266;70;93;64;96946;0.27;0;0.37;0.38
1996;2;15;46;1.8;-3.1;-8.9;-4.9;-7.2;-10.1;-0.4;-0.7;0.33;0.8;1.9;63.57;312;79;111;71;98348;0.46;0;0.37;0.38
1996;2;16;47;2.4;-4.2;-12.3;-2.6;-7.4;-13.8;1.2;1;0.33;0.8;1.9;63.15;271;62;62;37;97671;0.36;0.32;0.37;0.38
1996;2;17;48;5.5;0.8;-3.4;-0.2;-2.5;-6.2;1.2;0.3;0.33;0.8;1.9;60.9;285;76;105;59;96825;0.27;0.53;0.38;0.38
1996;2;18;49;5.6;-0.7;-10;-1.8;-5.8;-12.2;0.8;2.1;0.33;0.8;1.9;57.41;315;78;108;65;96820;0.59;0;0.38;0.38
1996;2;19;50;3.2;1.3;-0.2;1.1;-0.3;-2.2;0.1;0.5;0.33;0.8;1.9;58.08;112;26;58;23;95515;-0.01;24.97;0.38;0.38
1996;2;20;51;6.1;0.9;-3.6;-0.3;-2.9;-4.5;0.2;-0.2;0.34;0.8;1.9;65.85;326;86;113;68;96075;0.34;0.22;0.39;0.38
1996;2;21;52;1.3;-2.8;-5.8;-5.2;-6.3;-7.1;-1;-1;0.34;0.8;1.9;63.65;292;76;99;60;96569;0.43;0.04;0.39;0.38
1996;2;22;53;-0.3;-3.6;-5.9;-6.6;-7.8;-9.2;-0.3;0.1;0.34;0.9;1.9;63.48;217;55;88;46;97004;0.35;0.39;0.39;0.38
1996;2;23;54;-1.5;-6.8;-14.2;-8.9;-11.3;-15.8;0;-0.7;0.34;0.9;1.9;63.33;325;79;102;64;97270;0.38;0.08;0.39;0.38
1996;2;24;55;-0.4;-8.4;-18.1;-7.9;-13.3;-20.2;0.7;0.2;0.33;0.9;1.9;62.98;382;101;123;79;97374;0.42;0;0.39;0.38
1996;2;25;56;3.4;-5.5;-17.1;-3.5;-10.1;-19.5;0.5;0.8;0.33;0.9;1.9;62.2;380;102;115;74;97695;0.37;0;0.39;0.38
1996;2;26;57;6.1;-1;-7.2;-0.5;-4.3;-9;0.3;1.4;0.33;0.9;1.9;60.18;380;100;106;70;97885;0.2;0;0.39;0.38
1996;2;27;58;4.6;-0.7;-5.3;-0.1;-3.1;-6.4;-0.4;-0.3;0.32;0.9;1.9;56.72;374;98;117;68;97925;0.18;0;0.39;0.38
1996;2;28;59;3.4;-0.6;-3.5;-1.5;-3.2;-4.9;-0.4;-0.9;0.31;0.9;1.9;53.72;305;78;81;51;98163;0.25;0;0.39;0.38
1996;2;29;60;5;-1.8;-9.2;-2.1;-5.6;-10.4;0.9;0;0.3;0.9;1.9;51.24;420;113;128;76;98026;0.36;0;0.39;0.38
1996;3;1;61;4;-1;-6;-0.2;-5;-8.8;1.1;-1.1;0.29;0.9;1.9;49.09;232;60;98;52;97149;0.52;1.1;0.39;0.38
1996;3;2;62;1.6;-2.2;-5.5;-6.6;-8.3;-9.7;1.8;-2.2;0.29;0.9;1.9;47.87;401;105;100;80;97060;0.82;0.5;0.39;0.38
1996;3;3;63;0.7;-3.9;-8.4;-7.4;-9.2;-11.3;0.7;-1.1;0.29;1;1.9;48.04;393;103;108;72;97106;0.55;0.98;0.39;0.38
1996;3;4;64;-0.4;-5.3;-10.3;-8.4;-11.2;-13.3;0.6;-1.2;0.29;1;1.9;47.79;345;93;97;69;97423;0.43;0.49;0.39;0.38
1996;3;5;65;2.4;-5.7;-15;-5.9;-11.2;-17.7;1.1;0.5;0.29;1;1.9;47.42;460;128;139;86;97835;0.39;0;0.39;0.38
1996;3;6;66;4.7;-1.3;-7.5;-2.3;-5.2;-10.3;0;-0.2;0.28;1;1.9;46.41;322;85;86;44;97770;0.22;0.51;0.39;0.38
1996;3;7;67;3.1;-0.4;-4.1;-1.2;-2.6;-6;-1.4;-0.3;0.28;1;1.9;46.27;220;58;73;38;97948;0.22;1.07;0.39;0.38
1996;3;8;68;1.7;-1.7;-5.5;-2.5;-4.4;-7.4;-1;-0.8;0.28;1;1.9;46.26;300;68;73;37;98540;0.27;1.22;0.39;0.38
1996;3;9;69;0.9;-2.2;-4.8;-3.9;-5.1;-6.7;-1.2;-0.6;0.28;1;1.9;46.66;254;68;73;46;98612;0.36;0.81;0.39;0.38
1996;3;10;70;2;-2.8;-7.3;-4.8;-7.1;-9.2;-0.5;-0.9;0.28;1;1.9;46.5;360;101;98;59;98263;0.34;0.12;0.39;0.38
1996;3;11;71;-0.3;-3.3;-6.5;-5.5;-7.4;-9.2;-1.4;0.5;0.28;1;1.9;46.78;248;59;53;34;97405;0.3;1.2;0.39;0.38
1996;3;12;72;-1.2;-3.8;-7;-3.7;-6.2;-9.4;-1.9;-1;0.31;1;1.9;50.36;137;38;55;23;96903;0.22;8.12;0.38;0.38
1996;3;13;73;1.5;-1.7;-4.1;-2.3;-3.7;-4.8;-0.8;0.1;0.35;1;1.9;59.07;261;62;65;29;96863;0.24;5.75;0.38;0.38
1996;3;14;74;6.3;1.1;-4.3;1.1;-1.4;-5.1;-0.2;0.5;0.34;1.1;1.9;57.04;430;120;111;62;97008;0.03;0;0.38;0.38
1996;3;15;75;4.1;1.3;-2.9;1.3;-0.1;-3.3;-0.7;-0.8;0.32;1.1;1.9;51.73;286;71;34;19;97147;0.07;0.31;0.39;0.38
1996;3;16;76;3.3;1.5;0.4;0.9;0;-1.1;-0.5;-1;0.3;1.1;1.9;48.3;179;42;22;10;97052;0.23;2.99;0.39;0.38
1996;3;17;77;5.9;3.4;0.7;2.9;1.5;0.1;0;-0.3;0.28;1.1;1.9;44.41;269;66;49;15;97341;0.18;2.5;0.4;0.38
1996;3;18;78;5.4;2.8;0.9;2.6;1.6;0.7;-0.3;-0.3;0.26;1.1;1.9;39.47;153;45;45;13;97520;0.13;1.19;0.4;0.38
1996;3;19;79;4.7;2;-1.4;1;-0.8;-3.1;-0.1;-0.5;0.25;1.1;1.9;36.07;294;76;50;33;97481;0.51;0.57;0.41;0.38
1996;3;20;80;6.7;1.5;-4.3;-0.4;-3.4;-5.7;-0.1;0.6;0.24;1.2;1.9;32.85;450;136;114;72;97155;0.74;0;0.41;0.38
1996;3;21;81;9;3.3;-2.7;0.3;-2.5;-6.1;-0.5;0.9;0.23;1.2;1.9;29.34;519;152;110;70;97327;0.71;0.08;0.41;0.39
1996;3;22;82;7.6;3.2;-0.9;2.2;-0.2;-3.5;-0.8;0.1;0.22;1.2;1.9;26.17;459;112;88;49;97539;0.62;1.91;0.41;0.39
1996;3;23;83;7.7;3.7;-1.2;3.1;1.4;-1.6;-0.3;0.7;0.22;1.2;1.9;22.48;387;93;61;31;97972;0.46;0.79;0.41;0.39
1996;3;24;84;13.6;7;1.6;5.4;3.5;0.4;0.3;0.4;0.21;1.2;1.9;17.8;376;119;96;46;97765;0.71;0.67;0.41;0.39
1996;3;25;85;9;5.6;2.7;4.2;2.7;1;-0.6;-0.1;0.21;1.2;1.9;13.47;234;59;56;20;97797;0.34;0.41;0.41;0.39
1996;3;26;86;10.5;6.4;3.2;4.8;2.9;1;-0.2;1.4;0.19;1.3;1.9;9.84;244;66;44;22;97182;0.43;0.01;0.41;0.39
1996;3;27;87;8.1;4;0;5.5;-0.5;-8.7;-0.5;-2.3;0.18;1.3;1.9;6.96;208;73;70;41;96717;0.93;1.13;0.41;0.39
1996;3;28;88;6.9;2.3;-1.8;-4.7;-7.9;-10.3;-0.4;-2.3;0.17;1.3;1.9;5.62;594;185;130;99;97048;1.36;0;0.4;0.4
1996;3;29;89;8.6;2.8;-2.7;-1.5;-4.3;-6.6;1.2;0.1;0.16;1.3;1.9;4.68;535;156;109;71;96766;1;0.5;0.4;0.4
1996;3;30;90;7.5;2.5;-1.7;1.5;-1.5;-3;0.2;0.2;0.16;1.3;1.9;3.85;517;144;116;58;96676;1.1;1.06;0.4;0.4
1996;3;31;91;6.5;2.8;-1.6;-0.5;-4.9;-8;0.7;-1;0.16;1.4;1.9;3.09;547;162;112;74;96925;1.18;0.3;0.4;0.4
1996;4;1;92;8.7;3.8;-0.2;2.3;-1.3;-5.4;-0.3;1.9;0.16;1.4;1.9;2.84;501;128;79;38;96847;0.87;1.55;0.39;0.4
1996;4;2;93;3.5;2;0.5;2.8;1.2;-1.7;0;-1.5;0.2;1.4;1.9;6.48;66;19;16;10;96499;0.32;28.38;0.4;0.4
1996;4;3;94;5.2;2;0.3;0;-1;-2.2;0.3;-1.1;0.32;1.4;1.9;15.81;282;69;59;24;97047;0.56;7.24;0.41;0.4
1996;4;4;95;4.1;2.5;0.9;1.5;0.5;-0.9;1.2;-1.8;0.33;1.4;1.9;17.33;85;22;11;6;97227;0.12;26.65;0.42;0.4
1996;4;5;96;12;6.1;2.2;5.9;3.2;0.7;0.5;-1.1;0.28;1.4;1.9;11.49;307;73;90;26;97444;0.41;2.53;0.43;0.4
1996;4;6;97;17.3;8.8;-0.9;7.9;4.6;-1.5;-0.1;-0.2;0.21;1.5;1.9;5.13;619;192;130;79;97480;1.44;0.14;0.43;0.41
1996;4;7;98;16.4;9.1;0.3;6.3;4.2;0;-0.4;-0.7;0.16;1.5;1.9;1.71;621;197;120;85;97652;1.7;0;0.42;0.41
1996;4;8;99;16.2;9.2;0.9;5.1;2.7;0.2;-0.4;-1;0.15;1.5;1.9;0.59;673;211;139;93;97889;1.98;0;0.42;0.41
1996;4;9;100;14.3;8;1.7;7;4.3;0.1;1.1;-1.1;0.15;1.5;1.9;0.22;480;159;106;68;97850;1.72;3.23;0.41;0.41
1996;4;10;101;13.3;8;0.3;4.6;1.8;-0.5;0;-0.8;0.15;1.5;1.9;0.08;608;184;123;77;97543;1.78;0.22;0.41;0.41
1996;4;11;102;13.9;8.2;0.9;6.7;3.7;0.2;0.4;-0.3;0.15;1.6;1.9;0.01;547;171;114;63;97004;1.67;2.38;0.4;0.41
1996;4;12;103;14.1;6.7;1.1;6.9;3.9;0.7;-0.5;-0.4;0.15;1.6;1.9;0.24;560;165;111;51;96854;2.01;15.83;0.4;0.41
1996;4;13;104;3.7;1.4;-0.3;0.1;-1.3;-3;-0.6;1.1;0.2;1.6;1.9;4.3;238;77;63;35;97290;0.84;3.5;0.41;0.41
1996;4;14;105;10.4;4.4;-2;0.5;-1.9;-4.2;1.4;-1.6;0.19;1.6;1.9;3.62;553;185;113;67;97335;1.84;2.29;0.41;0.41
1996;4;15;106;9.8;5.6;0.4;0.2;-2.7;-6.8;0.1;-3.4;0.2;1.6;1.9;3.74;450;146;100;60;97585;2.02;3.71;0.41;0.41
1996;4;16;107;11.1;7.6;3.9;-0.7;-3;-4.7;0.2;-4.4;0.18;1.7;1.9;2.32;552;162;103;75;97358;2.02;0;0.41;0.41
1996;4;17;108;15.4;9.2;1.2;4.5;1.4;-2;-0.2;-0.9;0.16;1.7;1.9;1.02;689;218;135;93;97087;2.14;0;0.4;0.41
1996;4;18;109;17;10.8;2.1;5.2;2.7;1.1;-0.1;-1.1;0.16;1.7;1.9;0.32;701;231;144;96;97486;2.47;0;0.4;0.41
1996;4;19;110;18.6;11.9;2.5;6.2;3.2;0.5;-0.4;-0.6;0.15;1.8;1.9;0.08;708;237;149;100;97872;2.65;0;0.39;0.41
1996;4;20;111;20.6;13.3;3.3;8.3;5.4;1.9;-0.2;1;0.15;1.8;1.9;0;705;237;141;97;97717;2.75;0;0.39;0.41
1996;4;21;112;21.9;14.8;7;8.1;6.1;4.2;-0.1;1.7;0.15;1.8;1.9;0;708;239;143;103;97490;2.92;0;0.38;0.41
1996;4;22;113;22.9;15.7;7.9;7.5;4.7;2.3;1.1;2.3;0.16;1.8;1.9;0;710;240;141;107;97484;3.23;0;0.38;0.41
1996;4;23;114;20.3;15.2;10.3;7.2;5.2;2.4;1.9;3.2;0.16;1.9;1.9;0;511;181;109;87;97179;2.64;0;0.37;0.41
1996;4;24;115;19.8;14.4;9.3;13.3;9.8;4.9;1.2;0.3;0.16;1.9;1.9;0;540;135;87;54;97355;1.92;3.99;0.37;0.41
1996;4;25;116;15.9;13.4;10.9;11.7;10.9;10.4;0.4;-0.7;0.16;1.9;1.9;0;204;67;43;25;97925;1.07;2.61;0.37;0.41
1996;4;26;117;14.8;12.6;10.1;10.8;10.3;9.4;0.1;-0.7;0.16;2;1.9;0;179;54;45;23;97781;0.85;0.53;0.37;0.41
1996;4;27;118;16.2;12.1;7.1;10.9;9.6;7;0.3;0;0.16;2;1.9;0;296;107;79;41;97461;1.3;0.55;0.37;0.41
1996;4;28;119;19.5;13.7;7.4;9.6;8.4;7.3;0.8;1.6;0.16;2;1.9;0;649;197;111;69;96674;2.61;0;0.37;0.41
1996;4;29;120;20.3;14.4;6.9;10;8.4;6.1;0.8;1.9;0.16;2.1;1.9;0;675;211;117;82;96253;2.76;0.1;0.36;0.41
1996;4;30;121;18.5;13.7;8.8;11.4;9.9;7.4;0.2;2.4;0.16;2.1;1.9;0;508;169;84;65;96174;2.14;1.3;0.36;0.41
1996;5;1;122;17;13.6;10.6;12.1;10.9;10.2;-0.4;0.4;0.16;2.1;1.9;0;444;131;88;45;96002;2;1.84;0.36;0.41
1996;5;2;123;19.6;14.5;9;9.7;7.4;5.7;2.3;3;0.16;2.1;1.9;0;717;238;128;91;95951;3.16;0;0.35;0.41
1996;5;3;124;17.3;13.3;9.7;8.8;6.8;4.9;1.7;3.3;0.16;2.2;1.9;0;541;194;107;88;96094;2.67;0.95;0.35;0.41
1996;5;4;125;18.1;12.8;6.1;7.8;6;4.5;1;0.7;0.16;2.2;1.9;0;676;238;129;94;96837;2.9;0.63;0.35;0.41
1996;5;5;126;17;12.4;7.2;8.7;7;5.7;-0.6;0.2;0.17;2.2;1.9;0;544;162;96;58;97411;2.26;0.81;0.34;0.41
1996;5;6;127;17.6;13.5;9;10.2;8.6;7.3;-0.5;1.1;0.17;2.3;1.9;0;542;159;85;56;97234;2.16;0.31;0.34;0.4
1996;5;7;128;21.8;16;8.7;12.9;11.2;7.6;-0.3;1.3;0.17;2.3;1.9;0;653;229;110;80;97015;2.87;0.08;0.34;0.4
1996;5;8;129;22;16.8;12;15.5;13.4;10.8;-0.3;0.3;0.17;2.3;1.9;0;620;202;103;66;96820;2.72;2.8;0.33;0.4
1996;5;9;130;19.7;15;10.4;12.5;10.9;9.3;0.8;0.4;0.17;2.4;1.9;0;592;188;102;59;96378;2.88;1.39;0.33;0.4
1996;5;10;131;16.4;13.3;11.1;10.8;9.6;9.1;-1.1;-0.3;0.17;2.4;1.9;0;362;114;73;38;96593;2;2.45;0.33;0.4
1996;5;11;132;19;14.5;10;11.5;9.8;8.5;-0.9;-1.8;0.17;2.4;1.9;0;382;136;85;48;96670;2;3.13;0.33;0.4
1996;5;12;133;16.2;13.9;12.3;14;12.3;10.8;-0.5;-2.4;0.17;2.5;1.9;0;199;52;33;13;96454;1.79;27.07;0.34;0.4
1996;5;13;134;17.5;14.5;12.8;13.3;12.4;10.9;1.2;-1;0.17;2.5;1.9;0;311;75;59;18;96756;1.57;17.85;0.37;0.4
1996;5;14;135;18.5;14.8;12;12.3;11.3;10.2;1.9;-1.7;0.17;2.5;1.9;0;323;95;54;20;96536;2.75;12.78;0.37;0.4
1996;5;15;136;21.2;16.7;13.2;14.5;12.8;10.9;0.2;-1.2;0.17;2.5;1.9;0;430;140;86;36;96538;2.63;2.27;0.38;0.4
1996;5;16;137;21.3;16.9;11.9;14.6;13.4;11.4;-0.3;-0.1;0.17;2.6;1.9;0;555;170;89;53;96852;2.64;0.72;0.38;0.4
1996;5;17;138;24.4;18.6;12.8;14;11.9;7.9;1.8;2;0.17;2.6;1.9;0;646;223;108;69;96831;3.8;0.03;0.37;0.4
1996;5;18;139;25;19.6;13.9;13.1;11.3;7.9;2.6;2.7;0.17;2.6;1.9;0;727;250;122;95;96864;4.31;0;0.37;0.4
1996;5;19;140;25.9;20.2;13.5;14.5;11.8;9.1;1.3;2.4;0.17;2.6;1.9;0;698;250;119;93;96796;4.34;0;0.36;0.4
1996;5;20;141;18.7;15.4;10.3;14;11.9;8.3;1;1.2;0.17;2.7;1.9;0;259;76;70;42;96856;2.11;18.65;0.36;0.4
1996;5;21;142;18;13.9;8.4;9.2;7.4;6.2;0.4;1.4;0.17;2.7;1.9;0;482;181;87;71;97833;3.18;0.29;0.37;0.4
1996;5;22;143;17;12.6;9;8.6;7.2;4.8;0.7;-0.7;0.17;2.7;1.9;0;517;146;118;63;97969;2.67;4.02;0.37;0.4
1996;5;23;144;18.3;13.3;6.3;11.8;8.8;4.8;0.4;0.1;0.17;2.7;1.9;0;555;192;88;69;97982;2.62;0.57;0.37;0.4
1996;5;24;145;21.7;16;8.2;12.6;10.8;7.8;0.3;1.3;0.17;2.7;1.9;0;585;214;101;78;97735;3.24;0.14;0.37;0.4
1996;5;25;146;24.8;18.5;10.2;14.3;11.9;9.3;1.1;1.7;0.17;2.8;1.9;0;702;240;112;86;97085;3.95;0.04;0.36;0.4
1996;5;26;147;18.7;15.7;12.2;13.2;11.9;10.8;0.1;0.7;0.17;2.8;1.9;0;446;121;72;46;97329;2.17;3.86;0.36;0.4
1996;5;27;148;19.4;14.1;10.4;14.9;12;8.6;0.6;0.3;0.17;2.8;1.9;0;478;128;69;42;96868;2.48;24.51;0.37;0.4
1996;5;28;149;15.3;12.1;8.2;8.7;4.5;-0.3;1.8;-3.3;0.17;2.8;1.9;0;695;209;126;78;97057;3.8;2.42;0.38;0.4
1996;5;29;150;16.9;12.2;7.3;6.7;2.8;0.1;-0.4;-2.5;0.17;2.9;1.9;0;765;269;132;103;98018;3.99;0;0.37;0.4
1996;5;30;151;20.3;14.6;5.7;10.6;7.1;4.5;-0.1;0.1;0.17;2.9;1.9;0;738;270;135;97;98161;3.96;0;0.37;0.4
1996;5;31;152;23.6;17.5;8.8;15.3;11.9;7.6;-0.2;0.9;0.17;2.9;1.9;0;725;265;123;89;97992;3.99;0;0.36;0.4
1996;6;1;153;25.6;20.1;14;17.3;15.1;12.1;-0.6;1.1;0.17;2.9;1.9;0;699;251;109;80;97637;3.92;0;0.36;0.4
1996;6;2;154;26.4;20.6;14;16.8;14.7;13.3;-0.3;1.1;0.17;2.9;1.9;0;701;247;116;83;97183;4.13;0;0.35;0.4
1996;6;3;155;27.1;20.8;12.7;16.2;14;11.6;0;0.3;0.17;3;1.9;0;737;267;130;93;97291;4.41;0;0.35;0.39
1996;6;4;156;23.4;19.8;15.9;15.8;14.3;11.1;-1;-1.8;0.17;3;1.9;0;578;200;87;64;98092;3.47;0.36;0.35;0.39
1996;6;5;157;22.2;18;13.3;14.8;11.9;10.2;-1.2;-1.1;0.17;3;1.9;0;637;226;96;74;98516;3.71;0;0.34;0.39
1996;6;6;158;24.1;19.5;13.8;15.6;14;12.3;-0.4;0.5;0.17;3;1.9;0;484;197;106;64;98307;3.32;0.01;0.34;0.39
1996;6;7;159;27.9;21.6;14;17.1;15.4;12.9;-0.2;1.2;0.17;3;1.9;0;725;267;121;90;98100;4.29;0;0.33;0.39
1996;6;8;160;29.3;23;15.8;17.9;16.2;14.1;-0.4;1.4;0.17;3.1;1.9;0;720;266;119;89;97880;4.44;0;0.33;0.39
1996;6;9;161;30;24.2;16.1;18;15.8;13.8;-0.5;0.3;0.17;3.1;1.9;0;732;260;122;87;97763;4.41;0;0.32;0.39
1996;6;10;162;29.2;23.9;16.4;19.8;16.6;15.1;-0.2;-0.4;0.17;3.1;1.9;0;639;240;108;75;97907;4.18;0.03;0.32;0.39
1996;6;11;163;28.2;22.8;17.3;18.9;17.8;16.1;0.4;-0.5;0.17;3.1;1.9;0;631;216;97;68;98076;3.71;1.96;0.32;0.39
1996;6;12;164;28.3;22.5;15.7;19.6;17.5;15;0.8;-0.5;0.17;3.2;1.9;0;640;220;101;68;98039;3.89;1.47;0.31;0.39
1996;6;13;165;22.9;19.4;14.1;17.1;13;4.9;-0.7;-2.5;0.17;3.2;1.9;0;480;183;107;68;98050;3.72;5.25;0.31;0.39
1996;6;14;166;21.5;16.1;11.2;8.2;5.1;3.1;-1.1;-1.5;0.17;3.2;1.9;0;641;236;130;97;98357;4.1;0.01;0.31;0.39
1996;6;15;167;19.4;15.1;10.7;8;5.8;4.2;-1.2;-0.6;0.17;3.2;1.9;0;532;203;122;85;98260;3.25;0.17;0.31;0.39
1996;6;16;168;19.8;15.7;9.3;9.5;7.4;6.3;-0.3;-1;0.17;3.2;1.9;0;597;208;110;75;97964;3.26;0.07;0.31;0.39
1996;6;17;169;21.6;16.9;10.6;10.3;8.9;7.3;-0.1;0.3;0.17;3.2;1.9;0;566;208;99;81;97843;3.23;0.12;0.3;0.39
1996;6;18;170;25.9;19.4;11.3;12;10.2;7.9;0.7;1.4;0.17;3.3;1.9;0;665;245;118;89;97203;3.89;0;0.3;0.39
1996;6;19;171;25.8;19.6;14.2;16.7;13.5;11.2;1.3;0.9;0.17;3.3;1.9;0;640;214;107;74;96762;3.52;1.84;0.3;0.39
1996;6;20;172;25.9;19.5;12.7;15.2;14.2;12;0.8;0.8;0.17;3.3;1.9;0;650;221;107;70;96656;3.5;2.52;0.29;0.39
1996;6;21;173;23.5;18.7;15.3;16.7;14.9;13.5;-0.2;1;0.17;3.3;1.9;0;365;103;63;37;96653;2.47;5.83;0.3;0.39
1996;6;22;174;24.5;18.2;11.1;15.8;13.2;6.6;1.1;1.3;0.17;3.3;1.9;0;537;146;83;51;96277;3.37;10.59;0.3;0.39
1996;6;23;175;13.8;11.9;9.4;9.8;7.4;4.6;1;-0.9;0.17;3.3;1.9;0;275;103;78;42;97270;2.61;6.21;0.31;0.39
1996;6;24;176;17.6;13.6;7.9;10;7.2;5.8;-0.2;-0.1;0.17;3.3;1.9;0;570;210;97;70;97892;3.4;0.51;0.31;0.39
1996;6;25;177;16.3;13.8;10.6;11.5;10;8.4;-0.5;-1.2;0.17;3.4;1.9;0;406;128;68;44;97871;2.35;5.18;0.3;0.38
1996;6;26;178;17.1;14;11.2;11.4;10;8.7;0.9;-2;0.17;3.4;1.9;0;326;106;81;42;97547;2.67;4.42;0.31;0.38
1996;6;27;179;20.6;15.6;10.3;10.9;8.8;7.4;1.4;-1.7;0.17;3.4;1.9;0;655;226;110;77;97710;3.84;0.54;0.31;0.38
1996;6;28;180;22.7;17.5;12;13.6;10.9;8.5;1;-0.1;0.17;3.4;1.9;0;531;169;89;57;97683;2.98;0.33;0.3;0.38
1996;6;29;181;25.4;19.3;11.2;14.7;12.6;10.4;1.3;1.2;0.17;3.4;1.9;0;692;240;110;77;97159;4.15;0.37;0.3;0.38
1996;6;30;182;20.1;16.2;12.9;13.8;10.2;7.2;0.6;0.3;0.17;3.4;1.9;0;626;173;93;60;97251;3.6;17.74;0.31;0.38
1996;7;1;183;15.4;13.5;11.3;13.3;11.6;9.5;-0.2;0.7;0.17;3.4;1.9;0;246;67;69;31;96989;1.44;14.99;0.32;0.38
1996;7;2;184;16.5;14.3;12.4;13.3;12;11.3;0.2;0.1;0.17;3.5;1.9;0;165;56;37;21;97023;1.31;16.8;0.33;0.38
1996;7;3;185;20.7;16.4;12.9;12.5;11;9.8;0.3;0.2;0.17;3.5;1.9;0;570;163;87;48;97325;3.28;1.92;0.34;0.38
1996;7;4;186;24.4;18.2;11;15.8;13.5;10.1;-0.2;1.2;0.17;3.5;1.9;0;727;262;118;87;97500;4.2;0;0.34;0.38
1996;7;5;187;25.9;20.3;13.2;16.9;14.8;12.5;0.4;1.9;0.17;3.5;1.9;0;671;234;97;75;97057;4.29;0.05;0.33;0.38
1996;7;6;188;25;20.4;15.3;16.5;14.7;13.4;1;1.2;0.17;3.5;1.9;0;563;206;86;64;96574;4.14;2.07;0.33;0.38
1996;7;7;189;21.1;18.3;16.2;16.3;14.3;12.4;-0.6;1;0.17;3.5;1.9;0;407;128;74;43;96693;2.56;0.23;0.33;0.38
1996;7;8;190;23.6;18.5;11.9;17.5;12.6;4.4;1.3;0.7;0.17;3.5;1.9;0;529;200;102;60;96031;4.45;3.39;0.33;0.38
1996;7;9;191;18.6;14.9;10.6;7.4;5.5;3.6;1.7;-1.3;0.17;3.6;1.9;0;624;213;110;78;97473;4.12;0.03;0.32;0.38
1996;7;10;192;18.2;13.9;8;10.7;7.8;5.9;1.1;-0.4;0.17;3.6;1.9;0;551;189;92;69;97727;3.18;0.56;0.32;0.38
1996;7;11;193;19.7;15.3;10.2;11.6;9.6;8.2;0.8;-1.1;0.17;3.6;1.9;0;537;185;86;65;97726;3.16;0.72;0.32;0.38
1996;7;12;194;20.7;16.9;11.9;13.6;12;9.7;0.9;0.3;0.17;3.6;1.9;0;457;163;88;53;97641;2.86;0.36;0.32;0.38
1996;7;13;195;24.5;19.4;11.6;16.2;13.9;11.1;0.1;0.3;0.17;3.6;1.9;0;592;216;100;73;98029;3.55;0.04;0.31;0.38
1996;7;14;196;25.9;21.1;12.9;17.5;14.9;12.4;0.2;-0.3;0.17;3.6;1.9;0;612;218;101;71;98245;3.7;0.02;0.31;0.38
1996;7;15;197;27;21.7;14.4;17.8;15.8;13.8;0.5;-0.9;0.17;3.6;1.9;0;577;208;99;66;97917;3.7;1.3;0.31;0.38
1996;7;16;198;22.5;19.2;14.5;16.4;13.4;7.1;-1.1;-1.6;0.17;3.6;1.9;0;483;176;101;64;97923;3.46;0.6;0.3;0.38
1996;7;17;199;20.1;16.3;12.5;10.8;8.2;6.6;-1.1;-0.2;0.17;3.6;1.9;0;469;189;102;73;98129;3.21;0.02;0.3;0.38
1996;7;18;200;22.7;17.9;12.8;11.1;9.9;8.4;-0.2;-0.2;0.17;3.6;1.9;0;609;214;106;81;97734;3.53;0.14;0.3;0.38
1996;7;19;201;20.3;15.8;11.6;8.9;7.2;5;-1;-0.9;0.17;3.6;1.9;0;533;212;109;84;98057;3.41;0.18;0.29;0.38
1996;7;20;202;18.2;14.8;10.6;8.6;7.4;6.4;-0.7;-0.9;0.17;3.6;1.9;0;527;182;100;77;98203;2.8;0.44;0.29;0.37
1996;7;21;203;19.7;15.2;9.1;9.1;7.4;5.8;-0.7;-1.1;0.17;3.6;1.9;0;510;192;107;73;98235;2.98;0.11;0.29;0.37
1996;7;22;204;20.9;16.9;12.1;10.7;7.8;5.3;-0.6;-1;0.17;3.6;1.9;0;511;182;106;70;98222;2.99;0.01;0.29;0.37
1996;7;23;205;24.8;19.2;11.9;11.2;9.3;7.5;-0.1;1.6;0.17;3.6;1.9;0;719;256;128;90;97861;3.94;0;0.28;0.37
1996;7;24;206;27.4;20.8;14.9;18.1;14.6;10.3;0.6;0.6;0.17;3.6;1.9;0;677;219;109;67;97080;3.54;1.78;0.28;0.37
1996;7;25;207;22.8;18.2;14.4;15.8;13.7;10.2;0.4;0.5;0.17;3.6;1.9;0;570;160;100;60;97326;3.07;10.87;0.29;0.37
1996;7;26;208;23;18.4;12.9;14.5;11.8;9.6;0.5;-0.9;0.17;3.6;1.9;0;594;203;104;73;97771;3.51;0.06;0.29;0.37
1996;7;27;209;25.9;20;12.9;14.9;13.4;11.2;0.2;1.5;0.17;3.6;1.9;0;606;220;100;73;97812;3.57;0;0.28;0.37
1996;7;28;210;25.7;20.9;16;18.4;15.9;13.2;-0.1;-0.3;0.17;3.6;1.9;0;497;165;89;57;97582;2.65;0.67;0.28;0.37
1996;7;29;211;24.5;19.9;14.7;18.7;17;14.6;0.3;-0.6;0.17;3.6;1.9;0;478;164;80;53;97409;2.76;2.25;0.28;0.37
1996;7;30;212;22.4;19;15.1;18.2;16.2;12.8;0.8;-1.1;0.17;3.6;1.9;0;318;114;70;44;97100;2.54;8.41;0.29;0.37
1996;7;31;213;24.6;19.7;13.5;14.9;12.6;11.2;0.1;-1.4;0.17;3.6;1.9;0;552;197;99;73;97480;3.58;0.05;0.28;0.37
1996;8;1;214;26.3;20.8;13.1;16;14;12;0;0.5;0.17;3.6;1.9;0;613;219;110;79;97698;3.63;0;0.28;0.37
1996;8;2;215;27.9;22.5;15;18.2;15.7;13;0;0.8;0.17;3.6;1.9;0;671;230;109;74;97716;3.68;0.02;0.28;0.37
1996;8;3;216;22.6;19.2;15.8;18.2;16.2;11.3;0.8;-1.3;0.17;3.6;1.9;0;281;109;58;38;97658;2.86;10.08;0.28;0.37
1996;8;4;217;20.8;16.6;12.7;12.3;10.3;9.2;0;-2.2;0.17;3.6;1.9;0;548;126;91;55;97825;2.79;0.89;0.28;0.37
1996;8;5;218;20.1;15.7;10.3;10.2;9.2;8.3;-0.5;-0.3;0.17;3.6;1.9;0;494;164;99;70;97683;2.69;0;0.28;0.37
1996;8;6;219;21.5;17;11.2;14.6;12.4;9.7;-0.8;-0.1;0.17;3.6;1.9;0;397;137;72;51;97551;2.15;0.14;0.28;0.37
1996;8;7;220;22.7;19.2;15.6;15.7;14.5;13.2;-1.1;-0.3;0.17;3.5;1.9;0;393;133;59;38;97601;2.29;2.09;0.28;0.37
1996;8;8;221;20.4;17.2;15.2;14.9;13.6;12.6;-0.7;-0.7;0.17;3.5;1.9;0;446;99;63;33;97538;2.34;20.03;0.29;0.37
1996;8;9;222;22.7;18.4;12.6;14.8;13.7;12.3;-0.2;-0.4;0.17;3.5;1.9;0;567;177;88;61;97601;3;0.26;0.29;0.37
1996;8;10;223;23;19.2;15.2;15.6;13.9;12.2;-0.8;1.2;0.17;3.5;1.9;0;452;163;74;60;97457;2.97;0.48;0.29;0.37
1996;8;11;224;24.7;19.7;14;15.6;13.6;11.2;-1.1;1.5;0.17;3.5;1.9;0;591;200;97;68;97085;3.46;0.32;0.29;0.37
1996;8;12;225;22.3;18.3;15.8;18;16.2;14.3;-1.1;1.6;0.17;3.5;1.9;0;407;112;65;37;96884;2.34;11.81;0.29;0.37
1996;8;13;226;21.7;18.1;15;15.4;13.9;12.6;-0.7;0.3;0.17;3.5;1.9;0;525;153;81;49;97139;2.93;4.48;0.3;0.37
1996;8;14;227;23.3;18.9;13.3;15.9;13.6;12.1;0.1;-0.1;0.17;3.5;1.9;0;582;189;100;67;97170;3.28;1.43;0.3;0.36
1996;8;15;228;19.8;16.9;14.1;15.8;15;13.4;0.3;-0.9;0.17;3.5;1.9;0;316;85;65;37;97379;1.61;11.11;0.31;0.36
1996;8;16;229;22.9;17.9;12.8;13.9;12.5;11.1;1.3;-1.1;0.17;3.5;1.9;0;590;187;103;70;97496;3.4;0.09;0.3;0.36
1996;8;17;230;22.2;18.2;14.1;13.8;12.2;11.4;1;-1.6;0.17;3.5;1.9;0;501;173;97;65;97678;3.14;0.13;0.3;0.36
1996;8;18;231;21.6;18;14.4;13.8;12.6;10.9;0.5;-2.4;0.16;3.4;1.9;0;470;144;79;57;97709;2.63;0.14;0.3;0.36
1996;8;19;232;22.5;18.6;14.9;14.2;13;11.7;-0.2;-2.1;0.16;3.4;1.9;0;530;170;85;65;97651;3.15;0.5;0.3;0.36
1996;8;20;233;24.6;19.4;12.7;15.1;12.8;10.7;-0.1;-1;0.16;3.4;1.9;0;643;205;112;76;97581;3.45;0.22;0.29;0.36
1996;8;21;234;25.8;19.8;12.5;15.3;13.6;11.7;0.3;0.9;0.16;3.4;1.9;0;635;209;117;78;97330;3.51;0;0.29;0.36
1996;8;22;235;25.4;19.4;13.5;16;14.5;12.6;0.4;-0.3;0.16;3.4;1.9;0;601;185;105;68;96920;3.08;0.96;0.29;0.36
1996;8;23;236;25.2;19.9;13.9;16.5;14.4;13.1;0.7;-1.2;0.16;3.3;1.9;0;601;196;100;70;96986;3.25;0.19;0.29;0.36
1996;8;24;237;25.7;20.3;13;16;14;12.4;0;0.1;0.16;3.3;1.9;0;523;179;100;70;96986;3.02;0;0.28;0.36
1996;8;25;238;18.7;16.6;12.2;15.5;13.7;11.2;0.7;-0.7;0.16;3.3;1.9;0;178;56;63;37;97173;1.4;12.63;0.29;0.36
1996;8;26;239;22.9;17.3;9.9;15.1;12.9;9.4;-0.1;0.6;0.16;3.3;1.9;0;584;171;96;65;97448;2.75;0.12;0.29;0.36
1996;8;27;240;23.7;19.2;14.5;17.2;15.5;13.2;-0.3;1;0.16;3.2;1.9;0;506;147;75;56;97436;2.38;1.28;0.29;0.36
1996;8;28;241;22.4;18.5;14.6;17.6;15.8;13.3;-0.2;0.7;0.16;3.2;1.9;0;375;101;66;46;97117;1.82;8.85;0.29;0.36
1996;8;29;242;19.6;17;14.9;15.3;13.4;12;-0.2;-0.7;0.16;3.2;1.9;0;359;90;57;25;97438;2.07;1.42;0.3;0.36
1996;8;30;243;21.9;17.8;13.4;15.6;14.3;12.5;0;-0.9;0.16;3.2;1.9;0;491;145;87;51;97474;2.46;2.99;0.3;0.36
1996;8;31;244;20.8;17.1;14.5;12.3;10.7;9.5;-0.2;-1.8;0.16;3.1;1.9;0;439;137;83;57;97683;2.85;0.23;0.3;0.36
1996;9;1;245;17.6;15.4;13;10.9;10;9.2;0.6;-2.8;0.16;3.1;1.9;0;214;72;58;39;97600;1.96;6.38;0.3;0.36
1996;9;2;246;13.8;12.9;12.3;11.6;10.8;10.2;1.7;-2.3;0.16;3.1;1.9;0;140;30;20;12;97483;2.43;38.32;0.32;0.36
1996;9;3;247;16.4;14.2;12.2;14.6;12.6;10.7;0.9;-1.4;0.16;3.1;1.9;0;162;41;36;18;97412;1.29;18.7;0.34;0.36
1996;9;4;248;19.4;15.9;13.1;14.4;13.1;12;0.4;-1.6;0.16;3.1;1.9;0;413;104;76;38;97182;2.22;6.97;0.35;0.36
1996;9;5;249;16.9;13.8;10.6;12.7;9.5;4.7;1.2;-1.5;0.16;3;1.9;0;362;106;98;65;96936;2.27;6.29;0.36;0.36
1996;9;6;250;14.6;11.7;9.1;4.9;4.4;3.9;1.9;-2.1;0.16;3;1.9;0;492;159;109;75;96975;2.65;0.51;0.36;0.36
1996;9;7;251;14.6;11;7.6;4.8;3.4;1.3;2.3;-3;0.16;3;1.9;0;499;157;104;63;97040;2.92;0.93;0.36;0.36
1996;9;8;252;15.8;12.2;9.9;4.8;4;3.3;1.9;-3.6;0.16;3;1.9;0;540;149;99;59;97264;2.78;0.08;0.35;0.36
1996;9;9;253;15.3;11.6;8.3;8.5;6;4.1;0.9;-0.8;0.15;2.9;1.9;0;441;139;105;65;97486;2.21;1.72;0.35;0.36
1996;9;10;254;17.2;11.9;6.2;7.9;5.9;3.1;0.9;-0.1;0.15;2.9;1.9;0;523;160;101;76;97423;2.55;0.12;0.35;0.36
1996;9;11;255;18.8;12.8;5.7;10;7.6;4.6;0;0.2;0.15;2.9;1.9;0;538;162;109;75;97199;2.31;0.08;0.35;0.36
1996;9;12;256;18.9;13.9;9.5;13.7;11.4;8.8;-0.2;0.5;0.15;2.9;1.9;0;351;105;70;45;96315;1.5;2.14;0.35;0.36
1996;9;13;257;12.7;10.5;5.5;11.4;6.7;3.6;1.1;-0.5;0.15;2.9;1.9;0;175;49;92;48;96043;1.31;4.03;0.35;0.36
1996;9;14;258;12.8;8.6;4.2;6.1;4.6;3;1.9;-0.5;0.15;2.8;1.9;0;441;113;90;61;96908;1.76;1.2;0.35;0.36
1996;9;15;259;15.4;10.6;6;7.5;5.8;4.3;1.4;-0.6;0.15;2.8;1.9;0;423;136;111;69;97636;1.85;0.32;0.35;0.36
1996;9;16;260;14.8;10.4;6;5.7;3.8;1.5;1.1;-1.6;0.15;2.8;1.9;0;532;145;106;73;97695;2.12;0.09;0.35;0.36
1996;9;17;261;13.5;9.2;3.5;6.9;4.6;2.3;0.2;0;0.15;2.7;1.9;0;346;102;84;59;97468;1.24;0.04;0.34;0.36
1996;9;18;262;10.1;8.5;6.6;7.5;6.2;4.5;-0.7;-0.6;0.15;2.7;1.9;0;127;39;42;24;97527;0.89;3.45;0.35;0.36
1996;9;19;263;13;10;6.9;8.4;6.9;5.9;-0.8;-1.1;0.15;2.6;1.9;0;291;71;45;26;97346;1.11;1.25;0.35;0.36
1996;9;20;264;11.7;10.7;9.8;9.6;9.2;8.5;-1.2;0.1;0.15;2.6;1.9;0;93;24;15;10;96736;0.66;1.18;0.35;0.36
1996;9;21;265;15.2;12.3;9.9;12;10.5;9.3;-1.1;1.3;0.15;2.6;1.9;0;203;58;45;19;96474;1.01;6.17;0.35;0.36
1996;9;22;266;16;13.2;11.2;13.4;12.4;11.1;-1.3;-0.4;0.15;2.5;1.9;0;287;63;52;19;96357;0.93;7.56;0.35;0.36
1996;9;23;267;12.2;11.5;10.7;12.2;10.4;8.9;0;-2.5;0.15;2.5;1.9;0;28;9;16;8;95841;1.17;53.81;0.38;0.36
1996;9;24;268;15.6;12.1;8.7;9.8;8.4;7.2;0.4;-0.4;0.15;2.4;1.9;0;327;92;77;45;96385;1.59;1.98;0.4;0.36
1996;9;25;269;12.4;9.4;4.9;9.6;7.2;4.5;0.8;0.4;0.15;2.4;1.9;0;239;59;68;41;97019;1.11;3.61;0.4;0.36
1996;9;26;270;15.8;9.4;3.2;8.5;6.3;2.9;0.3;-0.2;0.15;2.4;1.9;0;476;122;96;60;97474;1.51;0.19;0.4;0.36
1996;9;27;271;16;10.9;6.4;8.6;7.4;6;0.1;0.5;0.15;2.3;1.9;0;368;116;99;63;97538;1.35;0.46;0.4;0.36
1996;9;28;272;17.1;12;6.7;9.9;7.6;5.7;1.3;-1.3;0.15;2.3;1.9;0;437;121;96;62;97856;1.68;0.17;0.39;0.36
1996;9;29;273;17;12;6.4;8.7;7.1;5;0.2;0.4;0.15;2.2;1.9;0;513;134;116;67;98350;1.63;0;0.39;0.36
1996;9;30;274;20.9;14.8;9.6;13.1;10.6;8.3;-0.1;1.4;0.15;2.2;1.9;0;528;142;116;68;97862;1.79;0;0.39;0.36
1996;10;1;275;20.6;15.2;10.3;11.4;9.8;8.7;1.3;3.1;0.15;2.2;1.9;0;519;144;114;78;96949;2.03;0;0.38;0.36
1996;10;2;276;16.8;11.9;8.2;12.5;9.4;6.3;0.5;-0.6;0.14;2.1;1.9;0;289;64;73;40;97088;1.63;21.54;0.39;0.36
1996;10;3;277;14.3;10.7;8.3;6.5;5.4;4;0;-2.1;0.14;2.1;1.9;0;301;73;86;45;98096;1.59;0.6;0.4;0.36
1996;10;4;278;14.1;10.1;5.1;8.2;6.2;3.5;0;0.6;0.14;2;1.9;0;452;113;108;55;98047;1.2;0.1;0.4;0.36
1996;10;5;279;13.5;11.6;10;10.8;9.5;7.6;-0.3;-0.4;0.14;2;1.9;0;141;39;23;15;97248;0.77;5.94;0.4;0.36
1996;10;6;280;11.6;11;10.3;10.2;9.6;8.8;0.4;-1.1;0.14;2;1.9;0;68;16;14;9;97520;0.62;7.65;0.4;0.36
1996;10;7;281;14.2;12.1;9.5;11.5;10.3;8.5;-0.2;-0.9;0.14;1.9;1.9;0;157;38;26;16;97863;0.59;0.81;0.4;0.36
1996;10;8;282;16;13.3;10.5;11.6;10.5;9.9;-0.8;-1;0.14;1.9;1.9;0;262;60;43;22;97576;1.05;1.27;0.4;0.37
1996;10;9;283;15.7;13.3;12;10.7;10.1;9.1;-0.7;-1.1;0.14;1.8;1.9;0;290;67;58;31;97505;1.03;0.35;0.4;0.37
1996;10;10;284;15.5;12.4;10.6;11.6;10.3;8.9;-0.1;-1;0.14;1.8;1.9;0;259;64;85;38;97737;0.85;2.48;0.4;0.37
1996;10;11;285;13.7;11.3;8.8;9;8.6;7.8;-0.8;-1;0.14;1.8;1.9;0;249;63;70;37;98056;0.92;0.62;0.4;0.37
1996;10;12;286;14.7;11.3;8.5;9.6;8.2;6.7;-0.4;1.1;0.14;1.7;1.9;0;310;77;77;45;97929;0.9;0.23;0.39;0.37
1996;10;13;287;17.1;10.8;5.1;9.3;7.5;4.6;0.1;1.8;0.14;1.7;1.9;0;414;113;105;77;97802;1.07;0;0.39;0.37
1996;10;14;288;16.7;11.9;7.2;11;9.3;6.2;-0.1;1.7;0.14;1.6;1.9;0;364;91;76;49;97644;0.86;0.04;0.39;0.37
1996;10;15;289;19.5;14.1;9.2;14;11.9;8.6;-0.4;1.7;0.14;1.6;1.9;0;334;81;63;43;97139;0.78;1.03;0.39;0.37
1996;10;16;290;17.9;13.9;10.2;14;12.5;9.9;-0.8;0.2;0.14;1.6;1.9;0;236;63;59;34;96508;0.99;6.84;0.39;0.37
1996;10;17;291;15.9;11.9;9.2;12;10.2;8.8;-0.1;0.6;0.14;1.6;1.9;0;251;46;74;39;96583;0.69;4.35;0.39;0.37
1996;10;18;292;12.9;10.1;6.7;10;8.4;6.3;0.2;-0.7;0.14;1.6;1.9;0;204;48;57;35;97083;0.74;3.97;0.4;0.37
1996;10;19;293;14.2;9.5;4.3;7.8;6;3.9;0.9;-0.2;0.14;1.5;1.9;0;403;86;92;50;97387;0.9;0.01;0.39;0.37
1996;10;20;294;14.4;10.8;7.9;5.7;3.7;1.2;1.1;-0.4;0.13;1.5;1.9;0;431;104;117;61;97839;1.11;1.16;0.39;0.37
1996;10;21;295;11.3;9.1;6.5;9.4;7.6;5.7;0.8;0.8;0.13;1.5;1.9;0;149;31;39;26;97351;0.66;20.98;0.4;0.37
1996;10;22;296;14.3;10.3;7.4;7.7;4.3;1.8;1.1;-1.2;0.13;1.5;1.9;0;360;88;101;57;97789;1.19;1.34;0.41;0.37
1996;10;23;297;12;9;6.5;5.2;3.7;1.9;0.1;-1.6;0.13;1.5;1.9;0;338;84;84;58;98303;0.94;0.36;0.41;0.37
1996;10;24;298;10.1;6.9;3.9;4.2;3;1.6;-0.5;-0.8;0.13;1.5;1.9;0;307;74;73;55;98495;0.67;0.03;0.4;0.38
1996;10;25;299;9.5;6.2;3.9;3.1;1.7;0.8;-0.2;0.2;0.13;1.5;1.9;0;385;94;105;73;98444;0.69;0;0.4;0.38
1996;10;26;300;9.8;5.2;0.3;2.7;1.4;-0.8;0.1;0.5;0.13;1.4;1.9;0;386;94;102;67;98552;0.66;0;0.4;0.38
1996;10;27;301;12.4;7.4;3.9;5.7;3.9;1.9;0.1;0.7;0.13;1.4;1.9;0;342;85;97;56;98300;0.64;0;0.39;0.38
1996;10;28;302;12.3;7.8;4.1;8.3;5.9;3.1;1.2;0.9;0.13;1.4;1.9;0;193;43;86;38;97442;0.56;3.46;0.39;0.38
1996;10;29;303;16.2;10;3.9;9.5;7;3.2;1.6;1.1;0.13;1.4;1.9;0;357;85;83;54;96747;0.73;4.81;0.39;0.38
1996;10;30;304;12.3;7.9;2.7;6.9;1.5;-1.2;1.5;-1.1;0.13;1.4;1.9;0;396;98;124;81;97810;1.08;0.07;0.4;0.38
1996;10;31;305;11.2;5.2;0.5;2.7;0.6;-1.6;0.5;0.6;0.13;1.4;1.9;0;383;89;120;78;98281;0.66;0;0.39;0.38
1996;11;1;306;12.3;6.5;0.7;6.8;3.3;-0.1;0.9;0.2;0.12;1.4;1.9;0;276;65;77;45;97906;0.48;1.69;0.39;0.38
1996;11;2;307;15.2;8.6;2.9;7.9;5.3;2.1;1;0.4;0.12;1.4;1.9;0;373;92;111;72;98403;0.81;0;0.39;0.38
1996;11;3;308;16.5;9.1;2.9;9.7;5.9;2.2;0.7;0;0.12;1.3;1.9;0;373;91;107;66;98203;0.69;0;0.39;0.38
1996;11;4;309;17;9;2.6;9.7;5.9;2.1;0.7;0.6;0.12;1.3;1.9;0;385;94;120;78;97669;0.67;0;0.39;0.38
1996;11;5;310;15.3;9.4;5;7.6;5.7;3.3;1.9;1.2;0.12;1.3;1.9;0;384;93;117;78;97128;0.7;0;0.39;0.38
1996;11;6;311;13.7;9.2;5;9.1;6.9;4.5;0.5;1.2;0.12;1.3;1.9;0;155;39;80;41;97768;0.25;0.01;0.38;0.38
1996;11;7;312;15;8.7;3.4;8;5.1;2.9;1.9;1.5;0.12;1.3;1.9;0;358;84;112;74;97266;0.66;0;0.38;0.38
1996;11;8;313;12.6;8.1;2.3;6.6;4.1;1.9;0.9;0.1;0.12;1.3;1.9;0;258;56;99;57;98033;0.53;0.38;0.38;0.38
1996;11;9;314;10.6;5.5;1.3;4.9;2.9;0.9;0.3;1;0.12;1.3;1.9;0;343;75;107;65;98779;0.58;0.59;0.38;0.38
1996;11;10;315;10.9;6.6;1.9;7.2;4.3;1.6;0;1.7;0.12;1.2;1.9;0;237;59;85;51;97987;0.37;0;0.38;0.38
1996;11;11;316;14.9;11.7;8.6;9.3;8.2;7.3;0.9;3.5;0.12;1.2;1.9;0;258;58;92;52;97131;0.54;0;0.38;0.38
1996;11;12;317;17;13.8;11.9;9;8.4;7.6;1.1;3.9;0.12;1.2;1.9;0;257;55;93;63;96975;0.76;0.04;0.38;0.38
1996;11;13;318;17.3;13.6;10.6;10.2;9.2;8.7;1.2;3;0.11;1.2;1.9;0;265;61;93;75;96786;0.61;0;0.37;0.38
1996;11;14;319;10.8;8.9;6.5;8.8;7.5;5;-1.3;-1;0.11;1.2;1.9;0;124;26;44;23;97144;0.8;2.95;0.37;0.38
1996;11;15;320;10.7;7.8;5.6;7.5;6.2;5.1;-0.2;-0.2;0.11;1.2;1.9;0;201;43;68;33;97854;0.4;0.3;0.37;0.38
1996;11;16;321;13.9;8.8;4.9;10.4;7.6;4.8;0.1;0.4;0.11;1.2;1.9;0;220;50;83;41;97893;0.34;2.17;0.37;0.38
1996;11;17;322;14.1;10.2;7.3;10.8;9;7.1;0.3;1.3;0.11;1.2;1.9;0;191;41;62;29;97044;0.35;5.85;0.38;0.38
1996;11;18;323;12.6;10.1;7.4;10.9;8.9;5.4;-1;2.5;0.11;1.2;1.9;0;86;15;85;32;96054;0.56;9.05;0.38;0.38
1996;11;19;324;11.4;8;5.4;6.7;5.2;4.4;-0.4;1.3;0.11;1.2;1.9;0;234;51;76;59;96004;0.43;0.05;0.39;0.38
1996;11;20;325;8.6;6.8;4.8;6.8;4.7;3.3;0.5;2.2;0.11;1.2;1.9;0;129;30;71;43;95242;0.78;3.13;0.39;0.38
1996;11;21;326;7.9;4.6;2.1;3.2;0.3;-3.4;1;0.1;0.11;1.2;1.9;0;207;48;94;58;96058;0.5;0.59;0.39;0.38
1996;11;22;327;2.7;1.4;-0.9;1.2;0.3;-1.9;-1;-1.6;0.14;1.2;1.9;2.17;77;15;61;24;96978;0.56;8.97;0.39;0.38
1996;11;23;328;4.3;-1.1;-8.9;-1.4;-3.8;-10;0.5;0.5;0.16;1.2;1.9;3.46;293;64;109;70;97203;0.41;0.03;0.39;0.38
1996;11;24;329;3.9;0.1;-2.4;-2.6;-4.8;-7.5;1;-0.9;0.16;1.2;1.9;3.46;157;33;95;53;97418;0.25;0.46;0.39;0.38
1996;11;25;330;3.5;-0.2;-3.4;-4.2;-6.2;-8.3;0.2;1.7;0.16;1.2;1.9;3.32;298;66;115;75;97081;0.28;0;0.39;0.38
1996;11;26;331;2.4;0.7;-0.4;0.7;-0.5;-3.7;-0.3;-0.2;0.22;1.2;1.9;7.19;131;21;36;18;96041;0.15;8.92;0.39;0.38
1996;11;27;332;5.8;1;-1.9;0.6;-1.2;-2.9;0.2;0.4;0.25;1.2;1.9;9.05;236;47;98;49;96436;0.27;0.48;0.39;0.38
1996;11;28;333;1.7;0.1;-1.5;-0.4;-1.6;-2.9;-0.9;-0.5;0.26;1.2;1.9;9.65;69;17;30;19;96499;0.17;3.52;0.39;0.38
1996;11;29;334;2.9;-0.3;-2.2;-2.7;-4.6;-6.1;0.2;0.8;0.27;1.2;1.9;10.46;228;51;104;58;97138;0.39;0.11;0.39;0.38
1996;11;30;335;1.5;-0.3;-2.2;-0.9;-2.9;-5.3;0.3;0.6;0.28;1.2;1.9;11.24;66;17;48;28;96059;0.16;3.33;0.39;0.38
1996;12;1;336;5;0.3;-4.5;-2.5;-4.1;-8.7;0.5;-2;0.29;1.2;1.9;11.74;243;51;109;64;96890;0.48;0;0.39;0.38
1996;12;2;337;0.8;-3.8;-12.8;-3;-7.4;-15.4;1.4;0;0.27;1.2;1.9;10.69;86;18;55;35;96924;0.14;0.08;0.39;0.38
1996;12;3;338;5.6;-0.5;-4.1;-1.9;-4.8;-7.3;0.8;0.5;0.25;1.2;1.9;9.66;238;50;109;62;97379;0.08;0;0.39;0.38
1996;12;4;339;4.2;0;-2.2;-0.6;-2.7;-4.9;-0.4;1.3;0.23;1.2;1.9;8.3;240;52;94;59;97632;0.11;0;0.39;0.38
1996;12;5;340;1.5;-0.9;-2.2;-1;-1.9;-2.8;-0.6;0.6;0.22;1.2;1.9;7.55;168;34;64;32;97760;0.11;0.07;0.39;0.38
1996;12;6;341;0.8;-1.7;-2.8;-2.1;-2.8;-3.4;-0.6;0.3;0.21;1.2;1.9;7.22;169;38;73;35;97931;0.11;0.01;0.39;0.38
1996;12;7;342;-0.2;-1.9;-3;-2.5;-3;-3.8;-0.6;0.2;0.21;1.2;1.9;7.08;142;29;45;20;98392;0.11;0.02;0.39;0.38
1996;12;8;343;-0.1;-1.4;-2.2;-2.1;-2.7;-3.2;-0.5;0.4;0.21;1.2;1.9;7.16;98;21;24;13;98713;0.07;0.12;0.39;0.38
1996;12;9;344;0.6;-1.4;-2.9;-2.2;-3;-4.4;-0.4;0.3;0.21;1.2;1.9;7.17;139;30;50;26;98612;0.09;0.14;0.38;0.38
1996;12;10;345;0.2;-1;-2;-1.5;-2.3;-3.3;-0.1;-0.4;0.21;1.2;1.9;7.26;76;16;36;15;98080;0.06;0.24;0.38;0.38
1996;12;11;346;1.6;-0.1;-1;-0.3;-1;-1.7;-0.4;0.3;0.21;1.2;1.9;7.11;104;23;43;20;97710;0.05;0;0.38;0.38
1996;12;12;347;3.9;1;-0.7;1.5;0.2;-0.9;-0.3;0.5;0.2;1.2;1.9;6.44;172;34;56;31;97386;0.04;0.02;0.38;0.38
1996;12;13;348;6.9;2.6;-0.8;3.1;1.2;-1.2;0.8;1.1;0.18;1.2;1.9;5.3;196;37;68;34;96421;-0.02;0.74;0.38;0.38
1996;12;14;349;4.9;2.2;-0.6;3.6;1.7;-0.9;0.2;-0.2;0.16;1.2;1.9;4.16;80;14;40;17;95955;0.01;5.34;0.39;0.38
1996;12;15;350;5.3;1;-2;2.4;-0.2;-2.8;0.2;0.8;0.15;1.2;1.9;3.57;143;32;76;39;96971;0.16;0.01;0.39;0.38
1996;12;16;351;5.1;0;-3;1.6;-1.5;-4.2;0.1;0.5;0.14;1.2;1.9;3;218;47;89;56;97717;0.11;0;0.39;0.38
1996;12;17;352;6.9;1.3;-2.5;3;-0.3;-3.1;0.5;0.2;0.14;1.2;1.9;2.45;252;50;96;55;97404;0.1;0;0.39;0.38
1996;12;18;353;4.9;0.3;-2.3;2.1;-0.8;-3;0.5;0.1;0.13;1.2;1.9;2.02;212;41;73;39;97036;0.1;0.01;0.39;0.38
1996;12;19;354;7.3;1.8;-1.6;4.1;0.3;-2.4;1.5;0.7;0.12;1.2;1.9;1.63;256;51;87;52;96418;0.04;0.14;0.39;0.38
1996;12;20;355;4.3;2;0.5;3.5;1.5;-0.2;-0.1;-0.4;0.12;1.1;1.9;1.37;79;16;35;12;96160;0.02;11.32;0.39;0.38
1996;12;21;356;1.1;-0.2;-2;0.6;-2.3;-6;-1.1;0.3;0.17;1.1;1.9;4.52;125;25;43;19;97074;0.34;2.3;0.39;0.38
1996;12;22;357;-2.1;-2.8;-3.2;-4.5;-6.5;-9;-1.2;-0.1;0.2;1.1;1.9;6.34;56;11;16;10;97611;0.22;4.26;0.39;0.38
1996;12;23;358;-2.5;-3;-3.4;-4.1;-4.6;-6.1;-1.4;-0.6;0.25;1.1;1.9;9.24;38;7;11;7;96319;0.29;1.81;0.39;0.38
1996;12;24;359;-1.7;-3.8;-6.6;-5.5;-7.2;-10;-1.2;-0.1;0.31;1.1;1.9;13.1;122;23;62;27;96419;0.23;3.73;0.39;0.39
1996;12;25;360;-3.4;-5.1;-6.6;-7.1;-8.9;-12.2;-1.1;-2;0.34;1.1;1.9;17.81;103;17;65;23;96893;0.34;5.89;0.39;0.39
1996;12;26;361;-6.8;-9.4;-12.2;-12.7;-16.2;-17.8;-0.1;-4.4;0.35;1.1;1.9;18.95;201;43;106;77;98517;0.59;0;0.39;0.39
1996;12;27;362;-9.4;-13.8;-18.5;-16.6;-19.1;-23.1;-0.3;-1.4;0.35;1.1;1.9;18.57;215;46;115;78;98970;0.22;0;0.39;0.39
1996;12;28;363;-10.3;-14.1;-18.7;-14.3;-17.5;-22.6;-0.3;-1;0.35;1.1;1.9;19.18;141;26;48;29;98162;0.14;1.94;0.39;0.39
1996;12;29;364;-9.9;-14.7;-20.9;-14.5;-17.5;-23.1;0.3;-0.2;0.35;1.1;1.9;20.27;185;35;76;37;97361;0.13;0.11;0.39;0.39
1996;12;30;365;-8.9;-14;-17.3;-13.4;-16.8;-19.7;0.4;0.2;0.35;1.1;1.9;20.6;210;43;93;48;96631;0.14;0.47;0.38;0.39
1996;12;31;366;-10;-13.9;-18.5;-13.7;-16.5;-20.6;-0.4;0.2;0.35;1.1;1.9;20.65;137;27;45;25;97259;0.13;0.21;0.38;0.39
1997;1;1;1;-8.3;-10.8;-13.5;-11;-12.9;-15.1;-0.4;-0.5;0.35;1.1;1.9;23.81;87;15;32;8;97601;0.14;4.59;0.38;0.39
1997;1;2;2;-5.5;-8.6;-13.4;-7.7;-10.7;-15;-0.1;-0.2;0.35;1.1;1.9;25.51;96;20;28;9;97921;0.12;1.99;0.38;0.39
1997;1;3;3;-4.3;-5.9;-7.2;-5.9;-7.3;-8.6;-0.5;0;0.35;1.1;1.9;27.95;70;15;22;7;97246;0.18;2;0.38;0.39
1997;1;4;4;-1.4;-3.7;-5.9;-2.5;-4.7;-6.4;0;-0.2;0.35;1;1.9;31;37;7;48;15;96237;0.14;5.86;0.38;0.39
1997;1;5;5;0.5;-4.3;-9.3;-1.7;-5.9;-10.6;0.3;0.1;0.35;1;1.9;33.58;166;30;64;29;96533;0.1;0.84;0.38;0.39
1997;1;6;6;-1.2;-2.8;-4.4;-2.5;-4;-5.3;-1.2;-0.4;0.35;1;1.9;34.88;78;14;19;5;97508;0.15;2.37;0.38;0.39
1997;1;7;7;-1.6;-3.8;-5.5;-3.5;-5;-6.3;-0.4;-0.6;0.35;1;1.9;36.2;86;18;41;14;97702;0.12;0.62;0.38;0.39
1997;1;8;8;-0.9;-3.3;-5.8;-2.8;-4.4;-6.7;-0.2;0.3;0.35;1;1.9;36.59;99;21;38;16;97395;0.14;0.37;0.38;0.39
1997;1;9;9;-0.2;-2.7;-4.1;-2.8;-3.9;-4.7;-0.8;0.8;0.34;1;1.9;36.92;124;26;47;21;96759;0.14;0.9;0.38;0.39
1997;1;10;10;-0.4;-2.3;-4.6;-1.8;-3.2;-5.1;-0.1;-0.8;0.35;1;1.9;41.73;69;14;16;7;97205;0.05;8.05;0.38;0.39
1997;1;11;11;0.9;-0.3;-1.2;-0.5;-1.3;-1.9;-0.2;-0.4;0.35;1;1.9;47.56;57;12;19;10;98139;0;3.02;0.38;0.39
1997;1;12;12;0.4;-2.7;-7.1;-1.9;-4.1;-7.8;-0.4;-0.2;0.34;1;1.9;48.27;177;41;88;47;98780;0.15;0.03;0.37;0.39
1997;1;13;13;0.4;-5.8;-10.7;-2.7;-7.5;-11.9;0.5;0.2;0.34;1;1.9;48.12;195;43;94;42;98771;0.12;0;0.37;0.39
1997;1;14;14;1;-5.2;-12;-1.6;-6.7;-13.3;0.5;0.2;0.34;1;1.9;48.05;198;45;91;48;98627;0.07;0;0.37;0.39
1997;1;15;15;2;-4;-10.4;-1.2;-5.7;-11.8;0;0.3;0.34;1;1.9;47.82;213;47;88;42;98616;0.12;0;0.37;0.39
1997;1;16;16;0.8;-3.3;-6.5;-2.2;-4.6;-7.4;0;0.5;0.33;1;1.9;47.57;201;43;76;43;98394;0.13;0.06;0.37;0.39
1997;1;17;17;-0.7;-4;-5.8;-2.8;-5;-6.3;-0.4;0.5;0.33;1;1.9;47.57;177;38;64;35;98096;0.1;0.09;0.37;0.39
1997;1;18;18;0.4;-4.3;-8.3;-3;-5.9;-9.5;0;0;0.33;1;1.9;47.55;199;44;87;42;97971;0.15;0.06;0.37;0.39
1997;1;19;19;-0.5;-4.9;-9.1;-2.5;-6.3;-10.4;0;-0.4;0.33;0.9;1.9;47.52;139;31;48;24;97620;0.1;0.09;0.37;0.39
1997;1;20;20;1.5;-3.2;-9;-1;-5.2;-10.5;0.2;-0.4;0.33;0.9;1.9;47.61;164;31;49;21;97747;0.1;2.13;0.37;0.39
1997;1;21;21;2.6;0.1;-1.7;0.3;-1.1;-2.7;0.1;0;0.33;0.9;1.9;48;96;23;71;21;98849;0;1.63;0.37;0.39
1997;1;22;22;0.8;-0.6;-1.7;-0.3;-1.1;-1.9;-0.7;1.1;0.32;0.9;1.9;47.37;85;19;25;11;99060;0.05;0.06;0.37;0.39
1997;1;23;23;3.1;-0.3;-3;0.8;-1.2;-3.4;-0.3;-0.2;0.32;0.9;1.9;46.02;210;48;88;39;98627;0.04;0;0.37;0.39
1997;1;24;24;3;-1.1;-4.2;0;-2.5;-5.3;0.2;0;0.32;0.9;1.9;43.71;178;42;68;38;98581;0.07;0.06;0.37;0.39
1997;1;25;25;1.2;-1.5;-5.8;0.1;-2.1;-6.5;-0.1;-0.4;0.32;0.9;1.9;42.91;63;14;33;8;99046;0;1.67;0.37;0.39
1997;1;26;26;-0.9;-3.4;-7.4;-1.1;-5.2;-8;-0.8;-0.5;0.32;0.9;1.9;43.74;165;39;77;49;99226;0.23;0.06;0.37;0.39
1997;1;27;27;-2;-6.3;-10.8;-5.4;-8.1;-12;0.1;0.4;0.32;0.9;1.9;43.59;185;41;71;35;98916;0.2;0.08;0.37;0.39
1997;1;28;28;2.2;-4.9;-13.4;-2.6;-7.6;-14.7;0.8;0.2;0.32;0.9;1.9;43.23;257;60;102;59;98949;0.21;0;0.37;0.39
1997;1;29;29;4.1;-3.8;-10.3;-2.4;-6.9;-11.8;0.9;0.1;0.32;0.9;1.9;41.73;220;52;93;50;99273;0.16;0;0.37;0.39
1997;1;30;30;2.2;-4.7;-12.2;-1.5;-7.1;-13.9;0.4;-0.2;0.32;0.9;1.9;39.71;287;67;115;66;99084;0.16;0;0.37;0.39
1997;1;31;31;2.7;-4.7;-13.4;-1.4;-7.3;-15.1;0.9;-0.2;0.32;0.9;1.9;37.77;279;66;105;56;98509;0.14;0;0.37;0.39
1997;2;1;32;0.7;-2.9;-5.9;-1.8;-4.7;-7.3;0.2;0.4;0.32;0.9;1.9;37.05;154;32;75;34;98553;0.13;0.9;0.37;0.39
1997;2;2;33;-1.1;-4.9;-8.1;-5.1;-7.8;-9.7;-0.2;0.3;0.32;0.9;1.9;36.88;204;52;80;51;98684;0.26;0.04;0.37;0.39
1997;2;3;34;0.8;-4.5;-9.3;-4.6;-7.7;-10.7;0.1;0.4;0.32;0.9;1.9;35.97;300;71;113;64;98557;0.28;0;0.37;0.39
1997;2;4;35;2;-3.3;-8.4;-3.8;-7.3;-11.3;0;0.3;0.32;0.9;1.9;34.42;305;74;120;64;98351;0.27;0;0.37;0.39
1997;2;5;36;5;-1;-7.8;-0.1;-3.7;-9.4;1.6;0.6;0.32;0.9;1.9;31.9;237;51;69;36;97578;0.11;0;0.38;0.38
1997;2;6;37;4.6;0.7;-2.9;-1;-3.6;-6.6;0.3;-0.9;0.31;0.8;1.9;29.06;314;74;120;64;98754;0.29;0.07;0.38;0.38
1997;2;7;38;5.1;-0.6;-6.1;-1.6;-4.7;-8.8;0.4;1.2;0.31;0.8;1.9;26.02;318;78;114;69;99291;0.22;0;0.38;0.38
1997;2;8;39;7.2;0.7;-4.3;-0.4;-4.3;-7.1;0.3;0.1;0.29;0.8;1.9;21.94;336;82;127;68;98958;0.15;0;0.38;0.38
1997;2;9;40;8.5;0.1;-5.9;-0.7;-5;-8.9;0.7;0.2;0.26;0.8;1.9;17.96;298;76;115;63;98735;0.17;0;0.39;0.38
1997;2;10;41;9.5;1.2;-4.4;0.3;-4.3;-8.1;0.8;0.3;0.23;0.8;1.9;14.34;368;92;124;71;98270;0.14;0;0.39;0.38
1997;2;11;42;9.6;2.3;-3.6;1.8;-1.7;-5.8;0.4;0;0.2;0.8;1.9;11.16;368;86;121;62;97899;0.1;0;0.39;0.38
1997;2;12;43;10.1;3.8;-0.7;3.6;1.2;-1.5;1.7;1.1;0.18;0.8;1.9;8.48;287;60;88;35;97377;0.12;0.12;0.39;0.38
1997;2;13;44;12;4.9;0.1;5.2;2;-0.7;1.9;1.3;0.15;0.8;1.9;5.54;389;94;112;57;96368;0.37;0.94;0.39;0.38
1997;2;14;45;8.7;2.6;-3.4;-0.4;-4.3;-8.5;1.4;1.3;0.13;0.8;1.9;3.75;388;103;118;76;96300;0.67;0.57;0.4;0.38
1997;2;15;46;7.4;2.4;-2.2;1.3;-1.1;-3.8;-0.5;-1.4;0.13;0.8;1.9;3.12;392;95;106;56;96538;0.63;0.57;0.39;0.39
1997;2;16;47;5.5;1.8;-2.5;-2.7;-4.9;-6.9;-0.7;-2.2;0.13;0.8;1.9;2.54;317;81;108;60;97928;0.6;0.17;0.39;0.39
1997;2;17;48;2.5;-0.9;-3.1;-4;-5.4;-6.9;-0.7;0.8;0.13;0.8;1.9;2.4;266;67;71;54;98470;0.14;0.03;0.39;0.39
1997;2;18;49;4.7;0.3;-3.3;-3.9;-5.3;-6.3;-0.3;1.9;0.13;0.8;1.9;2.21;442;109;114;61;98104;0.27;0.89;0.39;0.39
1997;2;19;50;7.1;2.1;-2.3;-0.7;-4.1;-6.6;1.8;-1.3;0.13;0.8;1.9;2.47;435;114;118;75;98041;0.74;0.49;0.39;0.39
1997;2;20;51;10.6;3.5;-2.2;-1;-4.3;-7;0.9;0.6;0.13;0.8;1.9;2.03;457;111;122;67;98084;0.5;0.02;0.39;0.39
1997;2;21;52;12.3;5.3;0.4;0.7;-1.1;-2.1;1.1;0.8;0.12;0.9;1.9;1.49;437;111;121;62;98332;0.55;0;0.39;0.39
1997;2;22;53;13.6;6.6;0.4;5;1.1;-2.1;0.6;-0.5;0.12;0.9;1.9;0.96;408;105;108;57;98572;0.58;0;0.39;0.39
1997;2;23;54;15;6.6;-1.5;4.5;1.8;-2.2;0.6;0.6;0.12;0.9;1.9;0.56;483;128;129;81;97894;0.64;0;0.39;0.39
1997;2;24;55;12.3;5.8;-0.8;3.4;1.6;-1.7;1.8;2.2;0.11;0.9;1.9;0.31;430;113;105;76;97309;0.57;0;0.38;0.39
1997;2;25;56;13.5;8.3;2.9;5.6;4.1;1.8;2.5;2.4;0.11;0.9;1.9;0.15;453;107;106;70;97161;0.63;0;0.38;0.39
1997;2;26;57;14.2;9.7;6.2;7.4;5.8;4.6;2.3;1.3;0.11;0.9;1.9;0;347;92;77;52;96965;0.66;1.21;0.38;0.39
1997;2;27;58;10;5.9;2.8;4.1;0.8;-1.4;0.6;-2.2;0.11;0.9;1.9;0;436;102;112;66;98049;0.85;2.83;0.38;0.39
1997;2;28;59;9.2;4.3;0.8;-1.4;-2.2;-3.2;-0.5;-0.2;0.11;0.9;1.9;0;443;122;126;86;99193;0.67;0;0.38;0.39
1997;3;1;60;14.6;6;-1.7;4.9;0.2;-4;0.7;0.6;0.12;0.9;1.9;0;505;125;123;76;98713;0.74;0;0.38;0.39
1997;3;2;61;16.7;7.4;-1.2;5.1;2;-2.1;0.7;0.8;0.12;0.9;1.9;0;511;139;130;84;98575;0.91;0;0.38;0.39
1997;3;3;62;18.8;9.2;0.4;6.8;3.3;-1.2;0;-0.5;0.12;0.9;1.9;0;514;131;129;70;98680;0.98;0.03;0.38;0.39
1997;3;4;63;8.3;5.7;3.6;3.2;2.1;0.7;-0.8;0.2;0.12;1;1.9;0;321;77;80;45;99048;0.55;0.36;0.38;0.39
1997;3;5;64;12.1;6.8;3;4.9;3.5;2.1;-0.5;0.2;0.12;1;1.9;0;449;122;107;63;98566;0.73;0;0.37;0.39
1997;3;6;65;10.9;6.7;2.7;5.2;3.8;2;-0.2;-0.7;0.12;1;1.9;0;288;70;62;42;98552;0.44;0.06;0.37;0.39
1997;3;7;66;11.2;6.2;1.6;4.9;2.2;-2.1;-0.3;-1.2;0.12;1;1.9;0;290;76;92;52;98928;0.61;0.32;0.37;0.39
1997;3;8;67;10.6;4.7;-0.7;-1.9;-3.6;-5.4;-0.4;-0.8;0.12;1;1.9;0;564;160;146;103;99090;0.97;0;0.37;0.39
1997;3;9;68;12.1;4.9;-2;0.5;-2.5;-5.2;-0.1;-0.5;0.12;1;1.9;0;556;159;141;93;99212;0.96;0;0.37;0.39
1997;3;10;69;12.6;6.2;0.2;3.6;1;-2.7;-0.5;-1.1;0.12;1;1.9;0;546;156;126;82;99170;0.91;0;0.37;0.39
1997;3;11;70;10.5;5.2;0.1;0.8;-1.2;-3;-0.6;0.5;0.12;1;1.9;0;569;164;141;95;99277;1.01;0;0.37;0.39
1997;3;12;71;12.1;5.5;-0.4;1.4;-1;-3.6;0.1;0.9;0.12;1;1.9;0;575;167;141;97;98930;0.96;0;0.36;0.39
1997;3;13;72;17.1;7.7;-1;3.5;1;-2.7;1.2;-0.8;0.13;1;1.9;0;526;149;117;79;98102;1.15;0.19;0.36;0.39
1997;3;14;73;14.9;8.3;2.6;3.7;2.2;0.9;0.6;0.2;0.13;1.1;1.9;0;430;124;123;66;97719;0.96;0;0.36;0.39
1997;3;15;74;14.1;8.4;2.9;3.6;1.4;0;1.2;-1.4;0.13;1.1;1.9;0;431;134;110;72;97706;1.04;0.08;0.36;0.39
1997;3;16;75;13.4;8.3;3.5;6.3;3.8;0.5;0.5;-0.4;0.13;1.1;1.9;0;407;111;87;48;97597;0.97;3.28;0.36;0.39
1997;3;17;76;13.4;5.4;1.7;5;2.4;-0.9;-0.9;-1.1;0.13;1.1;1.9;0;447;121;88;45;97537;1.45;2.92;0.36;0.39
1997;3;18;77;3.6;1.2;-0.4;-1.3;-3.8;-4.5;-0.8;1.7;0.14;1.1;1.9;0.7;188;57;68;39;97829;0.6;1.01;0.36;0.39
1997;3;19;78;8.9;2.9;-1;3;-0.2;-4.3;0.3;0.2;0.15;1.1;1.9;1.12;288;70;75;44;96104;0.63;5.33;0.36;0.39
1997;3;20;79;8.7;2.7;-1.2;2.2;-1;-5.2;-0.6;-1;0.14;1.2;1.9;0.82;448;127;90;58;96650;1.29;3.66;0.36;0.39
1997;3;21;80;5.5;0.9;-2.2;-0.6;-4;-6.8;-0.4;0.8;0.15;1.2;1.9;1.28;414;109;83;52;97504;0.8;2.88;0.37;0.38
1997;3;22;81;6.7;1.2;-3.6;0.5;-1.9;-4.7;-0.1;-0.1;0.16;1.2;1.9;1.93;480;140;101;71;97889;1.29;3.29;0.37;0.38
1997;3;23;82;5.2;1.1;-4.6;-1;-2.7;-5.6;-0.7;0.9;0.16;1.2;1.9;2.01;431;115;76;47;97690;1.13;2.32;0.37;0.38
1997;3;24;83;5.3;2.4;0.1;-0.1;-1.5;-2.7;-1;1;0.18;1.2;1.9;3.33;299;80;60;32;97041;0.64;2.34;0.37;0.38
1997;3;25;84;9.5;4.1;-0.9;2.5;0.2;-2.6;-0.3;-0.1;0.17;1.2;1.9;2.59;447;118;84;50;97218;0.77;1.4;0.37;0.38
1997;3;26;85;8.4;4.6;1.5;1.4;-0.2;-1.7;-0.7;0.3;0.16;1.3;1.9;1.54;453;124;86;49;97959;1.09;1.49;0.37;0.38
1997;3;27;86;16.6;7.7;0.8;7;2.2;-2.1;1.1;0.5;0.15;1.3;1.9;0.85;496;112;102;54;97565;0.94;0.06;0.37;0.38
1997;3;28;87;15.2;7.5;2.2;5.7;1.6;-2.6;1.9;-0.3;0.14;1.3;1.9;0.36;387;101;79;52;96542;1.21;0.93;0.37;0.38
1997;3;29;88;8.7;5.2;1.6;-2.9;-3.9;-4.5;2;-2.5;0.14;1.3;1.9;0.19;579;183;114;92;96847;1.44;0.12;0.37;0.38
1997;3;30;89;7.5;4;0.3;-3;-4.7;-6.9;0.2;-3.6;0.14;1.3;1.9;0.14;588;180;118;90;97485;1.46;0.44;0.37;0.38
1997;3;31;90;8.1;4.8;0.2;4.6;0.5;-5.6;-0.2;-1.5;0.14;1.4;1.9;0.09;349;81;87;40;97985;0.89;7.85;0.36;0.38
1997;4;1;91;11.2;7.7;4.5;5.3;4.2;3.2;-0.3;-1.6;0.14;1.4;1.9;0.02;195;63;62;30;97722;0.76;1.5;0.37;0.38
1997;4;2;92;17.1;10.2;2.4;6.2;4.1;1.5;-0.1;-1.7;0.14;1.4;1.9;0;574;177;113;77;97369;1.72;0.12;0.37;0.38
1997;4;3;93;17.4;10.8;2.8;7.7;5.2;1.6;0.6;-0.4;0.14;1.4;1.9;0;624;191;123;79;96791;1.8;0.81;0.37;0.38
1997;4;4;94;9.5;7.2;3.2;4.8;-2.8;-7.9;1.9;-3.5;0.14;1.4;1.9;0;600;180;128;83;96855;1.79;0.1;0.37;0.38
1997;4;5;95;10.1;5.4;1.2;2.1;-2.8;-7.3;1.1;-0.5;0.14;1.4;1.9;0;421;114;88;61;97158;1.38;2.27;0.36;0.38
1997;4;6;96;10.7;5.7;1.9;4.2;-2.3;-6.3;1.8;-2.9;0.14;1.5;1.9;0;654;200;126;88;96891;1.91;0.29;0.36;0.38
1997;4;7;97;5.3;2.4;-0.7;-5.4;-10.2;-13.6;0.5;-4.5;0.14;1.5;1.9;0;593;175;112;94;98423;1.55;0;0.36;0.38
1997;4;8;98;8;2.9;-2.5;-3.8;-7;-8.8;-0.2;-1;0.15;1.5;1.9;0;636;218;148;102;98868;1.55;0;0.36;0.38
1997;4;9;99;11.1;5.2;-1.2;0.3;-3.4;-7.3;-0.6;0.6;0.15;1.5;1.9;0;677;220;136;96;98861;1.64;0;0.36;0.38
1997;4;10;100;17.5;9.5;-1;3.5;0.7;-2.3;1.3;-0.4;0.15;1.5;1.9;0;650;198;126;81;98329;1.96;0;0.36;0.38
1997;4;11;101;20.5;11.9;4;4.4;1.6;-4.3;2.2;-1;0.15;1.6;1.9;0;671;198;136;77;96998;2.84;1.51;0.35;0.38
1997;4;12;102;9.6;5.3;1.5;-4.2;-6.3;-7.6;1.9;-2.7;0.15;1.6;1.9;0;506;170;105;87;97386;1.78;0.2;0.35;0.38
1997;4;13;103;6.6;2.4;-2;-2.1;-4.9;-8;-1.3;-1.2;0.15;1.6;1.9;0.27;488;178;111;81;97977;1.58;0.94;0.35;0.38
1997;4;14;104;13;6;-2.6;1.7;-2.7;-6.7;0.8;0.6;0.15;1.6;1.9;0.22;673;195;122;78;97652;1.68;0;0.35;0.38
1997;4;15;105;8.7;5.1;0.6;3.8;-2.6;-6.9;1;-2.3;0.15;1.6;1.9;0.14;619;170;129;70;97135;1.95;1.78;0.35;0.38
1997;4;16;106;5.4;1.4;-2;-3.4;-5.7;-7.4;1;-2.1;0.15;1.7;1.9;0.36;629;179;117;80;97394;1.65;1.89;0.35;0.38
1997;4;17;107;9.8;4;-2.7;-4.3;-5.9;-7.7;1.7;-2;0.16;1.7;1.9;0.98;535;179;99;68;97374;1.82;0.83;0.35;0.38
1997;4;18;108;14.9;8.7;1.4;4;-0.7;-4.9;0.9;-0.5;0.16;1.7;1.9;0.6;699;200;133;84;97254;2.02;0;0.34;0.38
1997;4;19;109;15.9;8.6;1.1;6.3;2.5;-0.7;0.2;-0.4;0.16;1.8;1.9;0.23;606;185;120;73;96589;2.18;2.32;0.34;0.38
1997;4;20;110;4.9;2.7;1.5;2.9;0.6;-3.1;-1.2;-2;0.16;1.8;1.9;0.94;192;52;34;18;96704;1.76;8.35;0.34;0.38
1997;4;21;111;7.7;4;0.7;-3.3;-5;-6.8;-1.5;-2.7;0.18;1.8;1.9;2.26;541;160;83;49;96861;1.91;1.34;0.35;0.38
1997;4;22;112;7.8;4.6;0.8;-2.4;-4.6;-6.8;-0.3;-3.7;0.19;1.8;1.9;3.59;475;136;73;45;96374;2.01;2.58;0.34;0.38
1997;4;23;113;10.5;6.6;2.7;-0.9;-3.2;-5;-0.6;-2.9;0.18;1.9;1.9;2.56;477;156;112;69;97391;1.89;0.01;0.34;0.38
1997;4;24;114;12.9;6.7;-1;0;-1.6;-4;-0.1;0.7;0.17;1.9;1.9;1.34;713;242;146;103;98069;2.3;0;0.34;0.38
1997;4;25;115;17.2;9.9;0.5;5.2;2.3;-1.7;0.2;1.6;0.16;1.9;1.9;0.52;662;216;122;87;97675;2.35;0;0.34;0.38
1997;4;26;116;15.6;10;4.1;8.9;5.8;2.6;-0.1;-0.1;0.16;2;1.9;0.18;339;119;78;55;97282;1.36;2.41;0.34;0.38
1997;4;27;117;13.9;9;3.9;9.7;7;3.7;0;1.5;0.16;2;1.9;0.03;346;102;51;29;97113;1.52;2.91;0.34;0.38
1997;4;28;118;14.2;10.3;7;8.4;7.2;6.3;0.4;0.5;0.16;2;1.9;0;277;94;87;42;97288;1.22;3.31;0.34;0.38
1997;4;29;119;13.9;9.7;5.7;9.1;7.2;5;0.2;0.1;0.16;2.1;1.9;0;347;106;82;49;96804;1.35;4.83;0.35;0.38
1997;4;30;120;16.6;11;5.8;7.2;5.6;4.1;0.5;-1.9;0.16;2.1;1.9;0;597;179;106;65;97301;2.51;2.48;0.35;0.38
1997;5;1;121;15.6;11.7;7.7;6;4.9;4.3;-0.4;-3;0.16;2.1;1.9;0;489;158;88;64;98158;2.23;0.36;0.35;0.38
1997;5;2;122;19.2;12.7;5.3;8;5.6;3.9;0.2;-0.7;0.16;2.1;1.9;0;693;216;128;83;98316;2.77;0;0.34;0.38
1997;5;3;123;24.7;16.1;5.9;12;8;4.6;1;0.5;0.16;2.2;1.9;0;718;249;142;95;97449;3.42;0;0.34;0.38
1997;5;4;124;24.1;17;8.6;12.4;9.5;7.4;1;0.7;0.16;2.2;1.9;0;588;187;102;76;96863;2.81;0.14;0.34;0.38
1997;5;5;125;21;15.7;9;9.3;7.8;6.6;2.8;2.8;0.17;2.2;1.9;0;681;245;121;87;96247;3.38;0;0.33;0.38
1997;5;6;126;19.8;15.9;11;10.2;8.6;7.6;2.3;4.1;0.17;2.3;1.9;0;505;188;90;72;95672;2.81;0.09;0.33;0.38
1997;5;7;127;16.8;13.4;9.6;8.3;6.3;3.9;0.6;2.1;0.17;2.3;1.9;0;542;180;102;77;95989;2.67;1.38;0.33;0.38
1997;5;8;128;13.2;9.8;7.3;10.2;7.1;2.6;0.4;-0.5;0.17;2.3;1.9;0;403;89;75;46;95924;1.61;11.08;0.33;0.38
1997;5;9;129;16.4;11.7;6.9;5.5;4;2.2;1.8;2.2;0.17;2.4;1.9;0;647;216;117;79;96794;3.05;0.35;0.34;0.38
1997;5;10;130;17.9;13;8;9.4;7.7;5.7;0.9;1.4;0.17;2.4;1.9;0;530;197;111;80;97565;2.72;1.09;0.33;0.38
1997;5;11;131;21.1;14.9;6.7;9.2;7.2;5.7;0.4;2.5;0.17;2.4;1.9;0;672;243;129;94;97799;3.48;0;0.33;0.38
1997;5;12;132;24.6;18;9.7;12;9.1;5.7;0.9;1.6;0.17;2.5;1.9;0;711;248;127;90;97858;3.76;0;0.33;0.38
1997;5;13;133;27.4;20.3;12.4;13.5;11;9;-0.1;1.6;0.17;2.5;1.9;0;712;244;130;90;97937;3.83;0.02;0.32;0.38
1997;5;14;134;27;20.8;15;13.8;11.6;9.6;-1.2;0.6;0.17;2.5;1.9;0;708;248;129;91;97916;3.78;0;0.32;0.37
1997;5;15;135;26.3;20.8;14;13.6;10.2;7.5;-1.1;0.3;0.17;2.5;1.9;0;734;259;142;98;97775;3.86;0;0.32;0.37
1997;5;16;136;25.8;19.8;12.3;13.7;10.8;8.6;-0.8;-0.4;0.17;2.6;1.9;0;668;242;123;87;97563;3.63;0.3;0.31;0.37
1997;5;17;137;25.5;19.9;12.2;14.2;12.5;10.7;-0.2;-0.2;0.17;2.6;1.9;0;630;214;106;76;97339;3.23;0.09;0.31;0.37
1997;5;18;138;27.5;20.5;13.3;14.6;12.8;10.2;0.8;1;0.17;2.6;1.9;0;686;233;115;80;96943;3.58;0.19;0.31;0.37
1997;5;19;139;23.9;19.5;14.2;13.7;12.1;10.5;0.9;0.6;0.17;2.6;1.9;0;501;178;95;72;96889;2.85;0.45;0.3;0.37
1997;5;20;140;25.9;20;12.7;13.1;10.3;8;2.3;1.7;0.17;2.7;1.9;0;641;236;124;88;96537;3.63;0.03;0.3;0.37
1997;5;21;141;22.8;18.6;15.3;12.2;8.9;6.1;0.4;0.4;0.17;2.7;1.9;0;627;195;106;72;96643;3.15;1.7;0.3;0.37
1997;5;22;142;18.6;13.9;10.4;11.9;8.6;5.6;1.1;-1.6;0.17;2.7;1.9;0;458;112;103;54;96782;2.85;18.91;0.31;0.37
1997;5;23;143;19.7;14.6;9.3;12.9;9.4;4.9;0.2;0.3;0.17;2.7;1.9;0;621;196;106;73;97396;2.76;5.16;0.31;0.37
1997;5;24;144;17.8;13.2;10.2;11.7;10.3;9.3;-0.9;-1;0.17;2.7;1.9;0;434;120;67;35;97755;2.36;8.83;0.31;0.37
1997;5;25;145;15.8;12.1;8.7;8.7;4.1;1.9;-1.3;-1.4;0.17;2.8;1.9;0;610;231;135;89;98396;3.59;0.02;0.32;0.37
1997;5;26;146;15.8;11.8;7.6;7.8;5.7;2.4;-0.6;0.9;0.17;2.8;1.9;0;474;160;91;62;97947;2.41;1.44;0.32;0.37
1997;5;27;147;18.7;13.8;9.3;8.9;7;4.6;0.5;0;0.17;2.8;1.9;0;537;163;96;62;97329;2.65;0.43;0.32;0.37
1997;5;28;148;14.1;11.3;8.4;8.7;4.8;1.8;0.8;-2.4;0.17;2.8;1.9;0;653;195;110;72;97564;3.25;4.35;0.32;0.37
1997;5;29;149;16.9;12.2;7.1;5.1;2.5;0.8;0.5;-1.5;0.17;2.9;1.9;0;481;196;105;83;98059;3.19;0.01;0.31;0.37
1997;5;30;150;15.8;12;7.9;6.6;3.9;2.5;0.8;-2.5;0.17;2.9;1.9;0;599;196;102;75;97802;3.02;0.34;0.31;0.37
1997;5;31;151;14.8;10.5;6.2;3.9;1.4;-2.1;-0.4;-2.6;0.17;2.9;1.9;0;665;232;119;88;97875;3.24;0.07;0.31;0.37
1997;6;1;152;16.4;11.8;5.6;7.7;4.6;2.3;-0.2;1.1;0.17;2.9;1.9;0;483;173;95;59;97566;2.38;0.11;0.31;0.37
1997;6;2;153;14.4;12.2;9.9;11.9;10;7.8;-0.6;0.8;0.17;2.9;1.9;0;269;85;67;32;97296;1.71;8.08;0.31;0.37
1997;6;3;154;19.9;14.3;7;11.6;10.1;7;0;-0.5;0.17;3;1.9;0;534;183;92;54;97247;2.85;3.31;0.31;0.37
1997;6;4;155;19.5;15.8;11;11.5;9.8;8.3;-0.5;-0.7;0.17;3;1.9;0;560;188;93;61;97560;3.08;0.85;0.31;0.37
1997;6;5;156;20.6;17;12.4;13.5;11.3;8.9;-0.9;1.4;0.17;3;1.9;0;455;158;86;50;97300;2.63;0.77;0.31;0.37
1997;6;6;157;20.6;16.8;13.5;15.6;14.1;12.8;-1.1;-0.3;0.17;3;1.9;0;423;143;63;42;97014;2.34;7.02;0.31;0.37
1997;6;7;158;21.2;17.6;13.6;14.2;12.6;10.6;-0.5;-1;0.17;3;1.9;0;569;200;96;60;97410;3.45;1.08;0.31;0.37
1997;6;8;159;21.8;18.2;13.3;15.6;12.9;10.4;-0.3;0.9;0.17;3.1;1.9;0;484;141;92;51;97577;2.24;0.19;0.31;0.37
1997;6;9;160;24.1;18.8;11.5;16;13.6;11.3;0.2;-0.5;0.17;3.1;1.9;0;570;202;93;64;98026;3.32;0.95;0.31;0.37
1997;6;10;161;24.3;19.1;12.1;15.9;14;11.5;0;-0.5;0.17;3.1;1.9;0;540;196;90;65;97864;3.27;1.04;0.3;0.37
1997;6;11;162;26;20.4;13.6;16.5;15.1;13.2;0;0.9;0.17;3.1;1.9;0;563;215;93;63;97290;3.72;0.74;0.3;0.37
1997;6;12;163;25.7;20.6;14.9;18.3;16.9;14.3;0.4;-0.4;0.17;3.2;1.9;0;599;193;94;58;96876;3.23;3.32;0.3;0.37
1997;6;13;164;23.2;19.5;15.4;18.5;16.7;15.2;0.2;0;0.17;3.2;1.9;0;536;150;74;44;96703;2.89;12.9;0.31;0.37
1997;6;14;165;26.4;20.4;13.7;18.9;16.4;13.4;0.4;0;0.17;3.2;1.9;0;662;197;93;53;96705;3.55;9.82;0.31;0.37
1997;6;15;166;24.9;20;14.9;15.7;12;8.8;0.4;-0.5;0.17;3.2;1.9;0;640;221;106;74;97361;4.32;0.09;0.32;0.36
1997;6;16;167;24.4;20.2;17;15.1;14.2;12.5;-0.7;0;0.17;3.2;1.9;0;517;166;84;51;97560;3.16;0.23;0.31;0.36
1997;6;17;168;25.1;18.9;14.4;16.5;15.1;13;-0.1;-0.4;0.17;3.2;1.9;0;568;182;87;53;97232;3.39;16.07;0.31;0.36
1997;6;18;169;17.7;15.3;10.8;13.5;12.6;10.7;0.2;-0.2;0.17;3.3;1.9;0;226;74;77;38;97395;1.69;7.39;0.33;0.36
1997;6;19;170;20.2;15.4;9.5;14.5;12;9.2;-0.5;0.6;0.17;3.3;1.9;0;449;141;61;32;96986;2.66;16.79;0.33;0.36
1997;6;20;171;23;18.2;15.1;14.4;11.3;8;0.7;-0.6;0.17;3.3;1.9;0;653;165;107;49;96319;3.45;1.59;0.34;0.36
1997;6;21;172;23.9;19;13.3;14.1;12.5;9.5;0.6;1.9;0.17;3.3;1.9;0;514;198;86;70;96669;3.62;0.31;0.34;0.36
1997;6;22;173;26.3;21.3;15.6;15.7;14;12.2;0.7;2.8;0.17;3.3;1.9;0;590;221;91;72;96368;4.51;0.62;0.33;0.36
1997;6;23;174;20.2;15.9;12.4;11.9;9.7;8.2;0;-0.5;0.17;3.3;1.9;0;679;174;97;56;96634;3.78;8.65;0.34;0.36
1997;6;24;175;20.1;15.4;11.2;13.2;11.2;8.5;0.6;-0.2;0.17;3.3;1.9;0;561;190;101;71;97016;3.13;9.33;0.34;0.36
1997;6;25;176;19.5;15.7;10.8;11.1;9.6;8.3;-0.3;0.1;0.17;3.4;1.9;0;544;204;101;75;97004;3.59;0.24;0.34;0.36
1997;6;26;177;21.8;17;11.2;12.6;10.9;8.9;-0.1;2.3;0.17;3.4;1.9;0;563;197;90;69;96366;3.52;0.09;0.34;0.36
1997;6;27;178;24.9;19.9;14.8;16.8;13.8;11.1;0.3;2.9;0.17;3.4;1.9;0;589;214;95;66;96340;4.09;0.2;0.33;0.36
1997;6;28;179;28.7;22.5;14.7;17.4;15.2;13.2;0.3;1.5;0.17;3.4;1.9;0;717;262;113;79;96845;4.84;0;0.33;0.36
1997;6;29;180;30;23.5;16.2;18.9;17.1;14.5;-1.2;0.3;0.17;3.4;1.9;0;717;257;112;74;96573;4.89;0.55;0.33;0.36
1997;6;30;181;25.3;21.2;16.4;17.5;12.4;8.9;1.6;2.6;0.17;3.4;1.9;0;741;249;128;84;96258;4.96;0;0.32;0.36
1997;7;1;182;21.2;17.6;13.6;13.1;10.9;9.2;1;0.6;0.17;3.4;1.9;0;565;182;108;72;96963;3.37;0.72;0.32;0.36
1997;7;2;183;24.1;18.6;11;13.6;11.6;9.9;0.4;1.4;0.17;3.5;1.9;0;584;221;105;80;97452;3.94;0.14;0.31;0.36
1997;7;3;184;26;20.5;14.8;14;12.4;9.9;1.9;2.1;0.17;3.5;1.9;0;688;225;100;79;97295;4.28;0;0.31;0.36
1997;7;4;185;28.2;21.5;13.6;16.8;14.1;12.6;0.9;1.1;0.17;3.5;1.9;0;625;242;110;82;97444;4.43;0.31;0.31;0.36
1997;7;5;186;22.4;18.3;14.8;17.2;15.1;13.3;0.1;0.5;0.17;3.5;1.9;0;392;101;97;49;97183;2.13;14;0.32;0.36
1997;7;6;187;18.9;15.5;12.8;12.9;10.5;7.2;2.3;-1.7;0.17;3.5;1.9;0;313;92;76;46;97178;2.93;15.76;0.33;0.36
1997;7;7;188;18.3;15.1;13.3;11.2;8.3;5.6;3.7;-2.3;0.17;3.5;1.9;0;481;134;86;49;97144;4.3;9.62;0.33;0.36
1997;7;8;189;21;17.8;14.4;13.3;11.3;9.6;2.9;-3.2;0.17;3.5;1.9;0;460;148;82;47;97102;4.81;5.2;0.33;0.36
1997;7;9;190;24.1;19.7;14.3;14.6;11.3;9.4;1.1;-1.6;0.17;3.6;1.9;0;667;233;108;83;97239;4.56;0.04;0.33;0.36
1997;7;10;191;24.3;18.7;12.2;17;14.5;11.3;0.2;0;0.17;3.6;1.9;0;632;211;102;69;97189;3.6;9.47;0.33;0.36
1997;7;11;192;19.4;16.5;12.7;15.9;14.8;12.6;0.2;-0.8;0.17;3.6;1.9;0;300;108;56;34;97182;2.25;14.91;0.34;0.36
1997;7;12;193;22.9;18.6;13.3;16;14.2;12.3;0.5;-0.6;0.17;3.6;1.9;0;637;223;98;71;97341;4.02;2.87;0.35;0.36
1997;7;13;194;23.8;18.2;12.1;16.5;14.3;11.5;0.3;-0.4;0.17;3.6;1.9;0;605;195;97;66;97502;3.54;2.01;0.34;0.36
1997;7;14;195;22.9;18.3;12.9;16.5;14.9;12.8;-0.4;-0.2;0.17;3.6;1.9;0;538;182;85;53;97727;3.26;3.14;0.34;0.36
1997;7;15;196;20.7;17.5;15.3;15.3;13.7;11.8;1;-1.1;0.17;3.6;1.9;0;423;123;78;40;97659;2.84;13.03;0.35;0.36
1997;7;16;197;22.3;18.6;13.5;16.2;13.5;11.5;0.4;-0.4;0.17;3.6;1.9;0;556;191;94;64;97672;3.41;0.84;0.35;0.36
1997;7;17;198;25.1;20.3;15;17.9;15.6;13.4;0;1;0.17;3.6;1.9;0;571;187;88;56;97037;3.55;1.24;0.35;0.36
1997;7;18;199;20.5;17.8;15.9;16.6;15;12.4;0.9;0.4;0.17;3.6;1.9;0;223;68;72;37;96346;1.62;8.3;0.35;0.36
1997;7;19;200;20.3;16.8;14.6;13;11.3;8.7;2.5;0.2;0.17;3.6;1.9;0;460;116;81;49;96680;3.27;7.31;0.36;0.36
1997;7;20;201;21.9;17.6;12.9;13.2;10.1;8.8;1.9;-0.7;0.17;3.6;1.9;0;581;202;95;77;97242;3.97;0.01;0.36;0.36
1997;7;21;202;22.6;17.4;10.2;13;10.3;8.1;1.2;-0.3;0.17;3.6;1.9;0;598;209;101;71;97276;3.97;1.45;0.35;0.36
1997;7;22;203;23.9;19.2;13.7;17;14.1;11.8;0.8;-0.3;0.17;3.6;1.9;0;631;197;87;61;97551;3.75;0.27;0.35;0.36
1997;7;23;204;25.8;20.3;13;18.5;16.2;12.5;0.2;0;0.17;3.6;1.9;0;590;207;94;64;97678;3.64;7.57;0.35;0.36
1997;7;24;205;25.2;20.1;14.5;18.6;16.5;14.4;0.2;0.4;0.17;3.6;1.9;0;617;185;95;53;97342;3.54;9.16;0.35;0.36
1997;7;25;206;24.2;19.4;16;17.5;16.3;14.5;0.5;-0.7;0.17;3.6;1.9;0;580;160;87;48;96808;3.29;5.84;0.36;0.36
1997;7;26;207;21.6;18.1;14.1;13.2;9.9;8.4;2.3;-2.1;0.17;3.6;1.9;0;681;239;109;85;97161;4.84;0;0.36;0.36
1997;7;27;208;25.5;19.9;13.9;16.2;11.3;9.3;1.1;-0.7;0.17;3.6;1.9;0;584;215;110;80;97622;4.29;0;0.35;0.35
1997;7;28;209;25.2;20.2;14.2;17.6;15.5;12.5;0.1;-0.6;0.17;3.6;1.9;0;564;169;85;54;97893;3.14;1.6;0.35;0.35
1997;7;29;210;20;17.8;14.4;17.3;16.2;14.4;-0.1;-0.8;0.17;3.6;1.9;0;333;87;51;34;97944;1.83;10.24;0.35;0.35
1997;7;30;211;23.9;19.1;13.4;16.2;14.4;13.2;0;-0.3;0.17;3.6;1.9;0;628;204;102;62;97750;3.84;0.23;0.36;0.35
1997;7;31;212;25.6;20.4;13;17.3;14.8;12.3;0.2;0;0.17;3.6;1.9;0;574;198;99;65;97280;3.84;8.45;0.35;0.35
1997;8;1;213;17.8;15;12.1;14.7;11;8.9;0.5;-0.9;0.17;3.6;1.9;0;490;114;78;46;97093;2.85;18.93;0.37;0.35
1997;8;2;214;21;16.4;10.5;11.3;9.4;7.7;1.2;-2.1;0.17;3.6;1.9;0;586;208;99;77;97345;3.93;0.08;0.37;0.35
1997;8;3;215;22.5;18.1;12.5;15.5;12.6;9.5;0.2;-1;0.17;3.6;1.9;0;474;162;78;60;97596;3.07;0.04;0.37;0.35
1997;8;4;216;24.6;19.5;11.9;17.3;14.4;11.5;-0.1;-0.1;0.17;3.6;1.9;0;582;205;99;71;97673;3.55;0.03;0.36;0.35
1997;8;5;217;25.6;20.3;14.6;19.2;17;13.6;0.3;-0.2;0.17;3.6;1.9;0;555;168;85;52;97536;2.95;8.12;0.36;0.35
1997;8;6;218;20.1;18.1;15.5;17.6;16.7;14.8;0.3;-0.8;0.17;3.6;1.9;0;196;61;48;25;97355;1.4;20.32;0.38;0.35
1997;8;7;219;23.8;19.1;12.9;16.4;14.3;12.6;-0.4;-0.7;0.17;3.5;1.9;0;609;201;102;66;97425;3.73;0.23;0.38;0.35
1997;8;8;220;23.7;19.2;14.5;17.2;15.6;13.5;0.4;-0.5;0.17;3.5;1.9;0;500;143;78;54;97602;2.54;1.51;0.38;0.35
1997;8;9;221;22.1;18.3;14.7;16.2;15.1;12.9;0.9;-1.1;0.17;3.5;1.9;0;472;157;82;52;97692;3.3;5.54;0.38;0.35
1997;8;10;222;22;17.8;12.9;16.5;14.5;11.7;0;-1.4;0.17;3.5;1.9;0;524;164;79;61;97892;2.95;1.91;0.38;0.35
1997;8;11;223;23.4;18.7;12.8;15.8;13.7;12.1;0.1;-1;0.17;3.5;1.9;0;517;187;93;71;98044;3.44;0.08;0.38;0.35
1997;8;12;224;23.7;19.2;12.9;15.5;13.5;11.3;0.2;-1.2;0.17;3.5;1.9;0;553;192;95;73;98122;3.5;0.17;0.37;0.35
1997;8;13;225;25.5;20;13.1;15.8;13.3;11.5;0.6;-1;0.17;3.5;1.9;0;624;206;105;78;98030;3.79;0;0.37;0.35
1997;8;14;226;25.4;20.4;13.5;18.2;14.8;11.8;0.9;-0.4;0.17;3.5;1.9;0;496;170;87;65;97904;3.06;0.09;0.37;0.35
1997;8;15;227;27.4;21;15.5;18.2;15.7;13.1;1;-0.5;0.17;3.5;1.9;0;617;173;103;65;97671;3.24;0.27;0.36;0.35
1997;8;16;228;24.8;19.6;14.1;16.7;15.6;13.8;0.3;-0.8;0.17;3.5;1.9;0;586;184;97;65;97709;3.36;1.19;0.36;0.35
1997;8;17;229;24.6;19.7;13.4;16.9;15.6;13.3;-0.2;-0.1;0.17;3.5;1.9;0;558;175;87;57;97738;3.15;0.42;0.36;0.35
1997;8;18;230;21.3;18.1;15.9;17.6;16.6;15.3;0.1;-0.8;0.16;3.4;1.9;0;311;88;50;32;97716;1.8;22.26;0.37;0.35
1997;8;19;231;22.5;18.7;15.5;17.2;15.8;14.5;0.8;-1;0.16;3.4;1.9;0;407;125;83;48;97747;2.39;3.99;0.38;0.35
1997;8;20;232;20.6;17.7;14.6;17.6;15.8;13.5;0.2;-0.8;0.16;3.4;1.9;0;361;106;58;43;97856;2;8.19;0.38;0.35
1997;8;21;233;24.3;18.8;14;16.9;15.4;13.3;0.1;-0.6;0.16;3.4;1.9;0;595;184;95;61;98006;3.36;0.76;0.38;0.35
1997;8;22;234;24.8;19.8;13;16.9;14.2;12.4;0.1;0.2;0.16;3.4;1.9;0;598;194;102;74;98057;3.47;0.06;0.38;0.35
1997;8;23;235;25;19.7;12.9;16.8;14.6;12.3;0.1;0.5;0.16;3.3;1.9;0;591;187;103;73;97780;3.24;0.2;0.37;0.35
1997;8;24;236;25;19.8;13.1;16.7;14.5;12.9;0.2;0;0.16;3.3;1.9;0;600;191;106;69;97605;3.3;0.23;0.37;0.35
1997;8;25;237;24.9;20.1;13.6;17.2;14.9;12.5;0.2;0.5;0.16;3.3;1.9;0;608;182;102;68;97282;3.16;0.02;0.37;0.35
1997;8;26;238;24.9;20;13.9;18.4;16.6;13.2;0.4;-0.3;0.16;3.3;1.9;0;529;178;93;62;96912;2.8;0.39;0.36;0.35
1997;8;27;239;24.6;19.4;14.6;18.9;17.2;14.5;0.7;-0.1;0.16;3.2;1.9;0;508;149;86;54;96774;2.53;3.07;0.36;0.35
1997;8;28;240;27;20.7;13.7;17.1;15.6;13.4;1.8;1.9;0.16;3.2;1.9;0;490;166;86;58;96406;3.54;0;0.36;0.35
1997;8;29;241;19.1;15.2;12.6;16.4;11.3;7.9;1.2;-0.8;0.16;3.2;1.9;0;284;57;55;34;96843;2.34;17.93;0.37;0.35
1997;8;30;242;20.2;16.3;12.6;8.6;7.3;6;2.3;-1;0.16;3.2;1.9;0;524;181;113;77;97405;3.61;0;0.37;0.35
1997;8;31;243;23.8;18.3;12.4;15;11.9;7.6;1;-1.4;0.16;3.1;1.9;0;548;167;92;68;97638;3.07;0;0.37;0.35
1997;9;1;244;24.1;18.8;12.3;16.7;14;12.1;0.1;-0.5;0.16;3.1;1.9;0;563;184;105;71;97788;2.98;0;0.36;0.35
1997;9;2;245;25.4;19.8;12.8;16.5;14.8;12;0;0.3;0.16;3.1;1.9;0;571;182;101;70;97669;3.03;0;0.36;0.35
1997;9;3;246;24.5;20.2;14.3;18.1;15.9;13.6;-0.2;-0.4;0.16;3.1;1.9;0;472;148;82;56;97768;2.47;0.05;0.36;0.35
1997;9;4;247;25;20.6;15.3;18;16.1;14.5;-0.1;0.7;0.16;3.1;1.9;0;503;155;86;59;97813;2.65;0.11;0.36;0.35
1997;9;5;248;24.6;19.9;14.2;18.6;16.8;13.8;0.1;-0.3;0.16;3;1.9;0;545;159;85;58;97885;2.61;1.41;0.35;0.35
1997;9;6;249;26.9;20.6;14.8;18.5;17;14.6;0.4;0;0.16;3;1.9;0;596;179;100;58;97872;3.18;4.38;0.35;0.35
1997;9;7;250;22.3;19;15.6;17.9;16.9;15.4;-0.3;-0.5;0.16;3;1.9;0;392;117;59;39;98046;2.32;20.3;0.36;0.35
1997;9;8;251;21.1;17.7;13.6;15.7;13.4;12;0.7;0.6;0.16;3;1.9;0;439;126;97;59;98144;2.4;0.12;0.37;0.35
1997;9;9;252;24;17.9;11.3;16;13.5;10.6;0.1;-0.2;0.15;2.9;1.9;0;566;177;108;77;97381;2.77;0.16;0.37;0.35
1997;9;10;253;17.5;14.7;10.4;11.8;6.5;4.6;0.2;-2;0.15;2.9;1.9;0;434;150;111;80;97682;2.9;0;0.36;0.35
1997;9;11;254;19.5;14.4;9.7;10.3;8;5.4;0;1.4;0.15;2.9;1.9;0;599;185;120;85;97813;2.71;0;0.36;0.35
1997;9;12;255;25.5;17.9;9.5;16.5;13.2;7.9;0.6;1.4;0.15;2.9;1.9;0;597;182;112;80;97239;2.72;0;0.36;0.35
1997;9;13;256;24.6;19.4;14.7;16.9;15;12.8;0.9;0.9;0.15;2.9;1.9;0;506;144;81;58;97013;2.88;6.9;0.36;0.35
1997;9;14;257;14.3;12.2;8.7;12.1;9.2;7.3;0.5;-0.9;0.15;2.8;1.9;0;188;42;77;39;98090;1.35;7.61;0.37;0.35
1997;9;15;258;16.7;11.9;7;7.4;5.9;4.8;-0.3;-1.5;0.15;2.8;1.9;0;588;179;126;90;98534;2.57;0;0.37;0.35
1997;9;16;259;17.6;12.7;5.7;9.6;6.9;4.4;-0.1;0;0.15;2.8;1.9;0;571;180;129;92;98591;2.35;0;0.36;0.35
1997;9;17;260;19.2;13.8;8.4;11.9;9.5;6.3;0.1;0.7;0.15;2.7;1.9;0;584;175;126;84;98408;2.18;0;0.36;0.35
1997;9;18;261;20.4;14.1;8;12.8;10.5;7.2;0.3;0.5;0.15;2.7;1.9;0;585;167;122;78;98250;2.18;0;0.36;0.35
1997;9;19;262;21.7;15.2;7.8;14.2;11.6;7.4;0.3;-0.1;0.15;2.6;1.9;0;529;146;105;65;97902;2.02;0.22;0.36;0.35
1997;9;20;263;15.4;12.5;9.6;11.3;6.2;2.9;-1.4;-1.1;0.15;2.6;1.9;0;452;132;113;66;98345;2.31;0.91;0.35;0.35
1997;9;21;264;15;11.3;7.6;8;5.3;2.4;-0.6;-0.1;0.15;2.6;1.9;0;531;148;100;77;98403;1.84;0;0.35;0.35
1997;9;22;265;16.1;11.8;6.3;9.2;7;4.7;-0.1;-0.4;0.15;2.5;1.9;0;437;119;87;65;98329;1.48;0;0.35;0.35
1997;9;23;266;17.3;11.3;4.6;9.7;7.2;4.3;0.6;-0.1;0.15;2.5;1.9;0;563;157;122;79;98113;1.85;0;0.35;0.35
1997;9;24;267;18.6;11.9;5.4;10.1;7.3;4.6;-0.6;-1.1;0.15;2.4;1.9;0;495;135;92;69;98055;1.8;0.01;0.35;0.35
1997;9;25;268;16.7;11.7;5.8;8.8;6.6;4.3;-0.2;-1.3;0.15;2.4;1.9;0;405;116;87;64;98447;1.55;0;0.35;0.35
1997;9;26;269;18.1;12.5;7.7;10.2;7.5;6.1;0.4;-0.6;0.15;2.4;1.9;0;405;114;92;61;98132;1.57;0;0.34;0.35
1997;9;27;270;20.1;13;6.8;10.6;8.3;5.8;0.1;-0.2;0.15;2.3;1.9;0;501;142;104;75;97426;1.8;0;0.34;0.35
1997;9;28;271;16.6;12.6;9.3;9.3;8.4;6.9;-0.4;-0.1;0.15;2.3;1.9;0;400;106;82;52;97618;1.26;0;0.34;0.35
1997;9;29;272;18.1;12.9;8.5;10.1;8.8;7;0;0.2;0.15;2.2;1.9;0;406;123;113;65;97978;1.43;0;0.34;0.35
1997;9;30;273;19.9;14.1;8;14.2;10.7;7.2;1;-0.2;0.15;2.2;1.9;0;356;78;59;42;97823;0.89;0;0.34;0.35
1997;10;1;274;13.8;12.8;11.8;12.6;11.8;10.8;0;0.9;0.15;2.2;1.9;0;75;20;21;14;97440;0.42;9.02;0.34;0.35
1997;10;2;275;22.4;15.5;10.7;14.3;11.2;6.5;1.4;-0.1;0.14;2.1;1.9;0;438;111;94;55;96573;1.75;0.21;0.34;0.35
1997;10;3;276;14.5;11;7.5;5.7;3.5;0.4;0.5;-1.9;0.14;2.1;1.9;0;443;109;102;74;97454;1.54;0;0.34;0.35
1997;10;4;277;16.3;10.7;5.1;7.6;5.3;2.2;0.7;0.8;0.14;2;1.9;0;491;134;111;77;97895;1.47;0;0.34;0.35
1997;10;5;278;20.9;12.7;5.3;13.1;9.1;4.7;0.6;0.3;0.14;2;1.9;0;513;144;122;81;97543;1.51;0;0.34;0.35
1997;10;6;279;20.7;13.5;5.9;13.4;10.2;5.6;0.4;0.7;0.14;2;1.9;0;514;139;122;79;97276;1.45;0;0.34;0.35
1997;10;7;280;22.3;16.2;10.6;14.4;12.5;9.2;1.9;2;0.14;1.9;1.9;0;415;114;89;64;96928;1.35;0;0.34;0.35
1997;10;8;281;18.3;14.9;11.4;16.1;13.8;11.2;0.9;0.2;0.14;1.9;1.9;0;173;47;64;38;97430;0.54;3.22;0.34;0.35
1997;10;9;282;23;16.4;11.2;15.5;13.4;11.1;1.2;1;0.14;1.8;1.9;0;452;115;102;57;97346;1.42;0;0.34;0.35
1997;10;10;283;22.1;16.5;10.8;15.3;13.3;10.3;1.5;1.5;0.14;1.8;1.9;0;299;79;65;52;96640;1.12;1.45;0.34;0.35
1997;10;11;284;16.1;12.7;9.1;12.9;7.6;5.3;0.2;0.7;0.14;1.8;1.9;0;439;106;104;74;96391;1.55;0.53;0.34;0.35
1997;10;12;285;15.6;11.1;8.3;10.6;7.6;3.8;0;-0.8;0.14;1.7;1.9;0;391;75;81;52;95565;1.29;6.79;0.34;0.35
1997;10;13;286;12.8;9.1;5.3;5.2;1.7;-0.8;0.7;-0.9;0.14;1.7;1.9;0;440;112;107;85;96659;1.23;0;0.34;0.35
1997;10;14;287;10.7;6.6;2.6;2.5;0.4;-1.3;0.7;-1.4;0.14;1.6;1.9;0;326;85;94;71;96995;0.91;0.06;0.34;0.35
1997;10;15;288;11;6.6;2;1.9;-0.3;-1.8;0.8;-0.3;0.14;1.6;1.9;0;427;114;113;76;97093;1.04;0.21;0.34;0.35
1997;10;16;289;8.9;6.2;2.5;4.5;3;0.9;-0.6;-0.5;0.14;1.6;1.9;0;186;48;74;41;97330;0.52;0.72;0.34;0.35
1997;10;17;290;8.3;6.1;3.8;2.8;1.6;0.8;-0.8;0.8;0.14;1.6;1.9;0;203;49;61;36;98190;0.63;0.06;0.34;0.35
1997;10;18;291;10.9;6.8;3.5;5;3.1;0.6;-0.5;0.9;0.14;1.6;1.9;0;342;86;74;55;98640;0.65;0;0.34;0.35
1997;10;19;292;12.1;7;3.1;4.7;3.4;2.2;-0.2;1.1;0.14;1.5;1.9;0;405;107;108;73;98212;0.82;0.01;0.34;0.35
1997;10;20;293;13.9;7.4;2.2;6.2;4;1.4;-0.1;0.2;0.13;1.5;1.9;0;450;117;116;78;97299;0.86;0;0.34;0.35
1997;10;21;294;7.9;5.8;3.7;6.3;2.9;-2.7;-0.5;-1;0.13;1.5;1.9;0;87;18;41;18;97399;0.71;1.68;0.34;0.35
1997;10;22;295;7.9;4.7;2.4;2.3;0.1;-2.8;-0.3;0.5;0.13;1.5;1.9;0;293;69;81;51;97441;0.55;0;0.34;0.35
1997;10;23;296;10.8;4.7;-0.8;5;2.5;-1.3;0.2;0.5;0.13;1.5;1.9;0;443;104;121;76;97121;0.64;0;0.33;0.35
1997;10;24;297;9.6;4.1;-1;2.8;-0.5;-3.8;0.1;-1.4;0.13;1.5;1.9;0;355;83;94;66;97358;0.7;0;0.33;0.35
1997;10;25;298;9.7;3.4;-1.8;0.2;-3.1;-4.5;1.1;0.7;0.13;1.5;1.9;0;384;96;111;79;97950;0.69;0;0.33;0.35
1997;10;26;299;5.5;2.7;0.3;1.1;-0.8;-2.9;-0.6;0.1;0.13;1.4;1.9;0;310;66;64;36;98029;0.52;0.59;0.33;0.35
1997;10;27;300;1.8;0.2;-3.3;0.8;-2.8;-7.9;-0.6;-0.7;0.15;1.4;1.9;1.95;95;27;94;39;98304;0.53;5.31;0.33;0.35
1997;10;28;301;2.8;-0.9;-3.7;-5;-7;-8;-0.8;-1.8;0.17;1.4;1.9;3.17;281;72;95;68;99020;0.41;0.08;0.33;0.35
1997;10;29;302;3.1;-1;-3.5;-4.7;-6;-7.4;-0.3;-1;0.17;1.4;1.9;2.94;402;100;124;86;99423;0.33;0;0.33;0.35
1997;10;30;303;3.3;-0.7;-3.9;-3.9;-5.6;-6.7;-0.2;-1;0.16;1.4;1.9;2.61;352;89;109;74;99220;0.21;0;0.33;0.35
1997;10;31;304;5.7;1.2;-2.3;-2.1;-4.1;-5.7;-0.5;-1;0.16;1.4;1.9;2.24;383;90;100;66;98873;0.41;0;0.33;0.35
1997;11;1;305;6.4;2.3;-0.6;0.7;-1.7;-4;-0.5;0.3;0.15;1.4;1.9;1.79;371;92;98;64;98344;0.4;0;0.33;0.35
1997;11;2;306;8.6;3.8;-0.1;3;0.6;-1.4;0.1;0.3;0.14;1.4;1.9;1.28;379;92;101;65;97687;0.42;0;0.33;0.35
1997;11;3;307;9.9;3.5;-1.7;4.7;1.1;-2.4;-0.3;-0.4;0.13;1.3;1.9;0.85;385;94;109;67;97477;0.43;0;0.33;0.35
1997;11;4;308;4.9;1.6;-1.3;-0.3;-2.5;-4.1;-1.2;0.6;0.13;1.3;1.9;0.63;299;69;93;56;98015;0.42;0;0.33;0.35
1997;11;5;309;11.2;4.9;-0.7;5.3;1.8;-2.5;-0.3;1.8;0.13;1.3;1.9;0.45;361;88;96;61;97398;0.41;0;0.33;0.35
1997;11;6;310;17;12.3;6.6;11.7;9.4;5.2;0.5;3.6;0.12;1.3;1.9;0.13;235;53;60;33;96485;0.46;0.05;0.33;0.35
1997;11;7;311;18.6;14.8;12.3;13.3;11.9;10.3;0.1;3.4;0.12;1.3;1.9;0;271;63;73;50;96294;0.59;0.99;0.33;0.35
1997;11;8;312;14.9;12.7;7.2;12.9;10.8;6.4;0.3;2.6;0.12;1.3;1.9;0;135;30;76;38;96117;0.92;4.7;0.33;0.35
1997;11;9;313;13;9.5;5.2;8.8;7.2;5;0.6;1.8;0.12;1.3;1.9;0;243;46;66;39;96526;0.57;1.85;0.34;0.35
1997;11;10;314;13;9.3;5.1;9.1;7.3;4.1;0.4;0.7;0.12;1.2;1.9;0;291;66;91;56;96647;0.53;0.59;0.34;0.35
1997;11;11;315;13.8;8.1;3.5;7;5.1;2.8;0.9;2;0.12;1.2;1.9;0;346;75;112;69;96593;0.53;0;0.34;0.35
1997;11;12;316;14.1;10.4;5.9;10.2;8.2;5.2;-0.5;2.6;0.12;1.2;1.9;0;224;52;64;45;96401;0.49;0.96;0.34;0.35
1997;11;13;317;10.9;7.6;5.4;9.4;6.1;3;0.3;-1.6;0.11;1.2;1.9;0;43;9;37;18;96207;1.09;22.67;0.35;0.35
1997;11;14;318;9.4;6.5;4.2;3.6;1.7;-0.3;1.9;-1.5;0.11;1.2;1.9;0;213;43;70;42;96689;1.13;6.46;0.36;0.35
1997;11;15;319;9.7;4.8;1.2;1.6;-0.6;-1.6;0.7;-0.4;0.11;1.2;1.9;0;307;69;106;71;97686;0.47;0.08;0.36;0.35
1997;11;16;320;3.3;2;0.7;2.3;1.1;-1.3;0.1;-0.1;0.12;1.2;1.9;0.58;121;21;46;21;97522;0.27;7.95;0.37;0.35
1997;11;17;321;6.4;2.8;-1.6;2;0.7;-1.9;0.2;-0.9;0.13;1.2;1.9;0.79;146;32;68;35;97682;0.37;0.36;0.37;0.35
1997;11;18;322;4.1;1.5;-1.6;1.4;-2.1;-6.4;-0.9;-1.4;0.12;1.2;1.9;0.76;129;27;67;41;97165;0.61;1.38;0.37;0.35
1997;11;19;323;0.8;-1.2;-3;-5.2;-6.6;-7.6;-0.5;-0.3;0.13;1.2;1.9;1.01;253;58;85;62;97191;0.35;0.02;0.37;0.35
1997;11;20;324;1.2;-1.7;-3.1;-4.3;-5.5;-6.1;-0.5;1.3;0.13;1.2;1.9;1.01;251;58;109;71;96913;0.2;0.02;0.37;0.35
1997;11;21;325;4.2;0.1;-2.8;-2.1;-3.8;-5.5;-0.1;0.6;0.12;1.2;1.9;0.92;266;51;80;51;96995;0.12;0;0.37;0.35
1997;11;22;326;5.4;0.8;-2.3;1.4;-0.8;-2.6;-0.2;-0.4;0.12;1.2;1.9;0.78;301;66;106;55;97306;0.16;0;0.37;0.35
1997;11;23;327;1.8;0.5;-0.6;1;0.1;-0.9;-0.1;-1.2;0.16;1.2;1.9;3.54;71;14;25;12;97751;0.09;14.64;0.37;0.35
1997;11;24;328;2.6;1;0.1;0.7;0.3;-0.1;0;0.2;0.33;1.2;1.9;14.53;123;25;52;18;97766;0.02;6.39;0.37;0.35
1997;11;25;329;3.3;1.5;0;2.1;1.1;-0.2;-0.6;0.8;0.31;1.2;1.9;13.16;75;15;25;11;97315;-0.01;0.14;0.37;0.35
1997;11;26;330;8;3.1;0.8;5.2;2.4;0.6;-0.2;-0.1;0.27;1.2;1.9;10.44;204;44;76;30;97157;0.07;0.14;0.38;0.35
1997;11;27;331;5;3.3;1.8;3.7;2.9;1.7;-0.2;-0.2;0.22;1.2;1.9;7.55;125;24;26;8;97622;0.1;0.43;0.38;0.35
1997;11;28;332;8;4.5;0.9;5;3.6;0.7;-0.1;0;0.18;1.2;1.9;5.16;159;34;57;28;97455;0.15;0.01;0.38;0.35
1997;11;29;333;6.7;3.2;-0.4;4;2;-0.7;0;-0.2;0.16;1.2;1.9;3.65;156;34;45;21;97055;0.15;2.55;0.38;0.35
1997;11;30;334;6.1;5;3.6;5.6;4.4;3.3;-0.4;-1.4;0.14;1.2;1.9;2.45;44;8;7;2;96572;0.12;9.73;0.39;0.35
1997;12;1;335;5.8;4.7;4;4;3.3;2.7;0.4;-2;0.12;1.2;1.9;1.27;48;9;13;10;96562;0.6;16.5;0.4;0.35
1997;12;2;336;6.5;4.8;3.2;4.6;3.6;2.4;-0.3;0.1;0.12;1.2;1.9;0.79;113;21;34;13;96133;0.25;1.59;0.41;0.35
1997;12;3;337;5.5;4.4;2.3;4.8;3.6;-0.2;-1.2;-2.2;0.11;1.2;1.9;0.56;49;9;18;10;95524;0.8;16.16;0.41;0.35
1997;12;4;338;5.9;2.7;-0.8;-0.7;-3.7;-5;1.5;-2.1;0.12;1.2;1.9;1.14;277;59;115;71;96661;0.81;0.39;0.42;0.36
1997;12;5;339;4;0.3;-2.3;-3.4;-5;-6.1;0.4;-0.8;0.12;1.2;1.9;1.03;250;50;94;68;97698;0.22;0;0.41;0.36
1997;12;6;340;3.4;0.1;-2.5;-2.2;-4.4;-5.8;0.2;-0.4;0.12;1.2;1.9;0.96;261;54;99;60;98046;0.1;0;0.41;0.36
1997;12;7;341;3;0.1;-2.4;-1;-2.7;-4.4;0.4;0.7;0.12;1.2;1.9;0.97;258;47;84;41;97844;0.08;0.38;0.4;0.36
1997;12;8;342;4.8;1;-2;-1;-2;-3.2;-0.2;1.3;0.12;1.2;1.9;1.1;270;57;97;50;97460;0.21;0;0.4;0.36
1997;12;9;343;2.9;1.4;0.2;1.5;0;-2;-0.3;0.8;0.12;1.2;1.9;0.99;89;18;18;10;97439;0.2;6.36;0.4;0.36
1997;12;10;344;7.6;2.6;-0.8;4.6;1.6;-1.2;0.1;1.1;0.11;1.2;1.9;0.79;257;53;95;50;97539;0.22;0.12;0.4;0.36
1997;12;11;345;7.2;3.6;0.1;3.4;1.6;-0.9;1.4;1;0.11;1.2;1.9;0.58;184;32;61;38;96980;0.14;0.07;0.4;0.37
1997;12;12;346;7.8;3.7;-0.9;5.7;2.4;-1.9;1.8;0.4;0.11;1.2;1.9;0.45;126;22;85;41;96480;0.12;11.21;0.41;0.37
1997;12;13;347;7.7;2.7;-1;2.8;-1;-2.9;1.8;-1.2;0.11;1.2;1.9;0.34;251;47;87;61;97317;0.41;0.66;0.41;0.37
1997;12;14;348;6.1;2.2;-0.7;-1.1;-3;-4.6;1.1;-0.4;0.11;1.2;1.9;0.27;254;51;91;63;97760;0.3;0.05;0.4;0.37
1997;12;15;349;1.2;-1.1;-3.5;-1.9;-5.7;-10.3;-1.3;-2.1;0.11;1.2;1.9;0.46;185;36;68;37;97921;0.27;0.85;0.4;0.37
1997;12;16;350;-3;-3.7;-4.7;-6.1;-7.9;-10.1;-1.4;-1.5;0.16;1.2;1.9;3.65;87;17;34;22;98691;0.15;4.93;0.4;0.37
1997;12;17;351;-4.9;-6.6;-7.9;-6.8;-10.4;-12.2;-1.4;1;0.2;1.2;1.9;6.26;110;24;54;27;98840;0.16;0.79;0.4;0.37
1997;12;18;352;-3.2;-5.4;-7.2;-5.5;-8.7;-10.6;-1;1;0.2;1.2;1.9;6.61;68;13;18;4;98116;0.12;0.11;0.39;0.37
1997;12;19;353;5.3;1.2;-2.7;2.9;-0.2;-5;0.1;1.4;0.19;1.2;1.9;6.1;120;25;36;13;97061;0.04;0.73;0.39;0.37
1997;12;20;354;2.1;1;-0.2;1.7;0.7;-0.4;0.3;-0.4;0.18;1.1;1.9;5.12;54;10;7;0;96419;0.03;6.65;0.4;0.37
1997;12;21;355;4.8;1.7;-0.5;3.3;1.3;-0.8;-0.1;-0.2;0.17;1.1;1.9;4.33;132;23;22;8;96539;0.05;0.11;0.4;0.37
1997;12;22;356;4.4;1.7;-0.8;3.1;1.3;-1;0.5;-0.1;0.15;1.1;1.9;3.46;85;17;47;13;97044;0.05;0.52;0.4;0.37
1997;12;23;357;5.4;1.4;-0.9;2.2;0.4;-1.3;0.6;0;0.14;1.1;1.9;2.91;247;47;99;43;97762;0.25;0.02;0.4;0.38
1997;12;24;358;6.2;1.9;-1;2.7;0.5;-1.3;0.4;0.8;0.14;1.1;1.9;2.39;190;38;68;31;98428;0.12;0;0.4;0.38
1997;12;25;359;8.4;1.9;-1.7;4.2;0.1;-2.7;1.3;0.7;0.13;1.1;1.9;1.9;240;40;97;46;97868;0.08;0.22;0.4;0.38
1997;12;26;360;7.4;4.1;0.2;4.9;2.4;-0.9;1.4;0.4;0.12;1.1;1.9;1.47;121;23;48;23;97016;0.05;8.72;0.39;0.38
1997;12;27;361;5;2.4;-0.6;3.5;1.6;-1.4;1.3;-0.3;0.12;1.1;1.9;1.09;108;21;44;27;96716;0.1;5.07;0.41;0.38
1997;12;28;362;5.4;1.1;-1.7;1.7;-1.4;-3.5;0.9;-0.7;0.11;1.1;1.9;0.95;161;34;63;44;96828;0.2;0;0.4;0.38
1997;12;29;363;5.9;0.5;-2.9;-0.3;-3.6;-5.2;1.4;-0.2;0.11;1.1;1.9;0.82;278;60;117;71;96994;0.22;0;0.4;0.38
1997;12;30;364;4.3;-0.4;-3.4;-2;-4;-5.9;0.9;0.4;0.11;1.1;1.9;0.71;276;59;113;70;97486;0.06;0;0.4;0.38
1997;12;31;365;7.4;0.8;-2.7;1.7;-2.1;-5;1.4;0.8;0.11;1.1;1.9;0.62;275;59;105;71;97469;0.02;0;0.4;0.38
1998;1;1;1;6.4;1.2;-1.7;3.6;-0.4;-2.8;0.4;0.3;0.11;1.1;1.9;0.54;276;54;101;58;97634;0.04;0;0.4;0.38
1998;1;2;2;8.6;3.7;-0.2;3.7;1.8;-0.9;1.3;2.1;0.11;1.1;1.9;0.42;236;52;91;58;96658;0.02;0;0.39;0.38
1998;1;3;3;5.9;3.8;1;5;3.1;0.6;0.6;0.8;0.1;1.1;1.9;0.29;78;18;48;20;96893;-0.12;2.34;0.39;0.38
1998;1;4;4;9.3;4.7;1.1;5;2.9;0.4;0.7;1.8;0.1;1;1.9;0.2;292;58;114;68;97052;0.2;1.57;0.4;0.38
1998;1;5;5;7.6;3.3;0.6;3.9;1.8;0.2;0.5;1.2;0.1;1;1.9;0.14;262;43;108;54;97044;0.23;4.76;0.4;0.38
1998;1;6;6;9.1;3.6;-0.1;2.9;-1.1;-4.9;1.8;0.1;0.1;1;1.9;0.1;292;63;115;70;97019;0.47;0.31;0.4;0.38
1998;1;7;7;9.1;2.9;-0.5;1.4;-1;-3.5;0.8;0.5;0.1;1;1.9;0.07;284;60;104;55;97856;0.27;0;0.4;0.38
1998;1;8;8;9.9;2.2;-1.5;4.7;-0.1;-2.6;1.3;0.3;0.1;1;1.9;0.07;286;62;104;66;98409;0.15;0.02;0.39;0.38
1998;1;9;9;7;1.5;-1.5;3;-0.5;-2.4;1.6;0.1;0.1;1;1.9;0.04;137;31;59;44;98603;0.06;0;0.39;0.38
1998;1;10;10;10.5;2.7;-2.1;4.9;-0.1;-3.1;1.1;-0.2;0.1;1;1.9;0;291;65;103;64;98866;0.18;0;0.39;0.38
1998;1;11;11;7.5;1.2;-2.2;2.3;-1.4;-3.7;0.7;0.4;0.1;1;1.9;0;303;67;112;74;98602;0.17;0;0.39;0.38
1998;1;12;12;5.8;0.4;-2.6;0.7;-2.4;-4.9;0.2;-0.4;0.1;1;1.9;0;308;69;114;76;98180;0.07;0;0.39;0.38
1998;1;13;13;7.1;0.9;-2.2;1.1;-1.5;-3;0.8;0.6;0.1;1;1.9;0;299;66;113;68;97421;0.04;0.02;0.39;0.38
1998;1;14;14;7.8;1.5;-2.2;4.6;-0.1;-3.2;1;0.3;0.1;1;1.9;0;259;55;81;53;97361;0.06;0.2;0.39;0.38
1998;1;15;15;5.3;1.8;-0.8;3.5;0.8;-1.5;0.2;0.4;0.1;1;1.9;0;183;40;55;34;98097;0.13;0.16;0.38;0.39
1998;1;16;16;8.5;2.9;-0.7;5;1.4;-1.1;0.9;1.4;0.1;1;1.9;0;183;42;74;41;97393;0.15;0;0.38;0.39
1998;1;17;17;7.5;2.1;-2.1;4.2;-0.5;-5;1.1;-0.8;0.1;1;1.9;0;180;34;75;45;97616;0.25;0.49;0.38;0.39
1998;1;18;18;6.3;0.6;-3.4;-2.3;-4;-6;0.3;1.4;0.1;1;1.9;0;328;74;124;87;97760;0.16;0;0.38;0.39
1998;1;19;19;4.6;1.9;-0.5;3.5;-0.6;-4.8;0.3;1.1;0.1;0.9;1.9;0;76;18;69;33;96098;0.07;1.87;0.38;0.39
1998;1;20;20;4.6;1.9;-0.6;-0.5;-3.6;-7.3;0.9;-3.5;0.1;0.9;1.9;0.03;140;32;58;34;96271;0.42;0.31;0.38;0.39
1998;1;21;21;3.4;2.4;1.6;-4.5;-4.9;-6;0.7;-5.5;0.11;0.9;1.9;0.85;104;24;38;30;97435;0.54;1.95;0.38;0.39
1998;1;22;22;3;1.5;0.4;-2;-3.9;-5.5;0.2;-3.4;0.14;0.9;1.9;2.81;136;21;57;25;97822;0.44;3.41;0.38;0.39
1998;1;23;23;3;1;-0.8;-2.2;-2.5;-2.9;-0.4;-1.7;0.19;0.9;1.9;6.21;111;22;50;26;98033;0.27;1.86;0.38;0.39
1998;1;24;24;2.1;-0.4;-2.2;-2.7;-3.6;-4.5;-0.5;-0.5;0.19;0.9;1.9;6.08;233;53;82;47;97732;0.18;0.06;0.38;0.39
1998;1;25;25;0.7;-1.1;-2.9;-3.6;-4.9;-6;-1;-0.9;0.19;0.9;1.9;5.99;151;33;71;36;98209;0.18;0.17;0.38;0.39
1998;1;26;26;-0.3;-2.1;-3.4;-5.3;-6.7;-7.8;-1;-0.9;0.18;0.9;1.9;5.95;197;45;59;41;98619;0.14;0.05;0.38;0.39
1998;1;27;27;-0.3;-2.7;-4.6;-5.5;-6.9;-7.9;-0.2;0.6;0.18;0.9;1.9;5.8;298;67;117;66;98234;0.11;0;0.37;0.39
1998;1;28;28;1.8;-2.6;-5.7;-6.9;-7.5;-8.1;0;0.9;0.18;0.9;1.9;5.45;340;80;127;80;97526;0.11;0;0.37;0.39
1998;1;29;29;3.1;-1.2;-3.1;-4.9;-5.8;-7.2;-0.4;0.1;0.18;0.9;1.9;5.3;311;65;104;51;97641;0.11;0.55;0.37;0.39
1998;1;30;30;3.4;-1.1;-3.7;-4.2;-5.1;-5.6;-0.3;0.8;0.17;0.9;1.9;4.95;333;77;116;71;97542;0.12;0.01;0.37;0.39
1998;1;31;31;5.4;-1.1;-5.4;-4.2;-6.7;-14.2;-0.6;-0.9;0.16;0.9;1.9;4.35;348;80;117;68;97311;0.17;0.32;0.37;0.39
1998;2;1;32;-4.2;-6;-7.3;-14.7;-16.3;-17.4;-1.8;-0.3;0.16;0.9;1.9;4.17;369;86;132;92;98023;0.13;0;0.37;0.39
1998;2;2;33;-1.3;-4.9;-8;-9.9;-12.2;-15.3;-0.6;0.9;0.16;0.9;1.9;4.08;369;81;116;75;97136;0.08;0;0.37;0.39
1998;2;3;34;4.2;-1.7;-6.4;-6;-7.9;-9.9;-0.2;0;0.15;0.9;1.9;3.72;356;86;124;80;96810;0.06;0;0.37;0.39
1998;2;4;35;2.2;-1.3;-3.7;-5.2;-7.1;-8.3;-0.3;-0.3;0.15;0.9;1.9;3.23;385;93;134;88;97476;0.06;0;0.37;0.39
1998;2;5;36;4.7;-0.6;-4.4;-5.8;-7.6;-9.8;0;-0.4;0.14;0.9;1.9;2.79;391;95;135;88;97633;0.06;0;0.37;0.39
1998;2;6;37;6;-0.1;-4.3;-4.5;-7.4;-9;0.5;0.1;0.13;0.8;1.9;2.32;372;92;121;78;98048;0.06;0;0.37;0.39
1998;2;7;38;6.9;0.6;-3.6;-1;-4.4;-7.9;0.4;0.9;0.13;0.8;1.9;1.85;389;97;121;79;98117;0.06;0;0.37;0.39
1998;2;8;39;5.8;0.5;-3.2;-3.5;-5.8;-7.5;1;-1.3;0.12;0.8;1.9;1.52;300;69;112;65;98480;0.11;0;0.37;0.39
1998;2;9;40;7.2;1;-3.4;-3.8;-5.9;-8;1;0.8;0.12;0.8;1.9;1.29;394;96;115;70;98898;0.06;0;0.37;0.39
1998;2;10;41;13.3;3.7;-2;4.2;-1.9;-6;0.9;0.3;0.12;0.8;1.9;0.94;402;100;116;65;98809;0.15;0;0.37;0.39
1998;2;11;42;13.8;4.3;-2.2;6.1;-0.3;-3.8;0.8;0.1;0.11;0.8;1.9;0.6;416;104;118;69;98812;0.3;0;0.37;0.39
1998;2;12;43;15;5.2;-1.5;7.6;0.7;-3.8;1.4;-0.3;0.11;0.8;1.9;0.37;369;92;100;58;98526;0.27;0;0.37;0.38
1998;2;13;44;17.3;8.5;0.8;5.9;2.5;-1.2;1.3;-0.6;0.11;0.8;1.9;0.22;371;93;113;49;98569;0.46;0;0.37;0.38
1998;2;14;45;15.5;7.5;0.4;8.9;3.6;-0.2;0.7;-0.4;0.1;0.8;1.9;0.08;414;104;117;58;98918;0.41;0;0.36;0.38
1998;2;15;46;16.3;7.1;0.1;5.4;2.4;-0.6;2;-0.3;0.1;0.8;1.9;0;438;108;121;66;98630;0.54;0;0.36;0.38
1998;2;16;47;18;8.8;1;7.1;3.4;-0.3;1.3;0.3;0.1;0.8;1.9;0;423;106;112;59;97804;0.63;0;0.36;0.38
1998;2;17;48;11.5;6.7;1.3;3.1;0.3;-3.2;0.6;-1.9;0.1;0.8;1.9;0;375;94;96;67;98117;0.59;0.04;0.36;0.38
1998;2;18;49;9.9;3.8;-0.6;0.5;-1.9;-4.2;0.3;1.3;0.11;0.8;1.9;0;405;103;116;68;99273;0.52;0;0.36;0.38
1998;2;19;50;16;6.4;-1.1;4.7;0.7;-2.7;0.7;0.3;0.11;0.8;1.9;0;462;121;132;78;98538;0.64;0;0.36;0.38
1998;2;20;51;12.2;6.4;2.1;4.5;2.3;-0.3;-0.2;0.6;0.11;0.8;1.9;0;414;108;112;73;98657;0.5;0;0.36;0.38
1998;2;21;52;15.6;7.3;0.1;4.3;1.7;-0.7;0.5;1.9;0.11;0.9;1.9;0;477;124;131;88;98221;0.75;0;0.36;0.38
1998;2;22;53;14.7;8;1.5;3.3;1.4;-1;1.8;1.9;0.11;0.9;1.9;0;462;113;118;82;97750;0.76;0;0.35;0.38
1998;2;23;54;12.5;6.9;0.9;7.1;3.4;0.1;0.6;-0.8;0.11;0.9;1.9;0;352;91;80;55;98253;0.8;1.25;0.35;0.38
1998;2;24;55;13.8;7.7;1.2;4.7;2.3;0.6;0.7;-0.9;0.11;0.9;1.9;0;407;107;116;61;98698;0.7;0.97;0.35;0.38
1998;2;25;56;11.1;7.6;4.3;4.7;3.8;2.8;-0.4;-1.5;0.11;0.9;1.9;0;246;57;52;33;98907;0.56;0.21;0.35;0.38
1998;2;26;57;10.7;7.2;3.1;5.6;4.5;2.1;0.5;0.7;0.11;0.9;1.9;0;175;42;78;34;98990;0.26;0.07;0.35;0.38
1998;2;27;58;15.4;7.1;-0.9;4.8;2.6;-1.4;0.6;1;0.11;0.9;1.9;0;498;135;129;84;98081;0.83;0;0.35;0.38
1998;2;28;59;15.3;7.7;-0.5;6.3;3.6;-0.9;0.2;-0.1;0.11;0.9;1.9;0;496;133;122;68;96952;0.81;0.88;0.35;0.38
1998;3;1;60;8;2;-3.6;5.3;1;-4.3;-0.3;0.5;0.18;0.9;1.9;4.47;86;22;77;30;97392;0.37;19.46;0.36;0.38
1998;3;2;61;9.3;1.7;-4.9;-0.5;-2.8;-5.7;1.4;1.5;0.22;0.9;1.9;6.27;443;118;115;70;97939;0.77;0;0.36;0.38
1998;3;3;62;13.6;5.9;-1.6;2.7;-0.1;-4.2;1.4;1.1;0.18;0.9;1.9;3.89;451;127;123;71;97795;0.74;0;0.36;0.38
1998;3;4;63;15;9.1;4.4;5.3;3.9;1.8;2.5;1.8;0.14;1;1.9;1.64;381;99;108;68;97315;0.65;0;0.36;0.38
1998;3;5;64;14.1;8.2;2.4;5.5;3.3;0.3;2.4;0.6;0.12;1;1.9;0.4;381;73;77;58;97070;0.96;1.84;0.36;0.38
1998;3;6;65;12.7;6;-2.3;0.4;-3.2;-4.9;2.1;1.5;0.12;1;1.9;0.19;528;141;124;82;97905;1.23;0;0.36;0.38
1998;3;7;66;15.4;8.6;3.2;2.5;0.1;-3.5;1.5;1.3;0.12;1;1.9;0.12;473;111;118;63;97138;0.99;0.82;0.36;0.38
1998;3;8;67;13.6;7.1;1.1;5.1;3.2;0.6;0.9;0.4;0.12;1;1.9;0.03;483;124;110;75;96368;1.12;6.46;0.37;0.38
1998;3;9;68;5;1.9;-1;1.3;-6.7;-13.9;0.5;-3.4;0.12;1;1.9;0;530;132;131;82;96987;1.11;0.28;0.37;0.38
1998;3;10;69;4;0.2;-2.4;-5.4;-9.1;-12.5;-0.1;-3.1;0.12;1;1.9;0.17;510;138;108;96;98172;1.03;1.12;0.36;0.38
1998;3;11;70;2.8;-0.8;-3.4;-7.6;-9.5;-11.2;-1;0;0.13;1;1.9;0.48;485;138;110;90;97710;0.65;0.1;0.36;0.38
1998;3;12;71;4.9;0.4;-3.3;-5.9;-8.3;-11.4;-0.5;1;0.13;1;1.9;0.44;576;163;136;93;97450;0.61;0;0.36;0.38
1998;3;13;72;8.5;2.9;-2.5;-2.6;-4.3;-6.7;0.4;-0.2;0.13;1;1.9;0.33;459;137;112;79;97863;0.79;0.32;0.36;0.38
1998;3;14;73;11.4;4.6;-2.1;-0.9;-2.8;-4.2;2;-0.5;0.13;1.1;1.9;0.22;466;115;92;61;97551;0.78;0.33;0.36;0.38
1998;3;15;74;8.1;3.6;-0.3;0.1;-2.3;-4.7;-0.9;-1.1;0.13;1.1;1.9;0.44;436;115;95;49;97767;1.09;2.94;0.36;0.38
1998;3;16;75;8.4;3.1;-0.9;0.9;-3.1;-5.8;-0.8;-1.1;0.14;1.1;1.9;1.03;431;99;76;41;97931;0.87;5.27;0.36;0.38
1998;3;17;76;4.7;2.6;0.5;3.5;2;0.4;-0.2;0.5;0.21;1.1;1.9;6.21;108;34;28;12;97912;0.25;12.54;0.37;0.38
1998;3;18;77;11.1;6.2;2.9;4.5;2.7;-0.1;0.2;-0.4;0.19;1.1;1.9;4.5;279;76;77;35;98481;0.71;3.38;0.38;0.38
1998;3;19;78;9.2;4.5;0.3;2.2;-1.7;-4.6;1.1;-1.9;0.17;1.1;1.9;2.55;521;130;114;69;98590;1.03;0.39;0.38;0.38
1998;3;20;79;8.2;3.2;-1.8;-1.8;-4.9;-7;1.6;-1.7;0.15;1.2;1.9;1.76;497;142;104;69;98154;1.27;0.78;0.38;0.38
1998;3;21;80;4.4;0.9;-2;-4.9;-7.8;-10.5;0.5;-2.7;0.15;1.2;1.9;1.71;583;167;122;88;98106;1.14;0.57;0.37;0.38
1998;3;22;81;4;0.4;-2.9;-6.9;-7.8;-8.5;0.6;-2.4;0.16;1.2;1.9;1.78;578;165;121;85;98378;1.07;0.61;0.37;0.38
1998;3;23;82;4.2;0.4;-3;-5.4;-7.5;-8.9;-1;0.1;0.15;1.2;1.9;1.68;477;143;99;76;98613;0.79;0.43;0.37;0.38
1998;3;24;83;5.7;1.2;-3.6;-5.4;-7.4;-8.5;-0.8;-1.8;0.15;1.2;1.9;1.45;511;154;116;82;98393;0.95;0.01;0.37;0.38
1998;3;25;84;4.6;1.1;-1.8;-5.8;-7.6;-9.7;-1.3;-3;0.15;1.2;1.9;1.3;415;125;89;73;98572;0.94;0.09;0.37;0.38
1998;3;26;85;5.7;1.6;-3.1;-3.8;-5.5;-6.6;-0.5;-0.5;0.15;1.3;1.9;1.1;482;142;107;74;98299;0.84;0;0.37;0.38
1998;3;27;86;9.4;3.6;-2.5;-2.5;-4.1;-5.9;0.1;0.8;0.15;1.3;1.9;0.74;636;190;138;88;98050;1.13;0;0.37;0.38
1998;3;28;87;14.4;8.2;2.2;4.5;1.1;-3.4;-0.3;0.5;0.14;1.3;1.9;0.39;488;134;91;44;97806;1.14;0.01;0.37;0.38
1998;3;29;88;12.2;8.9;5.8;5.8;4.2;2.4;-0.8;0.5;0.14;1.3;1.9;0.17;324;87;70;36;97692;0.73;0.05;0.37;0.38
1998;3;30;89;13.7;8.5;3.8;2.1;1.2;0;-1.2;1.5;0.14;1.3;1.9;0.05;586;177;119;76;97865;1.5;0;0.36;0.38
1998;3;31;90;16.8;10;3.7;6;2.6;-1;-0.2;1.2;0.14;1.4;1.9;0;643;202;136;93;97720;1.73;0;0.36;0.38
1998;4;1;91;19.8;11.6;2.2;8.2;5.5;1.3;0.4;0.7;0.14;1.4;1.9;0;632;192;132;84;97067;1.83;0;0.36;0.38
1998;4;2;92;17.1;11;5.5;8.8;6.7;4.3;1;0.4;0.14;1.4;1.9;0;402;139;98;64;96677;1.36;0.66;0.36;0.38
1998;4;3;93;19.1;11.7;3.1;7.9;5.6;2.8;1.8;1.6;0.14;1.4;1.9;0;642;194;121;85;96640;1.99;0;0.36;0.38
1998;4;4;94;17.4;13.8;10.1;8.6;7.2;6.4;2.4;3.5;0.14;1.4;1.9;0;513;145;99;80;96502;1.56;0;0.35;0.38
1998;4;5;95;18.5;14;10.4;9.5;7.9;6.3;1.2;3;0.14;1.4;1.9;0;432;132;92;56;96733;1.64;0.98;0.35;0.38
1998;4;6;96;15.3;10.7;5;10.5;8;4.3;0.6;0.6;0.14;1.5;1.9;0;434;124;84;51;96698;1.99;12.87;0.35;0.38
1998;4;7;97;16.1;9;1;6.1;2.9;0.9;1.7;2.5;0.14;1.5;1.9;0;459;136;101;71;96587;1.68;0.09;0.36;0.38
1998;4;8;98;15.2;10.7;6.5;5.5;4.7;3.5;0.7;1.1;0.14;1.5;1.9;0;482;133;88;49;96304;1.66;2.27;0.36;0.38
1998;4;9;99;8.4;7.2;4.1;6;4.9;3.1;0;-0.2;0.15;1.5;1.9;0;188;53;70;34;96179;1.12;8.72;0.36;0.38
1998;4;10;100;15.1;9.3;2.8;6.3;3.4;2;0.5;2.8;0.15;1.5;1.9;0;551;175;105;78;96085;1.8;0.17;0.37;0.38
1998;4;11;101;15.7;10.7;6.8;5;1.8;-0.8;1.5;2.7;0.15;1.6;1.9;0;687;220;141;97;95977;2.31;0.06;0.36;0.38
1998;4;12;102;12.1;8.3;5.5;4.5;1;-3.2;1.9;3.3;0.15;1.6;1.9;0;686;191;126;77;95697;2.18;1.48;0.36;0.38
1998;4;13;103;10.6;6.5;2.6;3.8;2;1;0.7;1.3;0.15;1.6;1.9;0;511;149;109;73;96043;1.61;3.18;0.36;0.38
1998;4;14;104;8.9;5;0.6;3.8;1.8;-0.3;0.3;-0.3;0.15;1.6;1.9;0;458;145;98;70;96508;1.66;3.43;0.36;0.38
1998;4;15;105;13;7;0;2.9;0.1;-2.6;1.1;3;0.15;1.6;1.9;0;496;165;94;72;96814;1.87;0;0.36;0.38
1998;4;16;106;7.6;6.3;4;5.9;4.2;1.3;-0.2;0.4;0.15;1.7;1.9;0;118;37;66;31;95856;0.7;8.18;0.36;0.38
1998;4;17;107;12.9;8.1;3.5;5.5;4.2;2.8;0.7;2.5;0.15;1.7;1.9;0;446;140;94;50;95321;1.68;0.71;0.37;0.38
1998;4;18;108;10.5;7.1;2.8;7.4;4.8;2.2;0.8;-0.7;0.15;1.7;1.9;0;289;95;75;45;95408;1.69;11.25;0.37;0.38
1998;4;19;109;14.1;8.9;4.6;2.8;0.7;-1;1.5;-1.4;0.15;1.8;1.9;0;552;165;99;69;96405;2.19;0.4;0.37;0.38
1998;4;20;110;15.1;9.2;2.5;3.1;0.2;-1.3;0.6;-0.7;0.15;1.8;1.9;0;566;184;129;83;97343;2.08;0;0.37;0.38
1998;4;21;111;18.4;10.7;1.4;8.9;3.9;-0.3;0.8;-0.7;0.15;1.8;1.9;0;661;216;132;85;97512;2.45;0.43;0.37;0.38
1998;4;22;112;11.7;8.7;4.6;8.3;6.1;3.5;0.7;-0.3;0.16;1.8;1.9;0;291;89;93;48;97730;1.48;5.24;0.37;0.38
1998;4;23;113;15.3;10.2;1.9;8.4;5.8;1.3;-0.1;-0.1;0.16;1.9;1.9;0;517;165;87;64;97699;1.97;0.71;0.37;0.38
1998;4;24;114;18.5;12.4;4.6;11.1;7.7;3.8;0.4;0.3;0.16;1.9;1.9;0;606;203;116;70;97574;2.33;2.9;0.37;0.38
1998;4;25;115;17.7;13;6.9;9;6.2;4.1;0.1;-0.6;0.16;1.9;1.9;0;549;169;103;71;97703;2.38;0.07;0.37;0.38
1998;4;26;116;20.8;14.5;6.2;10.1;8.3;5.3;-0.4;1.5;0.16;2;1.9;0;642;203;114;75;97167;2.59;0;0.37;0.38
1998;4;27;117;21.7;15.9;9.4;10.3;8.6;7;-0.8;2.3;0.16;2;1.9;0;661;213;115;82;96517;2.88;0;0.36;0.38
1998;4;28;118;18.4;14.2;9.7;9.7;8.2;6.7;-1.5;0.1;0.16;2;1.9;0;566;168;93;64;96405;2.21;0.18;0.36;0.38
1998;4;29;119;15.5;12.5;9.2;9.8;8.6;7.6;-1.2;1.2;0.16;2.1;1.9;0;378;128;78;52;96608;1.72;0.97;0.36;0.38
1998;4;30;120;17.3;12.3;5.7;7.5;5.7;4.4;0.7;1.8;0.16;2.1;1.9;0;617;196;119;82;96852;2.62;0;0.36;0.38
1998;5;1;121;17.3;12.2;6.9;8.6;6.4;4;0.5;2.6;0.16;2.1;1.9;0;578;182;105;77;96902;2.51;1.4;0.35;0.38
1998;5;2;122;18.2;12.8;7.9;9;6.9;5.2;1.4;1.8;0.16;2.1;1.9;0;636;196;123;81;96668;2.67;0.89;0.35;0.38
1998;5;3;123;17.8;12.8;6;9.3;7.6;5.2;-0.8;-0.5;0.16;2.2;1.9;0;545;182;97;69;96655;2.33;0.41;0.35;0.38
1998;5;4;124;15.1;11.7;8.6;10.6;7.3;1;0.3;-2.9;0.16;2.2;1.9;0;234;68;80;41;95953;1.91;9.42;0.36;0.38
1998;5;5;125;15.6;10.7;6.1;6.4;2;0.5;0.6;-1.5;0.17;2.2;1.9;0;424;156;101;71;96551;2.33;0.1;0.35;0.38
1998;5;6;126;16.9;12;5.2;6.2;4.3;1.7;0.7;1;0.17;2.3;1.9;0;525;175;92;67;97104;2.45;0.07;0.35;0.38
1998;5;7;127;18.9;13.7;6.3;10;7.8;4.9;-0.1;1;0.17;2.3;1.9;0;622;209;103;78;97954;2.76;0.18;0.35;0.38
1998;5;8;128;22.1;15.9;8;9.8;8.1;5.7;-0.2;1.7;0.17;2.3;1.9;0;718;253;134;97;98530;3.53;0;0.35;0.38
1998;5;9;129;22.5;17.1;10.6;11.1;9.2;7.7;-0.7;1;0.17;2.4;1.9;0;704;250;130;95;98462;3.49;0;0.34;0.37
1998;5;10;130;23.6;17.6;8.9;12.5;9.9;7.4;-0.5;-0.1;0.17;2.4;1.9;0;714;253;135;93;98107;3.58;0;0.34;0.37
1998;5;11;131;24.4;18.5;9.4;13.1;10.8;8.5;-0.3;0.8;0.17;2.4;1.9;0;684;239;126;88;97738;3.48;0;0.33;0.37
1998;5;12;132;24.3;19.6;12.6;13.8;11.1;9.6;-0.3;-0.2;0.17;2.5;1.9;0;654;229;118;83;97705;3.4;0.11;0.33;0.37
1998;5;13;133;25.8;19;12;14.7;12.4;10.8;-0.1;-1.4;0.17;2.5;1.9;0;625;214;113;76;97801;3.34;1.74;0.33;0.37
1998;5;14;134;19.9;15.7;10.6;11.1;7.3;3.8;-1.1;-1.3;0.17;2.5;1.9;0;720;217;137;79;97963;3.58;1.71;0.33;0.37
1998;5;15;135;19;13.6;9;6.3;4.7;2.9;-0.8;-2.2;0.17;2.5;1.9;0;637;182;117;77;97541;2.76;0.18;0.32;0.37
1998;5;16;136;15.7;11.4;7.4;6;4.1;2.6;-0.2;-2.6;0.17;2.6;1.9;0;471;172;94;76;97456;2.59;1.13;0.32;0.37
1998;5;17;137;11.9;9.1;6.6;6.3;4.9;3;0.2;-2.3;0.17;2.6;1.9;0;397;124;83;54;97564;2.52;5;0.32;0.37
1998;5;18;138;14.2;10.4;7;9.3;7.2;5;0.5;-2.4;0.17;2.6;1.9;0;358;118;67;38;97784;2.62;6.37;0.33;0.37
1998;5;19;139;16.6;12.8;9.5;10.6;8.9;6.7;1.7;-2.9;0.17;2.6;1.9;0;182;66;54;32;97562;2.53;5.16;0.33;0.37
1998;5;20;140;21;16.5;11.1;11.6;8.1;6.6;0.8;-2.3;0.17;2.7;1.9;0;638;226;112;82;97432;3.64;0.07;0.33;0.37
1998;5;21;141;21;15.3;9.1;13.4;10.1;7.2;0.5;0;0.17;2.7;1.9;0;602;210;112;76;97229;3.03;3.33;0.33;0.37
1998;5;22;142;16.8;12.9;8.5;10.4;6.7;2.8;-0.1;-1.2;0.17;2.7;1.9;0;577;182;110;66;97274;2.93;0.85;0.33;0.37
1998;5;23;143;16.5;12.2;8.1;5.2;4;1.8;-0.1;0;0.17;2.7;1.9;0;499;166;96;62;97447;2.61;0.52;0.32;0.37
1998;5;24;144;15.2;11.4;9.3;9.2;6.3;3.3;-0.4;0.8;0.17;2.7;1.9;0;408;98;53;33;97213;1.54;7.76;0.32;0.37
1998;5;25;145;14.3;11.5;8.9;10.1;9.1;7.6;-0.5;0.1;0.17;2.8;1.9;0;324;102;75;40;96851;1.81;4.15;0.33;0.37
1998;5;26;146;19.6;13.8;5.6;10.1;8;5.6;0.2;0.5;0.17;2.8;1.9;0;617;221;111;74;96736;3.29;0.1;0.33;0.37
1998;5;27;147;22.4;16.6;8.4;11.3;9.5;7.1;0.2;1.9;0.17;2.8;1.9;0;674;243;115;89;97027;3.75;0.07;0.33;0.37
1998;5;28;148;23.1;17.9;11.1;11.4;10.1;8.4;0.3;2.5;0.17;2.8;1.9;0;708;236;112;88;97160;3.81;0;0.32;0.37
1998;5;29;149;23.8;18.1;12.9;14.5;12.5;9.8;-0.4;0.8;0.17;2.9;1.9;0;618;210;100;70;97053;3.18;1.18;0.32;0.37
1998;5;30;150;22.4;17.6;11.7;14;12.1;9.9;0.4;1.4;0.17;2.9;1.9;0;679;229;108;76;97058;3.72;1.63;0.32;0.37
1998;5;31;151;24;18.3;10.6;13.1;11.2;9.3;0.9;1.4;0.17;2.9;1.9;0;622;231;111;83;97068;3.77;0.12;0.31;0.37
1998;6;1;152;20.6;17.2;13.3;14.4;11.8;8.9;0.2;0.3;0.17;2.9;1.9;0;509;180;95;72;97262;2.96;3.24;0.31;0.37
1998;6;2;153;24.9;18.5;10.6;14.6;12.6;10.4;0;0.2;0.17;2.9;1.9;0;591;218;103;74;97401;3.47;0.03;0.31;0.37
1998;6;3;154;27.4;20.9;13.1;17.1;14.6;11.5;-0.4;0.1;0.17;3;1.9;0;709;244;115;79;97467;3.79;0.06;0.31;0.37
1998;6;4;155;26.4;20.2;14.7;18.2;16.3;13.8;0.3;-0.7;0.17;3;1.9;0;647;192;97;61;97743;3.08;7.31;0.31;0.37
1998;6;5;156;28.1;21.9;14.2;18.8;16.9;14.1;-0.2;0.8;0.17;3;1.9;0;659;238;100;64;97851;4.09;0.07;0.31;0.37
1998;6;6;157;31.5;24.6;17.9;19.4;15.1;10.7;0.3;1.9;0.17;3;1.9;0;721;254;122;85;97535;4.6;0.02;0.3;0.37
1998;6;7;158;31.3;24.5;16.9;17.1;13.8;11.2;1.2;2;0.17;3;1.9;0;724;256;129;93;97173;4.62;0.19;0.3;0.37
1998;6;8;159;25.1;19.2;14;17.8;14.8;11.6;0.3;-1;0.17;3.1;1.9;0;512;154;81;55;97397;3.5;20.82;0.3;0.37
1998;6;9;160;23.3;18.8;13.6;15.5;12.9;11.2;0.5;0.1;0.17;3.1;1.9;0;675;181;99;53;97485;3.44;0.84;0.31;0.37
1998;6;10;161;25.9;20.6;14;15.8;13.9;12.9;0.4;1.9;0.17;3.1;1.9;0;590;218;101;72;96742;3.97;0;0.31;0.37
1998;6;11;162;19.5;16.9;13.1;16.7;14.1;11.5;-0.2;0.5;0.17;3.1;1.9;0;333;83;60;39;96256;1.88;12.12;0.31;0.37
1998;6;12;163;20;15;11.3;13.8;11.1;8.3;0.6;-0.7;0.17;3.2;1.9;0;519;179;100;52;96370;3.89;10.07;0.32;0.37
1998;6;13;164;11.1;10;9.3;8.1;6.7;5.4;2;-1.6;0.17;3.2;1.9;0;172;58;46;27;97170;2.97;20.38;0.34;0.37
1998;6;14;165;16.8;12.9;8.5;9.7;7.3;5.3;0;-0.4;0.17;3.2;1.9;0;450;151;90;53;97234;2.54;0.05;0.34;0.36
1998;6;15;166;20.6;15.2;8.9;12.9;10.6;7.7;0.4;1.1;0.17;3.2;1.9;0;652;213;109;75;97160;3.31;1.81;0.34;0.36
1998;6;16;167;18.4;14.5;10.6;13;10.5;9.4;0.3;0.4;0.17;3.2;1.9;0;458;147;77;59;97566;2.62;4.16;0.34;0.36
1998;6;17;168;14.5;12.3;8.9;10.7;9.3;7;1.4;-0.4;0.17;3.2;1.9;0;232;87;82;49;98128;1.9;4.91;0.34;0.36
1998;6;18;169;20.4;14.6;6.6;11;7.9;5.3;0.9;-1;0.17;3.3;1.9;0;573;227;110;76;98187;3.79;0.82;0.34;0.36
1998;6;19;170;19.8;16;10.5;12.1;10.6;8.4;1;-0.7;0.17;3.3;1.9;0;499;185;98;61;98150;3.11;0.47;0.34;0.36
1998;6;20;171;23.8;18.9;13.5;15.7;13.5;11.4;0.1;0.3;0.17;3.3;1.9;0;505;180;85;58;98200;3.07;0.12;0.34;0.36
1998;6;21;172;26.7;21;13;17.8;15.6;12.5;0.2;0.3;0.17;3.3;1.9;0;603;236;100;74;98008;4.02;0.06;0.33;0.36
1998;6;22;173;29.7;22.3;14.8;19.8;16.5;14.1;1.5;-0.2;0.17;3.3;1.9;0;655;212;96;69;97549;4.02;1.09;0.33;0.36
1998;6;23;174;19.9;18.2;15.5;16.7;14.5;10.6;0.1;0.1;0.17;3.3;1.9;0;302;107;67;49;97718;2.11;4.52;0.33;0.36
1998;6;24;175;22.4;17.8;12.4;16.2;15;12.2;-0.1;-0.2;0.17;3.3;1.9;0;503;165;77;51;97431;2.8;6.28;0.33;0.36
1998;6;25;176;23.9;19.7;15;18.4;16.4;14.5;-0.1;0.7;0.17;3.4;1.9;0;506;180;75;51;97295;3.19;0.86;0.33;0.36
1998;6;26;177;26.1;20.6;15.1;19.3;17.6;15.1;0.3;-0.1;0.17;3.4;1.9;0;589;182;86;52;97389;3.18;2.33;0.33;0.36
1998;6;27;178;26.4;21.3;16.6;19.7;18.4;16.4;0.4;-0.3;0.17;3.4;1.9;0;618;205;88;53;97318;3.79;3.89;0.33;0.36
1998;6;28;179;25.5;20.1;15.5;18.7;17.6;15.3;0.6;-0.5;0.17;3.4;1.9;0;565;164;79;46;97409;3.1;13.49;0.33;0.36
1998;6;29;180;22;19.4;17.6;17.4;15.6;13.7;-0.4;-0.3;0.17;3.4;1.9;0;481;117;66;34;97791;2.41;2.45;0.34;0.36
1998;6;30;181;25.3;20.3;16.8;19;17.4;15;0.4;0;0.17;3.4;1.9;0;567;158;72;45;97251;2.67;10.73;0.34;0.36
1998;7;1;182;25.5;20.9;15.3;18.4;16.6;14.8;-0.3;0.6;0.17;3.4;1.9;0;547;165;77;55;97009;3.38;1.41;0.34;0.36
1998;7;2;183;20.7;17.7;14.9;16.8;15.1;13.8;-0.7;-0.7;0.17;3.5;1.9;0;277;100;54;39;96872;2.39;6.24;0.34;0.36
1998;7;3;184;19;16.5;14.2;14.3;13.6;13;-0.4;0;0.17;3.5;1.9;0;319;94;45;32;97208;2.03;8.54;0.35;0.36
1998;7;4;185;22;17.9;13.7;13.4;11.1;8.4;0.8;-1.6;0.17;3.5;1.9;0;569;204;91;62;97376;4.18;0.22;0.35;0.36
1998;7;5;186;20.2;16.5;12.3;12.7;11.2;10.3;0.9;0.1;0.17;3.5;1.9;0;415;127;79;51;97353;2.44;0.88;0.35;0.36
1998;7;6;187;23.6;18.3;12;16.3;13.8;10.8;0.2;0.2;0.17;3.5;1.9;0;505;189;83;57;97000;3.35;0.15;0.35;0.36
1998;7;7;188;21.9;17.7;14.3;17.6;15.5;13.4;0.1;-0.1;0.17;3.5;1.9;0;373;113;58;38;96398;2.12;29.04;0.35;0.36
1998;7;8;189;17.2;14.4;10.8;12.9;6.7;4.3;1.6;-2.6;0.17;3.5;1.9;0;635;205;117;72;96524;4.4;0.41;0.37;0.36
1998;7;9;190;19.6;14.7;10.1;10.4;7.4;4.3;1.5;-0.9;0.17;3.6;1.9;0;694;202;109;65;97008;3.87;1.04;0.36;0.36
1998;7;10;191;21.9;17.8;12.9;14.2;11.7;10.5;1.1;-0.3;0.17;3.6;1.9;0;564;204;99;62;97136;3.72;0.05;0.36;0.36
1998;7;11;192;22.5;18.1;14.1;17.5;15.1;12.6;0.4;-0.2;0.17;3.6;1.9;0;474;139;73;47;97103;2.34;4.42;0.36;0.36
1998;7;12;193;20.3;16.7;14.1;16.1;15;13.8;-0.1;0.7;0.17;3.6;1.9;0;360;87;77;34;97253;1.76;6.17;0.36;0.36
1998;7;13;194;27.6;20.9;13;18.3;16.3;13;0.8;1.7;0.17;3.6;1.9;0;639;214;90;57;96965;4.2;0.09;0.36;0.36
1998;7;14;195;18.3;15.8;12.1;16.2;13.7;10.3;0.6;-0.7;0.17;3.6;1.9;0;149;42;67;26;97051;1.63;17.67;0.37;0.36
1998;7;15;196;19;15.2;10.3;12.3;10.5;9.1;0.8;-0.2;0.17;3.6;1.9;0;405;159;102;64;97385;3.02;1.71;0.37;0.36
1998;7;16;197;22;17.1;9.6;12.8;10.2;8.5;0.5;0.1;0.17;3.6;1.9;0;587;213;105;74;97357;3.81;0.13;0.37;0.36
1998;7;17;198;23;18.3;13;16.4;13.7;10.7;0;0.1;0.17;3.6;1.9;0;614;208;92;67;97379;3.48;1.19;0.37;0.36
1998;7;18;199;25.9;20;13;17.4;15.5;12.9;0.3;0.9;0.17;3.6;1.9;0;619;211;93;61;97434;4.04;0.04;0.36;0.36
1998;7;19;200;26.6;21.2;14.2;20;17.1;13.8;0.5;0.1;0.17;3.6;1.9;0;640;217;90;65;97609;3.88;0.13;0.36;0.36
1998;7;20;201;29.9;23;14.7;20.4;18.1;14.7;0.1;0.9;0.17;3.6;1.9;0;710;250;110;74;97678;4.64;0;0.36;0.36
1998;7;21;202;30.5;24.6;18.1;19.7;17.5;15.7;-0.8;1.5;0.17;3.6;1.9;0;708;255;111;81;97470;5.11;0;0.35;0.36
1998;7;22;203;29.1;24.2;16.9;20.7;17.9;14.7;-0.2;-0.4;0.17;3.6;1.9;0;659;236;91;70;97531;4.43;0.01;0.35;0.36
1998;7;23;204;29.6;24;17.6;22.2;19.4;17.1;0.3;-0.4;0.17;3.6;1.9;0;623;219;91;64;97451;4.03;0.03;0.34;0.36
1998;7;24;205;28.1;23.5;18.6;19.8;18.7;17.5;-0.2;-1.3;0.17;3.6;1.9;0;614;204;90;55;97522;4.02;0.35;0.34;0.36
1998;7;25;206;27.3;22.4;18.3;19.4;18.1;16.6;-0.4;-0.9;0.17;3.6;1.9;0;608;197;83;53;97505;3.92;6.79;0.34;0.36
1998;7;26;207;25;21.5;17.9;18.7;17.4;16.4;-0.4;0;0.17;3.6;1.9;0;465;158;62;46;97483;3.26;0.74;0.34;0.36
1998;7;27;208;29.1;23.9;18.7;20.1;18.5;17.1;0;1.8;0.17;3.6;1.9;0;540;205;85;61;97016;4.1;0.08;0.34;0.36
1998;7;28;209;21.9;19.6;15.4;17.9;15.9;13.9;0.8;-0.5;0.17;3.6;1.9;0;271;95;89;49;96863;2.24;6.39;0.34;0.36
1998;7;29;210;23.5;19.5;15.4;15.6;12.9;11.6;0.4;0.1;0.17;3.6;1.9;0;637;198;107;67;97023;3.74;0.3;0.34;0.36
1998;7;30;211;27.5;21.7;14.9;16;14.4;12.7;-0.2;1.9;0.17;3.6;1.9;0;700;244;109;82;97099;4.65;0;0.33;0.36
1998;7;31;212;27;21.9;15.6;18.6;16.4;13.5;-0.6;-0.7;0.17;3.6;1.9;0;600;197;86;60;97274;3.67;1.05;0.33;0.36
1998;8;1;213;27.1;22.1;17.3;19.3;17.3;15.6;-0.6;0.2;0.17;3.6;1.9;0;457;164;81;53;97500;3.2;0.12;0.33;0.36
1998;8;2;214;30.9;24.8;17.9;22.6;20.3;17.2;0;0.5;0.17;3.6;1.9;0;666;221;99;61;97509;3.99;0;0.32;0.36
1998;8;3;215;31.3;25.6;19.5;22.7;21.5;19;-0.1;-0.6;0.17;3.6;1.9;0;668;220;93;62;97686;4.05;0.52;0.32;0.36
1998;8;4;216;28.4;23.3;19.7;21.6;20;18.3;0.2;-0.9;0.17;3.6;1.9;0;463;157;58;40;97847;3.2;12.47;0.32;0.36
1998;8;5;217;23.7;20.9;17;19.5;16.2;12.9;-0.1;-1.8;0.17;3.6;1.9;0;585;149;83;53;98117;3.56;2.65;0.33;0.36
1998;8;6;218;23.3;18.9;13.6;13.1;11.6;10.2;-0.7;-1.2;0.17;3.6;1.9;0;550;204;121;80;98387;3.81;0.05;0.32;0.35
1998;8;7;219;25.2;19.8;12.2;17.2;13;10.7;0.4;0;0.17;3.5;1.9;0;688;242;125;90;98173;4.1;0;0.32;0.35
1998;8;8;220;27.8;21.6;13.5;17.4;15.1;12.5;0.5;0.2;0.17;3.5;1.9;0;682;235;115;84;97899;4.11;0;0.32;0.35
1998;8;9;221;30.3;23.3;13.9;20.2;16.5;13.4;0.4;-0.1;0.17;3.5;1.9;0;689;238;124;84;97504;4.1;0;0.31;0.35
1998;8;10;222;25.3;21.6;17.3;16.9;13.3;11;-1.2;-0.3;0.17;3.5;1.9;0;586;211;102;74;97950;3.85;0;0.31;0.35
1998;8;11;223;27.4;22.4;17.6;18.2;15.8;13.3;-0.4;0.8;0.17;3.5;1.9;0;655;221;101;74;97962;3.73;0;0.31;0.35
1998;8;12;224;31;23.7;15.9;20.6;16.9;14.7;0.2;1.3;0.17;3.5;1.9;0;672;224;115;79;97612;4;0;0.3;0.35
1998;8;13;225;30;23.9;16.6;19.4;15.8;13.4;0.2;-0.1;0.17;3.5;1.9;0;671;225;120;85;97077;3.82;0.18;0.3;0.35
1998;8;14;226;23.6;20.6;17.3;16.8;16.1;15.4;-0.6;-0.3;0.17;3.5;1.9;0;476;153;78;55;97285;3.04;5.23;0.3;0.35
1998;8;15;227;26.7;22.2;17.9;18.9;16.2;15.5;-0.4;0.4;0.17;3.5;1.9;0;462;156;68;50;97547;2.87;0.03;0.3;0.35
1998;8;16;228;27.4;22.4;17.4;18.4;17.1;15.2;0;-0.6;0.17;3.5;1.9;0;604;178;98;61;97781;3.04;0.92;0.3;0.35
1998;8;17;229;28.8;22.7;15.5;18.8;16.5;15;0.1;0.1;0.17;3.5;1.9;0;640;203;105;67;97623;3.55;0.53;0.29;0.35
1998;8;18;230;28.9;23.5;16.9;18.4;16.4;13.8;0.4;0.3;0.16;3.4;1.9;0;596;193;105;68;97348;3.33;0.36;0.29;0.35
1998;8;19;231;25.7;20.9;17.8;17;16.2;15.7;0.6;-1.5;0.16;3.4;1.9;0;513;146;85;51;97426;3.11;3.63;0.29;0.35
1998;8;20;232;25.2;20.7;16.9;16.6;15.5;14.6;0;-0.4;0.16;3.4;1.9;0;518;169;88;63;97504;2.87;0.69;0.29;0.35
1998;8;21;233;25.7;20.8;14.4;16.5;15.1;13.8;0.4;0.5;0.16;3.4;1.9;0;588;181;91;64;96868;3.07;0.13;0.29;0.35
1998;8;22;234;23;18.9;15.6;16.6;13.6;9.6;-0.5;0;0.16;3.4;1.9;0;530;143;97;51;96720;2.84;16.52;0.29;0.35
1998;8;23;235;21.9;17.4;13.7;14.3;10.8;6.6;-0.3;-0.2;0.16;3.3;1.9;0;629;196;127;71;97254;3.88;9.4;0.31;0.35
1998;8;24;236;23.5;18.1;13.5;17.2;14.3;11.6;-0.2;0.3;0.16;3.3;1.9;0;545;145;86;49;97002;2.62;27.96;0.3;0.35
1998;8;25;237;20.1;16.3;11.2;14.3;10.5;7.1;0.3;-0.4;0.16;3.3;1.9;0;514;163;93;73;97585;3.02;0.12;0.32;0.35
1998;8;26;238;21.4;16.9;11.9;12.2;10.7;8.9;0.3;1.8;0.16;3.3;1.9;0;500;161;98;71;97420;2.84;0.05;0.32;0.35
1998;8;27;239;21.1;15.4;11.7;14.1;11.9;9.8;-0.4;-1;0.16;3.2;1.9;0;377;99;73;45;97033;2.23;20.76;0.32;0.35
1998;8;28;240;16.9;13.2;9.9;9.6;6.9;4.5;0;-1.1;0.16;3.2;1.9;0;434;143;95;64;97410;2.84;1.93;0.34;0.35
1998;8;29;241;16.9;12.8;7.8;8.7;6;4.7;0.4;-1;0.16;3.2;1.9;0;458;139;85;67;97532;2.28;0.22;0.34;0.35
1998;8;30;242;17.8;12.9;6.9;8.9;6.6;5.1;0.3;-0.3;0.16;3.2;1.9;0;509;162;94;77;97685;2.51;0.08;0.33;0.35
1998;8;31;243;18.8;13.6;8.5;12.1;9.2;7;0.6;-0.2;0.16;3.1;1.9;0;576;172;106;73;97551;2.52;0.83;0.33;0.35
1998;9;1;244;19.2;14.4;8.5;12.3;10.3;7.6;-0.2;0.5;0.16;3.1;1.9;0;498;153;97;61;97820;2.39;0.23;0.33;0.35
1998;9;2;245;19.7;16.2;13.4;14.9;13.2;11.5;-1;-0.1;0.16;3.1;1.9;0;324;83;42;24;97897;1.46;0.76;0.33;0.35
1998;9;3;246;20.4;16.8;13.6;16.2;14.1;12.2;-1.3;-0.7;0.16;3.1;1.9;0;294;81;35;24;97514;1.41;5.98;0.33;0.35
1998;9;4;247;20.7;16.6;12.7;14.1;13.3;12.3;-1.1;0.3;0.16;3.1;1.9;0;525;137;73;36;97462;2.52;4.46;0.33;0.35
1998;9;5;248;16.6;15.4;12.9;16;13.8;9.7;-1.1;0.3;0.16;3;1.9;0;100;28;14;9;96879;1.48;34.83;0.34;0.35
1998;9;6;249;20.6;15.5;11.5;12.7;10.7;9.1;1.2;-0.2;0.16;3;1.9;0;468;155;95;56;96948;3.06;8.01;0.36;0.35
1998;9;7;250;20.6;15.4;9.3;13.3;11.9;8.8;-0.4;1;0.16;3;1.9;0;492;149;80;60;97009;2.52;0.41;0.36;0.35
1998;9;8;251;19.2;16.3;13.4;14.5;13.6;12.3;-1.1;-0.4;0.16;3;1.9;0;240;74;47;26;97137;1.34;0.77;0.36;0.35
1998;9;9;252;20.6;17.2;13.9;14.2;13.6;12.9;-0.5;0.7;0.15;2.9;1.9;0;410;119;83;47;97557;1.97;0.12;0.36;0.35
1998;9;10;253;20.8;16.8;13.1;14.6;13.9;12.6;-0.6;1.7;0.15;2.9;1.9;0;448;131;86;54;97444;1.97;0.02;0.36;0.35
1998;9;11;254;22.8;18.1;13.6;16.7;15.1;12.9;-0.4;1.4;0.15;2.9;1.9;0;476;129;74;48;96768;2.02;0.01;0.36;0.35
1998;9;12;255;21.4;16.9;10.5;17.6;14.7;8.2;-0.6;1.9;0.15;2.9;1.9;0;360;58;43;23;95445;2.22;29.7;0.37;0.35
1998;9;13;256;14.3;11.6;9.6;8.7;7.4;5.6;0.8;-0.2;0.15;2.9;1.9;0;225;57;75;32;95370;1.84;8.2;0.38;0.35
1998;9;14;257;12.2;9.5;7.8;8.5;6.3;5.1;0.5;-0.1;0.15;2.8;1.9;0;191;52;83;42;95846;1.8;16.12;0.4;0.35
1998;9;15;258;17.1;12;6.4;9.2;6.7;4.7;1.3;0.5;0.15;2.8;1.9;0;390;111;79;59;96457;1.7;0.05;0.4;0.35
1998;9;16;259;19.2;13;7.1;12.6;9.4;5.5;0.6;-0.1;0.15;2.8;1.9;0;435;119;80;56;96707;1.65;3.51;0.39;0.35
1998;9;17;260;15.4;11.8;7.9;11;9.6;7.2;0.2;0.6;0.15;2.7;1.9;0;442;101;95;50;96835;1.62;14.09;0.4;0.35
1998;9;18;261;16.5;11.6;5.9;8.6;6.9;5.1;1.3;-1.4;0.15;2.7;1.9;0;540;150;106;72;97746;2.39;0.64;0.4;0.35
1998;9;19;262;17;12.9;9.5;7.9;6.7;5.7;0.2;-2.4;0.15;2.6;1.9;0;508;149;101;77;98514;2.3;0.18;0.4;0.35
1998;9;20;263;15.2;13;10.5;8.7;7.5;6.2;0.1;-3.8;0.15;2.6;1.9;0;270;61;75;45;98565;1.33;0.19;0.4;0.35
1998;9;21;264;17;13.7;11.4;8.5;7.4;6.7;-0.5;-3.7;0.15;2.6;1.9;0;427;104;92;53;98458;1.95;0.01;0.39;0.35
1998;9;22;265;15.9;13;10.4;8.7;8;7.3;-0.5;-1.3;0.15;2.5;1.9;0;331;98;74;51;98261;1.52;0.07;0.39;0.35
1998;9;23;266;17.1;12.9;8.5;9.9;8.5;6.8;-0.5;-0.4;0.15;2.5;1.9;0;480;122;88;64;98121;1.6;0;0.39;0.35
1998;9;24;267;18.6;13.3;7.3;11;9.4;6.7;0;0.8;0.15;2.4;1.9;0;529;158;120;80;98068;1.9;0;0.38;0.35
1998;9;25;268;19.9;13.8;7.7;11.6;9.9;7.1;0.5;1.7;0.15;2.4;1.9;0;533;138;114;67;97529;1.77;0.11;0.38;0.36
1998;9;26;269;21.8;15.9;9.4;13.5;11.5;8.7;1.5;2.1;0.15;2.4;1.9;0;532;146;99;76;96974;2.07;0.01;0.38;0.36
1998;9;27;270;21.1;17.2;14.9;15.8;14.2;11.5;1;2.3;0.15;2.3;1.9;0;342;76;73;42;96511;1.38;2.12;0.38;0.36
1998;9;28;271;15.2;13.4;11.4;13.8;11.9;9.6;1.7;-0.3;0.15;2.3;1.9;0;124;30;37;25;96307;1.22;11.65;0.38;0.36
1998;9;29;272;19;13.9;9.5;12.8;9.8;8.3;0.8;0.2;0.15;2.2;1.9;0;372;101;88;56;96666;1.56;0.1;0.38;0.36
1998;9;30;273;20;14;7.4;12.3;10.2;7;0.4;1;0.15;2.2;1.9;0;518;130;109;64;96764;1.7;1.09;0.38;0.36
1998;10;1;274;19.7;15.7;12.3;14.4;12.9;11;-0.1;1.9;0.15;2.2;1.9;0;381;71;50;36;96524;1.27;2;0.38;0.36
1998;10;2;275;17.8;14.1;11.2;13.1;12.1;10.9;-0.1;-0.2;0.14;2.1;1.9;0;369;90;76;43;96430;1.32;3.88;0.38;0.36
1998;10;3;276;12.2;11.1;10.4;10.7;9.3;7.7;-1.2;-0.1;0.14;2.1;1.9;0;105;30;25;14;96739;0.83;0.62;0.38;0.36
1998;10;4;277;13.9;11.3;9.3;8.3;7.7;6.6;-1.1;0.7;0.14;2;1.9;0;198;56;47;30;96769;0.86;0.28;0.38;0.36
1998;10;5;278;14.8;11.7;9.4;12.3;10.4;8.2;-0.7;0.2;0.14;2;1.9;0;187;41;45;24;96830;0.73;6.17;0.38;0.36
1998;10;6;279;15.8;13.7;11.8;14.9;13.1;11.4;-0.9;-0.2;0.14;2;1.9;0;137;31;18;11;97139;0.56;8.46;0.39;0.36
1998;10;7;280;20.2;15.7;12.3;15.8;14.1;12.3;-1.3;0;0.14;1.9;1.9;0;350;76;71;30;97089;1.18;10;0.39;0.36
1998;10;8;281;16;13.9;11.9;14;13;11.8;-0.6;-0.3;0.14;1.9;1.9;0;160;35;47;18;97470;0.65;2.92;0.4;0.36
1998;10;9;282;18.7;14;10.7;12.4;10.7;9;0.6;1.6;0.14;1.8;1.9;0;452;109;109;60;97811;1.56;0.07;0.4;0.36
1998;10;10;283;18.4;12.6;7.5;9.2;7.5;6.3;1.8;1.4;0.14;1.8;1.9;0;465;117;111;79;97320;1.5;0;0.39;0.36
1998;10;11;284;17.3;12.5;7.2;10.4;8.4;6.4;0.3;0.3;0.14;1.8;1.9;0;457;109;111;67;97195;1.12;0.46;0.39;0.36
1998;10;12;285;14.8;11.6;9.6;10.2;9;6.6;-0.4;-0.2;0.14;1.7;1.9;0;218;56;49;28;96859;1.02;9.91;0.39;0.36
1998;10;13;286;12.7;9.2;6.1;6.6;2.8;1.1;1.5;-1.6;0.14;1.7;1.9;0;431;117;107;82;97631;1.46;0.07;0.4;0.36
1998;10;14;287;13;8.9;2.9;6.9;3.7;1.2;0.9;0.7;0.14;1.6;1.9;0;356;80;97;51;98102;0.91;1.51;0.39;0.36
1998;10;15;288;17.4;12.5;7.5;11.7;9.3;6;0.3;0.4;0.14;1.6;1.9;0;323;90;81;49;97982;1.14;0.85;0.39;0.36
1998;10;16;289;17.1;13;9.2;12.4;10.6;8.5;-0.3;0.5;0.14;1.6;1.9;0;328;66;67;41;97992;0.7;0.62;0.39;0.36
1998;10;17;290;18.8;13.1;7.5;10.1;8.7;6.6;1.9;2.2;0.14;1.6;1.9;0;406;108;99;75;97400;1.26;0;0.39;0.36
1998;10;18;291;17;12.5;9.4;13.4;10.5;8;-0.4;0.1;0.14;1.6;1.9;0;295;59;75;44;97431;0.9;16.66;0.39;0.36
1998;10;19;292;9.5;8.9;7.1;8.1;7.1;5.7;-0.1;-0.9;0.14;1.5;1.9;0;82;18;20;18;97463;0.83;19.39;0.4;0.37
1998;10;20;293;12.1;7.7;3.2;5.8;3.5;0.8;1.1;-0.5;0.13;1.5;1.9;0;231;56;105;52;97755;0.9;3.7;0.42;0.37
1998;10;21;294;11.8;6.4;1.5;4.2;2.5;0.8;0.5;1.4;0.13;1.5;1.9;0;381;93;103;69;98613;0.8;0;0.41;0.37
1998;10;22;295;15.5;8.7;2.9;7.7;4.7;1.6;0.3;0.5;0.13;1.5;1.9;0;444;115;125;82;98570;0.93;0;0.41;0.37
1998;10;23;296;16.4;9.3;3.5;7.9;5.4;2.7;0.1;0.8;0.13;1.5;1.9;0;435;112;119;77;98234;0.98;0;0.4;0.37
1998;10;24;297;11.5;7.3;4;8.2;5.8;3.6;0.3;0.3;0.13;1.5;1.9;0;201;45;67;46;97437;0.29;0.08;0.4;0.37
1998;10;25;298;10.6;7.7;3.8;9.2;6.7;3.3;0.2;0.7;0.13;1.5;1.9;0;150;28;52;27;96252;0.41;8.45;0.4;0.37
1998;10;26;299;12.8;7.1;2.6;5.5;2.3;-1.1;1.1;-0.6;0.13;1.4;1.9;0;419;102;126;71;96830;1.14;0.06;0.4;0.37
1998;10;27;300;11.9;7.1;2.5;2.6;1.3;-1.1;0.8;0.5;0.13;1.4;1.9;0;394;94;111;65;97598;0.89;0.07;0.4;0.38
1998;10;28;301;14.6;9.8;5.5;6.9;4.8;1.9;2.1;2;0.13;1.4;1.9;0;228;49;84;53;96985;0.78;0.9;0.4;0.38
1998;10;29;302;17.5;11.3;5.4;9.6;7.4;3.6;2.2;0.6;0.13;1.4;1.9;0;265;66;90;52;96658;1.16;4.09;0.4;0.38
1998;10;30;303;12.4;6.6;1.2;3;0.7;-1.8;1.2;1.3;0.13;1.4;1.9;0;421;103;125;91;97219;1.1;0.16;0.4;0.38
1998;10;31;304;10.1;5.7;1.4;2.2;-0.4;-3.1;0.7;1.3;0.13;1.4;1.9;0;378;89;112;81;97234;0.82;0.01;0.39;0.38
1998;11;1;305;13.6;7.8;3.5;6.8;3.3;-0.6;1.4;1.3;0.12;1.4;1.9;0;314;60;101;58;96024;0.7;0.55;0.39;0.38
1998;11;2;306;10.6;6.1;0.2;2.3;0.8;-1.6;0.2;1.4;0.12;1.4;1.9;0;352;82;100;70;96839;0.61;0;0.39;0.38
1998;11;3;307;15.5;9.4;3.4;9.4;5.4;0.5;0.4;1.3;0.12;1.3;1.9;0;381;87;100;46;96286;0.78;2.61;0.39;0.38
1998;11;4;308;9.2;7.8;6.6;8;6.4;5.4;-0.1;-1;0.12;1.3;1.9;0;68;16;22;9;96169;0.75;20.55;0.39;0.38
1998;11;5;309;7.9;4.9;0.8;5.1;3.2;0.5;1.2;0.9;0.12;1.3;1.9;0;224;44;112;52;97470;0.68;11.14;0.41;0.38
1998;11;6;310;9.5;3.3;-1.2;1.9;-0.2;-2.3;1;0.4;0.12;1.3;1.9;0;395;92;125;76;98232;0.6;0;0.41;0.38
1998;11;7;311;9.2;4.2;-0.3;2.4;0.5;-2.1;0.2;-0.1;0.12;1.3;1.9;0;314;69;95;65;98713;0.44;0.05;0.41;0.38
1998;11;8;312;9;3.7;0.1;2.8;1;-1;0.6;1;0.12;1.3;1.9;0;378;84;118;69;98568;0.48;0;0.4;0.38
1998;11;9;313;8.4;5.4;1.5;3.6;2.3;0.2;0.2;0.3;0.12;1.3;1.9;0;173;37;48;20;98038;0.35;0.68;0.4;0.38
1998;11;10;314;9.4;7.2;4.3;7.8;5.7;3.2;0.2;0.4;0.12;1.2;1.9;0;112;30;41;20;97262;0.35;15.77;0.4;0.39
1998;11;11;315;10;6.6;2.3;6.6;1.4;-2.5;1.4;-1.8;0.12;1.2;1.9;0;338;69;109;65;97366;0.77;0.43;0.41;0.39
1998;11;12;316;6.4;2.5;-0.9;-1.2;-2.1;-3.6;0;-0.2;0.12;1.2;1.9;0;354;79;106;81;97343;0.42;0;0.41;0.39
1998;11;13;317;6.1;2;-1.7;-0.3;-1.5;-2.7;-0.1;0.3;0.11;1.2;1.9;0;347;77;110;72;97156;0.37;0;0.41;0.39
1998;11;14;318;5.4;1.6;-0.7;0.3;-0.8;-2;-0.1;1.2;0.11;1.2;1.9;0;258;56;86;44;96517;0.3;2.34;0.4;0.39
1998;11;15;319;8.4;2.9;-1.2;2.1;-0.6;-2.9;1.4;-0.6;0.12;1.2;1.9;0.21;330;68;107;58;96542;0.63;3.5;0.4;0.39
1998;11;16;320;7.4;2;-1.5;0.8;-1.6;-3.4;0.1;0.1;0.11;1.2;1.9;0.17;290;66;100;62;97277;0.35;0.45;0.4;0.39
1998;11;17;321;4.6;1;-1.3;-0.3;-3.8;-8.2;1.1;-0.7;0.11;1.2;1.9;0.17;321;68;97;70;97782;0.74;1.53;0.4;0.39
1998;11;18;322;3.1;-0.2;-2.8;-5.4;-7.4;-8.8;0.7;-0.4;0.11;1.2;1.9;0.2;314;65;107;73;98054;0.3;0.02;0.4;0.39
1998;11;19;323;2.1;-1;-3.2;-4.7;-6.1;-6.7;0.5;0.6;0.11;1.2;1.9;0.25;286;67;110;78;98074;0.09;0;0.4;0.39
1998;11;20;324;0.7;-2;-3.7;-5.6;-8.2;-10.8;-0.7;-2.4;0.12;1.2;1.9;0.31;299;63;102;71;98324;0.07;0.23;0.4;0.39
1998;11;21;325;-2.8;-4.2;-5.4;-11;-12.3;-14.1;-1.1;-3.7;0.12;1.2;1.9;0.71;262;55;79;54;98857;0.07;1.1;0.39;0.39
1998;11;22;326;-1.3;-2.7;-4.3;-4.5;-7.2;-10.9;-1;-1.9;0.15;1.2;1.9;2.55;75;19;40;20;98909;0.05;2.77;0.39;0.39
1998;11;23;327;0.5;-0.7;-2.2;-1.4;-2.4;-4.3;0;-1.7;0.27;1.2;1.9;10.26;46;10;26;14;98052;0.08;7.86;0.39;0.39
1998;11;24;328;4.2;1.2;-0.3;0.6;-0.7;-1.6;0.7;0.3;0.29;1.2;1.9;11.39;132;30;75;25;97795;0.08;0.32;0.39;0.39
1998;11;25;329;3.2;1.1;-0.2;0.3;-0.5;-1.6;-0.4;0.1;0.26;1.2;1.9;10.07;120;23;36;13;97642;0.09;0.4;0.39;0.39
1998;11;26;330;3.6;0.6;-1.3;-0.2;-0.7;-1.9;-0.3;0.1;0.25;1.2;1.9;9.3;150;32;59;28;97623;0.23;0.58;0.39;0.39
1998;11;27;331;4.5;0.2;-2.1;-0.4;-1.6;-2.7;-0.1;0.7;0.23;1.2;1.9;8.29;249;54;101;51;97755;0.27;0.11;0.39;0.39
1998;11;28;332;2;-0.1;-1.9;-0.6;-1.5;-2.3;-0.5;-0.3;0.22;1.2;1.9;7.58;108;25;45;18;98008;0.11;0.18;0.39;0.39
1998;11;29;333;1.3;0.3;-0.6;-0.1;-0.8;-1.5;-0.7;-0.1;0.22;1.2;1.9;7.73;68;13;17;9;97470;0.07;1.32;0.39;0.39
1998;11;30;334;1.9;0.8;-0.1;1;0.3;-0.2;-0.7;-0.7;0.23;1.2;1.9;8.54;53;11;16;10;97969;0.06;2.47;0.39;0.39
1998;12;1;335;0.5;-0.6;-2;0.3;-2.3;-4.9;-1.2;-1.4;0.26;1.2;1.9;10.62;64;12;18;12;98679;0.32;4.71;0.39;0.39
1998;12;2;336;-0.8;-1.6;-2.4;-2.9;-3.8;-4.3;-0.6;-1;0.33;1.2;1.9;16.35;63;12;21;11;98778;0.19;4.14;0.39;0.39
1998;12;3;337;-0.5;-1.5;-2.5;-2.7;-3.2;-3.8;-0.5;0.9;0.34;1.2;1.9;17.29;74;15;21;10;98136;0.19;0.14;0.39;0.39
1998;12;4;338;-1.7;-2.4;-3.3;-3;-3.5;-4.2;-0.4;-0.3;0.34;1.2;1.9;23.31;38;7;14;10;96480;0.08;14.26;0.38;0.39
1998;12;5;339;1;-3.6;-10.7;-2.8;-5.5;-12.4;1;0.9;0.35;1.2;1.9;31.52;165;34;80;47;96328;0.2;0.33;0.38;0.39
1998;12;6;340;-1.5;-8.6;-15;-6.8;-12.2;-17.2;1.9;0.3;0.35;1.2;1.9;31.33;193;40;116;60;96800;0.26;0.03;0.38;0.39
1998;12;7;341;-1.1;-9;-14.4;-7.4;-12.8;-17;1.6;0;0.35;1.2;1.9;31.15;212;43;107;64;97737;0.32;0;0.38;0.39
1998;12;8;342;-2.9;-10.1;-17.6;-7.6;-13.4;-20.1;1.2;0.2;0.35;1.2;1.9;31.01;156;36;76;41;98456;0.2;0.17;0.38;0.39
1998;12;9;343;-3.7;-12.5;-18.1;-8.2;-15.3;-20.5;1.3;0.1;0.35;1.2;1.9;31;218;46;102;56;98589;0.21;0.01;0.38;0.39
1998;12;10;344;-3;-10.6;-19.2;-7.8;-14.2;-21.7;0.3;-0.3;0.34;1.2;1.9;30.85;218;44;95;41;98137;0.26;0.41;0.38;0.39
1998;12;11;345;-3.6;-5.9;-7.8;-5.8;-7.4;-9.8;-0.6;0.5;0.35;1.2;1.9;32.25;131;27;33;14;98093;0.17;1.84;0.38;0.39
1998;12;12;346;0.1;-5;-10.4;-3;-6.7;-11.6;0.3;0.9;0.34;1.2;1.9;32.77;144;33;87;42;98416;0.2;0.08;0.37;0.39
1998;12;13;347;3.3;-2.3;-11.3;-0.2;-4.9;-12.7;1.6;0.2;0.34;1.2;1.9;32.05;125;24;72;31;98220;0.09;0.17;0.37;0.39
1998;12;14;348;5.1;2.8;0.6;0;-1.3;-4.5;2.2;-0.9;0.34;1.2;1.9;29.99;106;20;72;35;98536;0.3;2.24;0.38;0.39
1998;12;15;349;7.5;1.2;-4;4.4;0.1;-5.1;1.2;0.1;0.33;1.2;1.9;26.46;135;28;72;29;98585;-0.08;0.06;0.38;0.39
1998;12;16;350;7.5;-0.2;-4.9;2.2;-2.6;-6.3;1.5;-0.6;0.33;1.2;1.9;22.08;167;38;90;48;98542;0.02;0;0.38;0.39
1998;12;17;351;3.5;-0.9;-4;0.2;-3.2;-6;1.3;0;0.32;1.2;1.9;18.83;148;28;81;36;98812;0.05;0;0.39;0.39
1998;12;18;352;7.3;0.1;-4.1;0.9;-3.5;-7.6;0.9;0.5;0.3;1.2;1.9;16.41;214;46;103;55;98269;0.09;0;0.39;0.39
1998;12;19;353;4.1;-0.8;-3;-1.9;-4;-5.8;0.3;0.3;0.27;1.2;1.9;14.35;220;46;100;51;97286;0.2;0;0.39;0.39
1998;12;20;354;4.1;-0.7;-3.9;-0.5;-2.8;-5.8;0;0;0.26;1.1;1.9;13.01;197;40;91;38;96731;0.12;2.07;0.39;0.39
1998;12;21;355;1.5;-0.3;-2.5;-0.4;-2.5;-6.3;0.2;-1.4;0.33;1.1;1.9;18.11;81;17;46;22;96954;0.19;5.66;0.39;0.39
1998;12;22;356;1.3;-2.6;-7.4;-4.8;-8;-11.2;0.8;-0.8;0.34;1.1;1.9;18.57;191;37;91;47;98076;0.25;0.17;0.39;0.39
1998;12;23;357;0.4;-2.5;-5.6;-3.1;-5.3;-7.1;0.1;0.6;0.33;1.1;1.9;18.33;132;27;61;32;98555;0.16;0.5;0.39;0.39
1998;12;24;358;-2.4;-5.6;-7.8;-5.9;-7.8;-9.7;-0.1;1.5;0.33;1.1;1.9;18.17;143;29;57;31;98514;0.22;0.03;0.39;0.39
1998;12;25;359;-1.4;-6.4;-10.5;-5.6;-8.9;-11.4;-0.2;1;0.33;1.1;1.9;17.97;203;42;95;50;98805;0.25;0;0.39;0.39
1998;12;26;360;0;-7.1;-12;-4.2;-9.7;-14.3;0.4;0.9;0.32;1.1;1.9;17.64;187;40;83;45;98440;0.23;0;0.38;0.39
1998;12;27;361;0.6;-4.8;-9.8;-3;-7.6;-12.1;0.8;1;0.32;1.1;1.9;17.38;90;18;61;30;97809;0.14;0;0.38;0.39
1998;12;28;362;2.9;-2.9;-7.5;-0.5;-4.9;-8.9;0.7;0.8;0.31;1.1;1.9;16.63;174;37;76;43;97699;0.03;0;0.38;0.39
1998;12;29;363;3.6;-2.4;-7.5;-0.9;-4.4;-9.1;0.4;-0.1;0.29;1.1;1.9;15.23;210;43;87;45;97984;0.12;0.01;0.38;0.39
1998;12;30;364;0.3;-2.2;-4.7;-0.9;-3;-5.2;-0.2;0.4;0.28;1.1;1.9;14.55;112;21;31;12;98097;0.11;0.09;0.38;0.39
1998;12;31;365;0.5;-1.5;-2.5;-1.1;-2.1;-2.8;-0.8;1.2;0.28;1.1;1.9;14.7;92;19;37;15;98282;0.06;0.25;0.38;0.39
1999;1;1;1;2.6;-1.3;-3.4;-0.4;-2.3;-3.8;-0.6;1.2;0.28;1.1;1.9;14.46;140;29;49;29;97954;0.09;0.04;0.38;0.39
1999;1;2;2;4.3;-0.7;-4.7;1;-2;-5.4;-0.1;0.4;0.26;1.1;1.9;13.29;204;39;71;26;97487;0.08;0.41;0.38;0.39
1999;1;3;3;4;-0.2;-3;1.3;-1.1;-3.3;0.1;0.1;0.25;1.1;1.9;12.01;141;28;62;25;97155;0.11;0.19;0.38;0.39
1999;1;4;4;6.7;1.1;-4;1.9;-0.9;-4.8;1;0.5;0.23;1;1.9;10.28;243;49;96;34;97618;0.13;0.01;0.38;0.39
1999;1;5;5;8.7;2;-1.5;4.4;0.1;-2.8;1.2;0.4;0.2;1;1.9;7.91;233;48;84;47;98146;0.06;0;0.38;0.39
1999;1;6;6;8.4;1.1;-2.7;3.7;-1.1;-4.4;1.1;0.3;0.17;1;1.9;6.21;264;57;100;60;97951;0.1;0;0.38;0.39
1999;1;7;7;7.9;0.2;-3.8;2.6;-2.6;-5.7;1.3;0.2;0.16;1;1.9;5.01;275;60;109;63;96947;0.07;0;0.38;0.39
1999;1;8;8;4.6;0.4;-2.4;1.7;-1.1;-3.3;1.1;0.1;0.15;1;1.9;4.27;136;27;66;33;96370;0.01;0.13;0.38;0.39
1999;1;9;9;4.2;0;-4;2;-1;-5.1;0.9;0.5;0.15;1;1.9;4.32;157;33;85;42;96340;0.05;4.99;0.39;0.39
1999;1;10;10;4;-1.1;-5;-0.3;-2.7;-6;-0.1;0.3;0.15;1;1.9;3.98;285;60;110;59;97117;0.15;0.61;0.39;0.39
1999;1;11;11;1.2;0.1;-0.7;0.5;-0.6;-1.3;-0.6;0;0.24;1;1.9;9.29;48;11;37;10;96807;0.02;8.68;0.39;0.39
1999;1;12;12;4.8;0.9;-1.2;0.8;-0.4;-1.8;-0.1;0.1;0.25;1;1.9;9.89;207;45;85;39;97001;0.1;2.92;0.39;0.39
1999;1;13;13;2.4;-0.6;-5.4;0.3;-2;-6.4;0.2;-0.3;0.27;1;1.9;11.1;125;26;60;33;96661;0.12;1.29;0.39;0.39
1999;1;14;14;3.9;-2.3;-9.2;-2.2;-5.6;-11.2;1.3;0.8;0.26;1;1.9;10.25;257;56;104;52;96982;0.28;0.47;0.39;0.39
1999;1;15;15;5.8;-0.8;-5.2;-1.1;-4.5;-7.9;1.5;0.7;0.24;1;1.9;9.25;231;53;104;65;97571;0.2;0;0.39;0.39
1999;1;16;16;5.2;-0.4;-4.1;-0.9;-4.3;-7.3;1.7;0.9;0.22;1;1.9;7.93;188;43;75;52;97536;0.11;0;0.39;0.39
1999;1;17;17;7.1;0;-3.4;1.4;-2.9;-5.5;1.4;0.9;0.2;1;1.9;6.62;295;66;115;71;97565;0.04;0;0.39;0.39
1999;1;18;18;4.1;0.3;-3.3;1.2;-1.7;-5;0.2;-0.3;0.18;1;1.9;5.46;202;43;67;35;98072;0.04;0;0.39;0.39
1999;1;19;19;5.6;0.6;-2.7;1;-1.3;-3.4;0.4;0.3;0.17;0.9;1.9;4.56;281;62;111;57;98492;0.1;0;0.39;0.39
1999;1;20;20;3.1;-1.2;-3.5;-0.5;-2.8;-5.1;-0.2;0.6;0.15;0.9;1.9;3.83;281;60;88;56;98554;0.08;0.02;0.39;0.39
1999;1;21;21;1.7;-1.8;-3.7;-1.7;-3;-4.3;-0.4;0.7;0.15;0.9;1.9;3.46;259;57;85;50;98506;0.06;0.09;0.39;0.39
1999;1;22;22;1.3;-2.6;-4.5;-3.1;-4.3;-5.1;-0.1;0.5;0.15;0.9;1.9;3.34;253;56;99;57;98369;0.08;0.08;0.39;0.39
1999;1;23;23;3.9;-1.8;-5.4;-2;-4.1;-6.5;-0.1;0.5;0.14;0.9;1.9;3.04;277;66;97;60;98325;0.05;0;0.39;0.39
1999;1;24;24;2.8;-2;-5;-2.1;-3.9;-5.4;0;0.8;0.14;0.9;1.9;2.7;291;65;98;59;98394;0.05;0.01;0.39;0.39
1999;1;25;25;5.8;-1;-4.9;-1.6;-4.4;-7.2;0.5;0.9;0.13;0.9;1.9;2.34;326;73;107;64;98307;0.06;0;0.39;0.39
1999;1;26;26;6.9;-0.5;-5.4;-2;-4.3;-7;0.9;0.6;0.13;0.9;1.9;1.93;343;75;113;64;97200;0.06;0;0.38;0.39
1999;1;27;27;3.5;-0.1;-1.9;0.9;-1.2;-2.8;0.9;0.3;0.13;0.9;1.9;1.92;201;35;37;25;96263;0.18;3.13;0.39;0.39
1999;1;28;28;5.4;0.2;-4.4;-2.1;-4.3;-6.5;0.9;0.5;0.13;0.9;1.9;1.78;326;76;107;70;96273;0.25;0.45;0.39;0.39
1999;1;29;29;1.6;-2.1;-5.9;-2.2;-8;-13.9;-0.1;-3.4;0.14;0.9;1.9;2.67;317;71;116;69;96902;0.39;1.27;0.38;0.39
1999;1;30;30;-4.6;-6.5;-8.2;-13.9;-16.9;-19.3;0.1;-4.9;0.14;0.9;1.9;2.77;299;69;98;86;98152;0.11;0.04;0.38;0.39
1999;1;31;31;-2.4;-5.2;-7.3;-13.9;-15.2;-16.4;0.3;-3.4;0.14;0.9;1.9;2.66;257;65;86;72;98522;0.11;0.07;0.38;0.39
1999;2;1;32;-0.2;-3.8;-8;-10.4;-14.2;-16.6;0.4;-0.8;0.14;0.9;1.9;2.63;360;79;115;66;98670;0.05;0.23;0.38;0.39
1999;2;2;33;2.1;-0.2;-2.3;-1.8;-4.4;-9.8;1.1;-0.2;0.18;0.9;1.9;4.98;101;23;30;16;98509;0.06;3.44;0.38;0.39
1999;2;3;34;8.1;2.2;-1.3;1.2;-2.2;-4;1.4;0;0.18;0.9;1.9;5.3;296;61;87;38;98529;0.08;0.25;0.38;0.39
1999;2;4;35;7.2;1.5;-1.5;2.3;-0.4;-2.8;1.1;0.7;0.17;0.9;1.9;4.39;211;36;87;34;97749;0.05;0.55;0.38;0.39
1999;2;5;36;11.6;3.8;-2;0.7;-2.3;-5;2.1;-0.4;0.15;0.9;1.9;3.27;360;85;115;66;96194;0.39;0.06;0.38;0.39
1999;2;6;37;5.4;0.9;-2.8;-4.8;-6.9;-8.4;2.2;-0.4;0.14;0.8;1.9;2.5;371;87;113;84;96105;0.31;0.19;0.38;0.39
1999;2;7;38;6.7;1.2;-3.1;-2.3;-5;-8.2;1.2;0.9;0.13;0.8;1.9;2.18;319;70;91;60;95681;0.14;0.06;0.38;0.39
1999;2;8;39;2.8;-0.4;-3.8;-3.4;-8.2;-12;1.2;-1.2;0.13;0.8;1.9;2.18;303;71;117;66;95900;0.21;0.25;0.38;0.39
1999;2;9;40;3.5;-0.2;-3.9;-0.1;-5.5;-13.2;-0.2;1.3;0.14;0.8;1.9;3.06;261;64;77;42;95607;0.13;9.28;0.38;0.39
1999;2;10;41;-1.2;-2.7;-4.3;-3.2;-6.8;-8.8;-0.4;-3;0.33;0.8;1.9;15.8;116;28;37;27;95993;0.5;8.04;0.38;0.39
1999;2;11;42;-3.1;-4.7;-6;-9.3;-10.7;-11.3;0.2;-4.1;0.35;0.8;1.9;19.35;182;42;51;34;96424;0.65;2.1;0.38;0.39
1999;2;12;43;-2.5;-5;-6.7;-10.4;-11.4;-12.4;1;-3.7;0.35;0.8;1.9;19.87;258;62;74;50;97225;0.7;1.04;0.38;0.39
1999;2;13;44;-1;-4;-5.9;-6.3;-8.6;-11.3;1.3;-1.3;0.35;0.8;1.9;21.71;187;40;47;26;97640;0.4;3.59;0.37;0.39
1999;2;14;45;-0.3;-3.7;-7.3;-4.8;-6.7;-8.3;0.2;-0.4;0.35;0.8;1.9;24;208;50;59;32;98048;0.37;1.46;0.37;0.39
1999;2;15;46;0.6;-6.7;-14.7;-5.6;-9.6;-16.3;0.9;0.6;0.35;0.8;1.9;24.01;329;82;118;66;98156;0.33;0.06;0.37;0.39
1999;2;16;47;3.2;-5.1;-17.3;-3;-9;-19.1;1.6;0.9;0.35;0.8;1.9;23.17;333;79;107;57;96974;0.41;0.06;0.37;0.39
1999;2;17;48;4.4;-2.8;-10.6;-2.6;-7.5;-12.3;2.2;-0.4;0.34;0.8;1.9;21.54;254;67;105;72;96308;0.46;0.48;0.37;0.39
1999;2;18;49;2.9;-5.7;-14.4;-7.2;-11.6;-17.2;1.7;-0.5;0.34;0.8;1.9;19.5;334;86;120;82;97055;0.51;0;0.37;0.39
1999;2;19;50;3.8;-2.8;-13.2;-2.6;-7.1;-16;1.2;0.7;0.34;0.8;1.9;17.91;285;68;90;36;97555;0.34;0.18;0.37;0.39
1999;2;20;51;8.7;2.7;-0.7;0.7;-0.7;-2.5;1.4;0.6;0.31;0.8;1.9;15.04;289;59;81;32;97040;0.1;0.55;0.38;0.39
1999;2;21;52;4.6;1.4;-1.4;1.4;-0.3;-2;-0.1;0.1;0.27;0.9;1.9;12.2;192;46;52;30;96691;0.18;3.7;0.38;0.39
1999;2;22;53;3.6;0;-2.8;1.4;-1.1;-5;1.1;0;0.26;0.9;1.9;11.46;105;21;42;25;95338;0.03;11.59;0.39;0.39
1999;2;23;54;5.4;0.1;-4.5;-5.6;-7.5;-9.7;2.5;-0.4;0.25;0.9;1.9;10.84;352;87;102;70;95723;0.66;0.4;0.39;0.39
1999;2;24;55;5.6;0.7;-4.3;-6;-8.1;-9.4;1.3;0.1;0.23;0.9;1.9;9.46;417;99;124;66;96515;0.4;0.14;0.39;0.39
1999;2;25;56;6.1;0.5;-4.4;-5;-6.9;-8.2;0.9;-0.2;0.21;0.9;1.9;7.91;459;121;140;83;97443;0.33;0.01;0.39;0.39
1999;2;26;57;8.7;2.2;-3.8;-1.8;-5;-7.7;1;0.6;0.19;0.9;1.9;6.21;371;95;97;56;97709;0.23;0;0.39;0.39
1999;2;27;58;14.8;5.2;-1.4;1.2;-1.2;-3.6;1.3;1.1;0.17;0.9;1.9;4.22;472;127;125;76;97388;0.61;0;0.39;0.39
1999;2;28;59;14;6;-1.9;3.4;0;-4;0.5;0.4;0.15;0.9;1.9;2.38;455;124;117;68;97794;0.52;0;0.39;0.39
1999;3;1;60;12.8;6.9;2.2;2.1;0.6;-0.5;0.6;0.8;0.13;0.9;1.9;1.36;494;135;130;71;97744;0.74;0.01;0.39;0.39
1999;3;2;61;10.8;5.6;0.8;5.3;2.2;-0.8;1.2;0.6;0.13;0.9;1.9;0.83;319;59;65;33;97124;0.23;0.05;0.39;0.39
1999;3;3;62;13;7;0.2;4.7;3;-0.5;2;2.2;0.12;0.9;1.9;0.47;462;128;107;69;96534;0.72;0;0.39;0.39
1999;3;4;63;13.8;9.6;6.2;5.1;4.3;3.5;1.1;3.6;0.12;1;1.9;0.13;491;130;113;78;95869;1;0.58;0.39;0.39
1999;3;5;64;10.6;6.7;1.8;6.1;3;0.5;0.4;2.3;0.12;1;1.9;0;330;73;98;55;95276;0.8;3.87;0.39;0.39
1999;3;6;65;9.4;4.5;-0.3;3.8;1.6;-1.2;0.2;0.9;0.12;1;1.9;0;364;100;88;55;95927;0.72;2.92;0.39;0.39
1999;3;7;66;7.7;3;-0.3;4.1;1.1;-1;0.6;0.8;0.12;1;1.9;0.04;373;93;93;57;96229;0.8;3.26;0.39;0.39
1999;3;8;67;9.4;3.4;-2;0.7;-3.7;-7.2;1.1;1;0.12;1;1.9;0.16;534;139;126;80;96968;1.03;0.55;0.39;0.39
1999;3;9;68;11.1;5.8;0.2;2.1;-0.1;-4;1.8;1.8;0.12;1;1.9;0.1;446;122;101;74;96866;0.78;0.13;0.39;0.39
1999;3;10;69;14.4;7.6;0.6;3.6;2.3;-0.5;2;1.4;0.12;1;1.9;0.03;528;141;122;81;97023;0.93;0;0.39;0.39
1999;3;11;70;11.9;7.3;2.5;6.1;3.8;-1;-0.6;0;0.12;1;1.9;0;352;104;80;55;97380;0.87;0.98;0.39;0.39
1999;3;12;71;12;6.2;2.6;3;0.7;-1.9;-1.1;0.2;0.12;1;1.9;0;438;120;93;57;97824;0.9;0;0.39;0.39
1999;3;13;72;12.4;6;0;5.2;2.6;-0.3;-1;-0.4;0.13;1;1.9;0;529;148;111;72;97772;0.92;0.15;0.38;0.39
1999;3;14;73;11.9;6.4;2;3.5;1.8;0;-1;0.4;0.13;1.1;1.9;0;506;133;109;59;98144;0.89;0;0.38;0.39
1999;3;15;74;13.5;6.9;1.2;6.1;3.2;-0.3;-1.1;-0.1;0.13;1.1;1.9;0;540;136;109;57;98180;1.01;2.1;0.38;0.39
1999;3;16;75;5.6;3.2;0.6;3.5;-0.4;-5.8;-1.5;-1.3;0.13;1.1;1.9;0;336;83;74;42;98384;1.41;2.87;0.38;0.39
1999;3;17;76;3.5;1.2;-0.5;-4.3;-5.3;-5.9;-1.8;-2.8;0.14;1.1;1.9;0.64;366;90;88;52;98494;0.79;1.2;0.38;0.39
1999;3;18;77;5.1;1.6;-1.4;-4.1;-5.4;-7.1;-1.7;-2.3;0.14;1.1;1.9;0.87;462;127;97;77;97938;0.87;0.23;0.38;0.39
1999;3;19;78;8.4;3.5;-0.8;-1.9;-4.4;-6.6;-0.6;-2;0.14;1.1;1.9;0.74;526;146;110;71;97278;0.98;0;0.38;0.39
1999;3;20;79;8.6;4.3;0.9;-1.7;-4.1;-5.3;1.1;-2.7;0.14;1.2;1.9;0.54;386;127;109;74;97438;1.04;0.19;0.38;0.39
1999;3;21;80;11;5;-1.4;-0.9;-3.4;-5;0.7;0.2;0.14;1.2;1.9;0.36;527;150;108;81;97199;1.14;0.04;0.37;0.39
1999;3;22;81;10.1;4.7;-1.3;3;0.3;-3.2;1.3;1.5;0.13;1.2;1.9;0.21;389;111;68;55;96475;0.8;2.07;0.37;0.39
1999;3;23;82;9.6;5.3;2.3;2.8;1.5;-0.2;0.5;0.3;0.13;1.2;1.9;0.15;427;96;101;47;96828;0.92;4.22;0.38;0.39
1999;3;24;83;14.2;7.6;0.7;3.5;1.5;-0.9;0.1;0.3;0.13;1.2;1.9;0.05;538;134;111;63;97423;1.15;0.05;0.38;0.39
1999;3;25;84;17;10;1.9;2.8;0.7;-0.7;1.1;2.7;0.13;1.2;1.9;0;627;191;140;94;97084;1.79;0.01;0.37;0.39
1999;3;26;85;15.8;10.7;6.1;6.1;4.1;-0.7;1.6;3.3;0.14;1.3;1.9;0;545;157;105;84;96592;1.42;0.07;0.37;0.39
1999;3;27;86;14.5;9.6;5.4;8.4;6.4;4.6;0.2;1.8;0.14;1.3;1.9;0;410;100;80;55;96239;1.29;5.06;0.37;0.39
1999;3;28;87;13.5;8.2;2.1;7.9;5.1;1.8;0.1;-0.8;0.14;1.3;1.9;0;451;124;93;51;96408;1.34;7.96;0.37;0.39
1999;3;29;88;13.8;9.2;5.1;5.9;4.5;2.9;0.4;-2.3;0.14;1.3;1.9;0;401;115;75;44;97184;1.74;3.5;0.38;0.39
1999;3;30;89;13.1;9.5;6.5;6.1;4.5;3;0.3;-2.2;0.14;1.3;1.9;0;325;105;75;43;97519;1.58;2.34;0.38;0.39
1999;3;31;90;16;11.1;6.3;5.2;3.2;1.1;0.4;-2.2;0.14;1.4;1.9;0;576;159;113;70;97537;1.74;0.08;0.38;0.39
1999;4;1;91;16.2;10.9;4.6;5.6;3.7;2.5;-0.1;-1.5;0.14;1.4;1.9;0;569;179;129;84;97405;1.78;0.35;0.38;0.39
1999;4;2;92;16.6;10.7;3.5;4.6;2.2;-0.2;-0.1;-2.1;0.14;1.4;1.9;0;651;191;141;79;97252;1.98;0.07;0.37;0.39
1999;4;3;93;17.2;12;6.6;4.6;1.7;-0.9;-0.2;-2.6;0.14;1.4;1.9;0;623;200;141;92;97640;2.17;0;0.37;0.39
1999;4;4;94;18.4;11.9;3.5;8;3.4;1.6;0.4;-0.9;0.14;1.4;1.9;0;630;187;132;83;97909;1.95;0.03;0.37;0.39
1999;4;5;95;16.4;11.9;6.3;8.3;5.2;3.9;1;-1.3;0.14;1.4;1.9;0;536;154;109;67;98370;1.8;0.64;0.37;0.39
1999;4;6;96;19.5;12;3.5;5.8;4.3;2.3;0.8;0.6;0.14;1.5;1.9;0;640;191;128;88;98203;2.05;0;0.36;0.39
1999;4;7;97;20.4;12.8;5.8;8.5;5.7;3.8;1.3;0.1;0.14;1.5;1.9;0;625;194;124;73;97043;2.22;2.79;0.36;0.39
1999;4;8;98;10.1;8.3;6.8;7.8;6.2;4.5;0.7;-1.2;0.14;1.5;1.9;0;153;51;53;30;97276;1.5;8.69;0.37;0.39
1999;4;9;99;13.2;9.2;4.9;4.7;3;1.6;-1;-2;0.15;1.5;1.9;0;429;133;81;65;97870;1.53;0.01;0.37;0.39
1999;4;10;100;15.2;10.1;4;5.6;3.3;1.8;0.1;-0.8;0.15;1.5;1.9;0;539;159;95;69;97561;1.61;0;0.37;0.39
1999;4;11;101;15.6;10.6;5.1;7.8;5.1;3;1.6;-0.7;0.15;1.6;1.9;0;387;98;61;42;96984;1.26;0.51;0.36;0.39
1999;4;12;102;13.7;10.3;6.3;6.6;5.1;2.9;0.3;1.5;0.15;1.6;1.9;0;348;117;83;61;96559;1.23;0.37;0.36;0.39
1999;4;13;103;12.4;8.9;4.8;8.2;6.1;3.8;0.4;1.1;0.15;1.6;1.9;0;454;110;80;48;95746;1.93;5.02;0.36;0.39
1999;4;14;104;13.9;8.3;-0.3;6.1;3.1;-1;0.4;1.4;0.15;1.6;1.9;0;448;159;109;86;96278;1.96;1.68;0.36;0.39
1999;4;15;105;16.9;12.1;7.7;6.4;3.9;2.7;1.4;3.5;0.15;1.6;1.9;0;626;200;122;88;96501;2.31;0;0.36;0.39
1999;4;16;106;11.9;9.6;6.5;9.5;7.4;3.9;-0.8;1.7;0.15;1.7;1.9;0;198;46;69;26;96306;0.89;18.17;0.37;0.39
1999;4;17;107;12.1;8.8;4.9;8.8;6.2;3;-0.3;-0.1;0.15;1.7;1.9;0;449;110;102;45;95962;1.69;10.01;0.38;0.39
1999;4;18;108;11.7;6.9;3;3.6;0.4;-3;-0.2;-1.9;0.15;1.7;1.9;0.05;409;124;111;55;96685;2.06;10.63;0.39;0.39
1999;4;19;109;8.8;5.9;1.9;1.8;0.1;-2.1;1;-0.3;0.15;1.8;1.9;0.03;356;131;97;69;97371;1.41;1.02;0.39;0.39
1999;4;20;110;11.9;6.6;0.6;2.6;0.4;-1.2;0.4;0;0.15;1.8;1.9;0;640;205;118;86;97389;2.02;0.4;0.39;0.39
1999;4;21;111;15.2;9;0.7;6.9;4.1;-0.1;1.3;2.2;0.15;1.8;1.9;0;559;158;91;64;97045;1.75;0.46;0.38;0.39
1999;4;22;112;16.1;11.5;7;9.5;7.8;6.1;0.4;0.8;0.16;1.8;1.9;0;403;144;96;58;97297;1.76;2.3;0.38;0.39
1999;4;23;113;14.8;10.7;6.9;11.4;8.7;6.5;0;-0.7;0.16;1.9;1.9;0;386;126;80;45;97225;1.8;7.55;0.39;0.39
1999;4;24;114;17.1;10.9;4.4;10.7;8.1;4.3;0.4;-0.8;0.16;1.9;1.9;0;580;169;99;55;97000;2.07;5.99;0.39;0.39
1999;4;25;115;17.1;11.3;6.6;10.1;8.4;6;0;-1;0.16;1.9;1.9;0;644;189;109;65;97142;2.54;7.98;0.39;0.39
1999;4;26;116;17.4;11.6;3.8;10.5;7.7;3.7;0.2;0.2;0.16;2;1.9;0;516;179;109;66;97212;2.26;0.57;0.39;0.39
1999;4;27;117;19.3;12.4;6;10.3;8.3;6;0.8;1;0.16;2;1.9;0;662;199;121;68;97218;2.41;0.28;0.39;0.39
1999;4;28;118;18.1;12.7;6.2;11.5;9.3;5.8;-0.1;-0.4;0.16;2;1.9;0;508;177;91;66;97525;2.21;1.54;0.39;0.39
1999;4;29;119;21.1;14.5;7.8;11.2;9.2;7.3;0.4;0.8;0.16;2.1;1.9;0;509;186;114;73;97168;2.58;0.29;0.39;0.39
1999;4;30;120;17.4;13.2;8.2;12;10.3;7.5;0.3;-0.5;0.16;2.1;1.9;0;452;142;69;54;97138;1.93;3.29;0.39;0.39
1999;5;1;121;19.7;14.2;9;12.5;10.6;8.4;0.7;0.4;0.16;2.1;1.9;0;572;173;93;63;97454;2.3;1.97;0.38;0.39
1999;5;2;122;20.8;14.5;7.7;12.3;10;7.5;0.2;-0.4;0.16;2.1;1.9;0;634;192;109;69;97579;2.76;2.26;0.38;0.39
1999;5;3;123;20.6;15.6;9.6;12.8;11.3;9.6;-0.3;0.7;0.16;2.2;1.9;0;428;150;96;50;97711;2.22;0.18;0.38;0.39
1999;5;4;124;17.2;14.2;9.4;14.1;12.2;8.9;-1.7;-1.6;0.16;2.2;1.9;0;224;80;55;31;97273;1.5;4.59;0.38;0.39
1999;5;5;125;12.8;10.2;8.4;9;6.2;4.3;-0.6;-1.6;0.17;2.2;1.9;0;231;67;52;26;97345;1.73;5.31;0.39;0.39
1999;5;6;126;14.1;10.4;7.3;6.3;4.1;2.4;-1.5;-0.4;0.17;2.3;1.9;0;598;196;101;64;97955;2.52;0.86;0.38;0.39
1999;5;7;127;13.2;10.3;7.4;7;6.2;5.5;-1;1.5;0.17;2.3;1.9;0;248;82;40;28;97769;1.38;0.19;0.38;0.39
1999;5;8;128;21.4;14.4;6.9;11.5;9.1;5.7;0.2;1.2;0.17;2.3;1.9;0;681;223;114;77;97180;2.97;0.02;0.38;0.39
1999;5;9;129;18.4;14.2;9.2;12;10.8;8.7;0.6;-0.3;0.17;2.4;1.9;0;425;128;94;50;97688;1.92;2.87;0.38;0.39
1999;5;10;130;21.9;15.2;6.9;12.3;9.9;6.9;0.5;1.4;0.17;2.4;1.9;0;715;243;129;81;97683;3.4;0;0.38;0.39
1999;5;11;131;19.5;15.3;9.8;13;11.5;8.8;-0.3;-0.1;0.17;2.4;1.9;0;458;139;71;50;97303;2.18;1.87;0.37;0.38
1999;5;12;132;18.2;14.2;11.1;13;11.9;10.9;0;0.8;0.17;2.5;1.9;0;417;100;71;33;97089;1.76;13.81;0.38;0.38
1999;5;13;133;20.9;15.9;11.3;13.7;11.8;10.5;-0.3;0.1;0.17;2.5;1.9;0;569;181;103;55;97036;2.9;4.91;0.38;0.38
1999;5;14;134;17.7;13.7;9.7;14.5;12.4;9.4;-0.2;-0.6;0.17;2.5;1.9;0;248;62;69;23;96822;1.31;11.08;0.39;0.38
1999;5;15;135;18.5;12.9;7.6;12.6;10.2;7.4;0.3;0;0.17;2.5;1.9;0;572;147;95;49;96815;2.32;4.66;0.39;0.38
1999;5;16;136;15.9;11.7;7.5;8.9;6.1;2.3;-0.6;-0.8;0.17;2.6;1.9;0;588;198;113;74;97309;3.2;1.69;0.39;0.38
1999;5;17;137;16.8;12.6;7.7;7.7;6;4.5;-0.9;0.9;0.17;2.6;1.9;0;521;174;101;64;97771;2.56;1.45;0.39;0.38
1999;5;18;138;15.2;11.4;8.6;9;7.5;6.3;-2.1;0;0.17;2.6;1.9;0;341;100;65;39;97883;1.8;0.86;0.39;0.38
1999;5;19;139;17.9;12.6;5.6;8.7;6.6;4.8;-1.1;0.8;0.17;2.6;1.9;0;665;237;117;82;97945;3.28;0.08;0.39;0.38
1999;5;20;140;19.9;15;9.7;14.6;11.7;7.6;-1.2;0.5;0.17;2.7;1.9;0;625;174;96;52;96938;2.43;11.99;0.39;0.38
1999;5;21;141;17.2;14.2;10.1;13.6;10.6;8.9;-0.2;2.1;0.17;2.7;1.9;0;552;187;95;55;96356;3.24;8.47;0.4;0.38
1999;5;22;142;19.1;14.5;8.2;11.1;9.4;7.8;0.6;-1;0.17;2.7;1.9;0;631;206;105;70;97127;3.04;0.25;0.39;0.38
1999;5;23;143;18.2;14.7;10.2;9.6;8;6.6;0.3;-2.3;0.17;2.7;1.9;0;594;209;98;75;97779;3.23;0.2;0.39;0.38
1999;5;24;144;19.4;14.4;7.4;9.6;7.7;5.5;-0.5;-0.4;0.17;2.7;1.9;0;551;214;120;81;98029;3.24;0;0.39;0.38
1999;5;25;145;21.7;16.5;8.2;14.3;11.1;7.4;-0.2;-0.1;0.17;2.8;1.9;0;550;209;101;71;97576;3.11;0.1;0.38;0.38
1999;5;26;146;22.5;17.1;11.1;14.7;12.3;10.2;0.4;-0.5;0.17;2.8;1.9;0;644;215;104;70;97709;3.38;1.24;0.38;0.38
1999;5;27;147;24.4;18.1;9.3;15.5;12.8;9.2;0.1;1.1;0.17;2.8;1.9;0;676;225;108;71;97902;3.71;0.01;0.38;0.38
1999;5;28;148;25.6;19.9;13.5;16.3;14.3;11.8;0.2;0.5;0.17;2.8;1.9;0;706;239;113;80;98005;3.8;0.3;0.37;0.38
1999;5;29;149;25.6;19.3;12.1;17.6;15.1;11.8;0.4;0.8;0.17;2.9;1.9;0;682;226;106;69;97988;3.72;1.3;0.37;0.38
1999;5;30;150;27.2;20.8;12.9;17.5;15.4;12.3;0.6;0.7;0.17;2.9;1.9;0;703;244;112;78;97532;4.08;0;0.37;0.38
1999;5;31;151;29.2;21.9;14.3;17.3;14.4;10.8;1.2;-0.4;0.17;2.9;1.9;0;664;231;121;79;97567;4.1;0.41;0.36;0.38
1999;6;1;152;23.1;19.8;16.6;15.9;14.5;12.7;-1.1;-0.6;0.17;2.9;1.9;0;623;194;90;59;97851;3.34;0.99;0.36;0.38
1999;6;2;153;26.8;21.4;15.4;18.8;16.3;13.6;-0.1;1.4;0.17;2.9;1.9;0;447;175;87;54;97421;3.13;0.13;0.35;0.38
1999;6;3;154;25.1;21.1;17.6;14.3;12.4;9.9;-0.1;0.5;0.17;3;1.9;0;705;230;124;79;97236;4.22;0.15;0.35;0.38
1999;6;4;155;22.4;17.8;14.5;16.5;12.8;9.6;0.6;-0.7;0.17;3;1.9;0;516;168;94;59;96942;3.43;13.49;0.36;0.38
1999;6;5;156;22.9;18;11.9;12.4;10.6;9;0.3;1.1;0.17;3;1.9;0;694;232;119;82;97113;4.1;0;0.36;0.38
1999;6;6;157;26;20.1;13;14.4;12.4;10.6;0.7;2.5;0.17;3;1.9;0;699;253;114;89;96993;4.54;0;0.35;0.38
1999;6;7;158;26.3;20.3;13.2;17;14.4;11.9;-0.5;0.9;0.17;3;1.9;0;630;230;96;77;97471;3.95;0.02;0.35;0.38
1999;6;8;159;24.9;18.7;13.5;17.5;14.2;8;0.8;0.5;0.17;3.1;1.9;0;572;174;92;54;97549;3.65;8.86;0.34;0.38
1999;6;9;160;21.5;16.8;10.6;10.8;9.3;8.2;-0.4;-0.6;0.17;3.1;1.9;0;722;252;123;87;98275;4.29;0;0.35;0.38
1999;6;10;161;21.6;17.5;10.6;13.5;11;9;-0.3;0.3;0.17;3.1;1.9;0;595;187;108;71;98054;3.19;0;0.34;0.38
1999;6;11;162;22.8;18.3;14.2;16.9;14.9;12.1;-0.1;-0.2;0.17;3.1;1.9;0;543;156;78;47;97556;2.73;26.29;0.34;0.38
1999;6;12;163;22.2;18.1;14.8;14.2;13.1;12.5;-0.3;-0.6;0.17;3.2;1.9;0;524;176;73;44;97632;3.74;1.87;0.36;0.38
1999;6;13;164;22.1;17.8;13.5;13.3;12.4;11.6;-1.2;-0.2;0.17;3.2;1.9;0;587;218;96;69;97677;3.79;0.06;0.36;0.38
1999;6;14;165;21.8;18.1;13.9;15;13.3;12.2;-0.9;0;0.17;3.2;1.9;0;482;189;95;62;97661;3.18;0.12;0.36;0.38
1999;6;15;166;20.7;18;15.1;15.2;14.3;13.7;-0.3;-1.2;0.17;3.2;1.9;0;352;131;62;41;97786;2.46;10.34;0.35;0.38
1999;6;16;167;20.9;17.4;14.8;16.8;15.1;14;0.1;-0.9;0.17;3.2;1.9;0;430;118;77;37;97766;2.26;5.02;0.36;0.38
1999;6;17;168;22.2;18.2;13.8;15.9;14.6;13;0.6;-0.9;0.17;3.2;1.9;0;511;180;78;52;97444;3.29;3.04;0.36;0.38
1999;6;18;169;21.6;18.1;13.8;14.3;12;8.6;1;-1.5;0.17;3.3;1.9;0;417;136;95;56;97217;3;0.76;0.36;0.38
1999;6;19;170;17.4;14.9;11.4;9.8;8.9;8;1.5;-0.9;0.17;3.3;1.9;0;381;140;70;58;97627;2.71;0.91;0.36;0.38
1999;6;20;171;20.9;16.7;10.1;13.6;11.1;8.8;0.3;0.3;0.17;3.3;1.9;0;585;183;92;64;97370;3.17;0;0.36;0.38
1999;6;21;172;18.5;14.2;10.4;16.1;12;7.9;0.5;-1.6;0.17;3.3;1.9;0;295;88;60;32;96595;2.98;35.79;0.36;0.38
1999;6;22;173;14.9;12.4;10.1;7.8;5.7;3.6;1.5;-4.4;0.17;3.3;1.9;0;461;145;87;47;96830;4.18;7.09;0.39;0.38
1999;6;23;174;19.8;14.7;9.5;6.9;4.5;3;0.7;-2.3;0.17;3.3;1.9;0;662;247;122;95;97779;4.5;0;0.38;0.38
1999;6;24;175;18.7;14.7;9.2;9.8;7.4;4.9;-0.4;-0.7;0.17;3.3;1.9;0;508;202;105;76;98053;3.39;0.09;0.38;0.38
1999;6;25;176;20.5;15.8;8.4;11.5;9.4;7.3;-0.2;0.8;0.17;3.4;1.9;0;591;213;114;79;97862;3.62;0.02;0.37;0.38
1999;6;26;177;23.9;18;10.3;13.1;11.2;8.8;-0.1;2;0.17;3.4;1.9;0;710;268;121;92;97359;4.64;0;0.37;0.38
1999;6;27;178;25.7;19.5;13.1;16.3;13.7;10.9;-0.1;1.8;0.17;3.4;1.9;0;695;229;98;75;97102;4.13;0.35;0.37;0.38
1999;6;28;179;26.2;20.4;14.3;15.8;12.8;10.2;0.7;0.5;0.17;3.4;1.9;0;668;232;106;77;97257;4.51;0.91;0.36;0.38
1999;6;29;180;23.7;19.7;15.1;16.6;13.3;12.2;0.4;-0.1;0.17;3.4;1.9;0;599;204;98;63;97863;3.82;0;0.36;0.38
1999;6;30;181;24.8;20;13.8;17;15.1;12.7;0.3;-0.9;0.17;3.4;1.9;0;514;195;84;62;97633;3.47;1.21;0.35;0.38
1999;7;1;182;25.2;21;16.9;17.3;14.5;13.3;0.7;-1.4;0.17;3.4;1.9;0;648;228;105;69;97602;4.43;0.82;0.35;0.38
1999;7;2;183;25.9;20.8;12.9;16.9;14.1;12.2;0.7;-0.1;0.17;3.5;1.9;0;555;221;94;73;97493;4.04;0.03;0.35;0.38
1999;7;3;184;25.7;21.6;14.9;18.5;16.6;13.8;-0.6;0;0.17;3.5;1.9;0;576;215;89;65;97424;3.79;0.37;0.34;0.38
1999;7;4;185;29.6;23.9;16.4;19.6;18;15.4;-0.7;1;0.17;3.5;1.9;0;706;254;106;74;97300;4.64;0.03;0.34;0.38
1999;7;5;186;29.1;24.3;18.6;19.3;18;16.3;-0.7;2.3;0.17;3.5;1.9;0;649;230;89;73;97164;4.41;0.1;0.34;0.38
1999;7;6;187;30.8;24.9;18.3;17.7;15.9;14.2;1.3;2.1;0.17;3.5;1.9;0;722;267;121;91;96993;5.16;0;0.33;0.38
1999;7;7;188;20.9;19;16.3;15.6;14.4;13.2;1;-1.5;0.17;3.5;1.9;0;444;142;70;49;97465;3.71;18.39;0.34;0.38
1999;7;8;189;21.4;17.9;15.3;13.9;12.2;9.4;1.1;-2.5;0.17;3.5;1.9;0;534;183;81;49;97659;4.23;2.25;0.34;0.38
1999;7;9;190;18.2;17.1;15.5;16.6;14.4;10.2;-0.1;-2.7;0.17;3.6;1.9;0;244;61;29;17;97537;2.24;37.6;0.35;0.37
1999;7;10;191;21.5;18.3;16.7;19.8;17.4;15.9;-0.7;-1.8;0.17;3.6;1.9;0;295;74;46;15;97219;1.82;45.93;0.39;0.37
1999;7;11;192;22.8;19.2;16.6;18.7;17.2;16.1;-0.2;-0.1;0.17;3.6;1.9;0;458;140;69;34;97349;2.79;6.35;0.41;0.38
1999;7;12;193;24.1;20.1;15.4;17.9;16.6;15.2;-0.4;0.7;0.17;3.6;1.9;0;507;182;79;50;97245;3.46;0.47;0.4;0.38
1999;7;13;194;27;21.7;15;17.9;17;14.8;0.4;1;0.17;3.6;1.9;0;657;229;100;70;96768;4.33;0.01;0.4;0.38
1999;7;14;195;23.8;19.6;15.7;18.3;15.8;11.8;1.1;-0.5;0.17;3.6;1.9;0;424;157;78;61;96551;3.24;7.2;0.4;0.38
1999;7;15;196;23.8;19.2;13;14.8;11.8;9.8;1.1;-0.9;0.17;3.6;1.9;0;664;218;105;66;97167;4.33;0.08;0.39;0.38
1999;7;16;197;22.8;19.2;14.1;14.1;12.4;10.5;0;-0.5;0.17;3.6;1.9;0;538;200;98;70;97624;3.79;0.41;0.39;0.38
1999;7;17;198;22.9;18.5;12.6;15.8;13.5;11.6;-0.1;-0.7;0.17;3.6;1.9;0;590;211;97;74;97888;3.79;0.31;0.39;0.38
1999;7;18;199;24.2;19.6;12.9;16.3;14.1;12.4;-0.3;0.1;0.17;3.6;1.9;0;562;217;101;71;97808;3.9;0.1;0.38;0.38
1999;7;19;200;25.5;20.9;15;16.7;14.3;13;-0.1;1.5;0.17;3.6;1.9;0;647;219;99;76;97660;4.22;0;0.38;0.38
1999;7;20;201;27.8;22.2;15.2;19.2;16.6;12.8;0.2;0.6;0.17;3.6;1.9;0;676;239;107;76;97459;4.3;0.03;0.37;0.38
1999;7;21;202;27.4;22.3;16.1;19.6;18;15.4;0.4;-0.4;0.17;3.6;1.9;0;636;208;91;63;97358;3.84;9.2;0.37;0.38
1999;7;22;203;19.6;17.5;12.2;17.7;15.6;9.4;0.1;-1;0.17;3.6;1.9;0;167;57;43;23;97230;2.43;20.18;0.38;0.38
1999;7;23;204;18.7;15.3;12.1;10.8;9.3;8.1;1.6;-2.5;0.17;3.6;1.9;0;393;107;98;38;97339;3.37;10.42;0.4;0.38
1999;7;24;205;20.2;17.1;13.9;12.1;10.4;8.7;-0.8;-2.7;0.17;3.6;1.9;0;445;151;65;50;97792;3.33;0.3;0.39;0.38
1999;7;25;206;20.9;17.5;14.9;15.9;12.9;9.6;0.5;-1.7;0.17;3.6;1.9;0;347;85;61;34;97693;1.92;1.95;0.39;0.38
1999;7;26;207;22.6;18.7;14.9;19.1;16.6;13.8;0.7;-0.9;0.17;3.6;1.9;0;314;98;58;35;97330;2;15.94;0.4;0.38
1999;7;27;208;25.5;20.9;15.5;17.7;16.6;14.8;-0.3;-1.7;0.17;3.6;1.9;0;553;198;77;56;97391;4.01;0.91;0.4;0.38
1999;7;28;209;24.4;20.6;16.2;16.7;15.6;14.1;-0.4;-1.5;0.17;3.6;1.9;0;561;181;85;54;97418;3.59;0.43;0.4;0.38
1999;7;29;210;23.3;20;17.3;15.1;13.3;11.6;-0.9;-2.3;0.17;3.6;1.9;0;561;184;91;62;97383;4.04;0.53;0.39;0.38
1999;7;30;211;22.1;18.7;15.5;12.8;11.4;10.4;-0.4;-2.1;0.17;3.6;1.9;0;512;194;103;73;97357;4.01;0.16;0.39;0.38
1999;7;31;212;22.9;18.5;13.5;14.6;12.5;9.8;0.2;-1.4;0.17;3.6;1.9;0;613;208;99;72;97314;3.94;1.19;0.38;0.38
1999;8;1;213;23.2;18.7;12.3;14.7;13.1;11.3;0.2;-0.8;0.17;3.6;1.9;0;572;212;98;75;97421;3.75;0.24;0.38;0.38
1999;8;2;214;22.9;18.1;12.7;16.3;14.1;11.8;0.3;-0.8;0.17;3.6;1.9;0;594;197;104;71;97462;3.44;1.42;0.37;0.38
1999;8;3;215;23.3;18.5;12.2;16.3;14.1;11.5;0;-0.3;0.17;3.6;1.9;0;624;192;104;64;97375;3.46;0.81;0.37;0.38
1999;8;4;216;23.4;19.4;15.2;17.7;16;14.2;-0.1;-0.2;0.17;3.6;1.9;0;590;187;84;52;97373;3.38;1.36;0.37;0.38
1999;8;5;217;24.9;20.8;16.1;20;17.7;15.5;-0.4;-0.1;0.17;3.6;1.9;0;481;149;66;44;97265;2.74;0.62;0.37;0.38
1999;8;6;218;25.9;21.3;16.1;20.9;19;16;0.4;0.2;0.17;3.6;1.9;0;484;160;73;45;97157;2.94;3.66;0.37;0.38
1999;8;7;219;28.8;21.8;16.3;20.2;18.5;16.2;0.8;-0.1;0.17;3.5;1.9;0;657;206;93;57;96686;3.93;2.56;0.36;0.38
1999;8;8;220;28.8;22.6;16.3;19.3;18.1;16.3;1.3;1.4;0.17;3.5;1.9;0;601;193;87;58;96436;3.91;0.02;0.36;0.38
1999;8;9;221;29.8;23.9;17;20.6;17.8;16.2;1.6;1.5;0.17;3.5;1.9;0;647;230;100;73;96618;4.55;0;0.36;0.38
1999;8;10;222;29.7;22.6;17.4;20.6;17.6;14.8;0.5;0.2;0.17;3.5;1.9;0;602;196;84;60;96883;4.06;3.96;0.35;0.38
1999;8;11;223;23.5;19.8;16.1;16.6;15.1;14.1;0.5;-0.4;0.17;3.5;1.9;0;474;153;76;58;97328;3.1;0.63;0.35;0.38
1999;8;12;224;21.6;18.1;14.6;14.2;13.2;11.5;-0.9;-1.1;0.17;3.5;1.9;0;518;146;74;51;97351;2.82;0.71;0.35;0.38
1999;8;13;225;19.3;16;12.8;12.8;10.8;9.1;0.1;-1.3;0.17;3.5;1.9;0;312;90;90;45;97207;2.37;5.38;0.35;0.38
1999;8;14;226;21.3;16.2;9.1;12.5;10.2;8;0.6;1.3;0.17;3.5;1.9;0;577;184;110;77;97155;3.28;0;0.35;0.38
1999;8;15;227;25.2;18.8;11.9;16.3;13.7;10.4;0.4;0.2;0.17;3.5;1.9;0;642;201;102;65;96874;3.54;0.54;0.35;0.38
1999;8;16;228;22;18.2;15.1;17.4;15.2;13.3;-0.9;-0.8;0.17;3.5;1.9;0;298;88;41;27;96899;2.1;12.92;0.35;0.38
1999;8;17;229;20.5;17.7;14.6;16.4;14.7;13.5;-0.3;-0.1;0.17;3.5;1.9;0;374;113;67;32;96829;2.42;7.77;0.36;0.38
1999;8;18;230;21.8;18.4;16.4;18.1;16.2;15.2;-0.6;0.3;0.16;3.4;1.9;0;183;64;62;25;96962;1.42;1.72;0.36;0.38
1999;8;19;231;22;18.9;15;16.6;15.2;14.5;-0.3;-0.6;0.16;3.4;1.9;0;255;90;39;34;97305;1.78;0.11;0.36;0.38
1999;8;20;232;19.7;17.5;15.9;15.5;14.8;13.6;-0.5;-1.4;0.16;3.4;1.9;0;289;71;41;25;97549;1.52;10.04;0.36;0.38
1999;8;21;233;20.2;16.9;13.1;14.8;13.2;11.2;0.7;-0.2;0.16;3.4;1.9;0;356;97;81;45;97650;1.95;0.05;0.36;0.38
1999;8;22;234;19.6;16;11.9;12.5;11.3;10.2;-0.7;-1;0.16;3.4;1.9;0;458;160;88;65;97736;2.73;0.48;0.36;0.38
1999;8;23;235;19.7;16.2;12.3;11.9;11.1;9.9;-0.5;0.1;0.16;3.3;1.9;0;467;139;75;52;97837;2.54;0.04;0.36;0.38
1999;8;24;236;21.2;17.2;13;13.9;11.9;10.1;-0.2;0.7;0.16;3.3;1.9;0;475;142;76;58;97880;2.39;0;0.36;0.38
1999;8;25;237;22.2;18;13.7;14.5;12.9;11.6;-0.3;0.4;0.16;3.3;1.9;0;500;150;83;55;97991;2.59;0.03;0.35;0.38
1999;8;26;238;22.4;18.4;13.9;13.8;12.3;11.2;-0.9;1.3;0.16;3.3;1.9;0;521;165;84;55;97856;3.02;0.06;0.35;0.38
1999;8;27;239;19.5;17.3;15.3;14.9;13;11.6;-0.8;-0.3;0.16;3.2;1.9;0;311;87;52;35;97842;1.61;0.22;0.35;0.38
1999;8;28;240;22.3;18.8;13.4;17;14.5;13;-0.2;0.1;0.16;3.2;1.9;0;453;130;69;43;97764;2.2;0.03;0.35;0.38
1999;8;29;241;20.2;17.8;15.3;15.9;15;14.2;-0.2;-0.9;0.16;3.2;1.9;0;275;91;50;34;97540;1.68;4.5;0.35;0.38
1999;8;30;242;17.1;16;14.7;15.5;14.6;13.3;0.2;-1.7;0.16;3.2;1.9;0;85;27;26;21;97422;0.97;18.86;0.36;0.38
1999;8;31;243;22.1;17.4;12.7;14.5;12.6;11.3;0.5;-1.2;0.16;3.1;1.9;0;439;144;83;55;97290;2.75;0.14;0.36;0.37
1999;9;1;244;20.8;16.4;12.5;13.2;11.3;8.1;0.5;-1.3;0.16;3.1;1.9;0;486;141;87;61;97473;2.55;1.06;0.36;0.37
1999;9;2;245;15.6;13.3;10.8;11;9.2;6.8;0.8;-2.4;0.16;3.1;1.9;0;370;100;76;49;97684;2.51;4.31;0.36;0.37
1999;9;3;246;15.6;14.3;12.3;14.3;12.7;10.1;-0.1;-2.2;0.16;3.1;1.9;0;118;33;25;14;97672;1.45;19.8;0.37;0.37
1999;9;4;247;18;15.3;14.2;15.4;13.9;12.5;-1.4;-0.8;0.16;3.1;1.9;0;289;63;82;21;97878;1.29;4.57;0.38;0.37
1999;9;5;248;16.4;14.7;13.8;14;13.2;12.4;-1.1;-0.1;0.16;3;1.9;0;198;44;34;18;97864;1;3.24;0.38;0.37
1999;9;6;249;20.5;16;11.8;13.4;12.4;11.4;-0.2;1.1;0.16;3;1.9;0;402;122;76;45;97597;2.13;0.05;0.38;0.37
1999;9;7;250;22;16.8;10.9;15.2;13.5;10.1;0.2;-0.5;0.16;3;1.9;0;563;148;92;58;97457;2.26;1.22;0.38;0.37
1999;9;8;251;22.7;17.8;12.6;14.4;13.5;11.8;0.6;-1.6;0.16;3;1.9;0;545;161;96;59;97752;2.85;0.68;0.38;0.37
1999;9;9;252;24.2;19.2;13.6;15.3;12.8;11.8;0.2;-2.1;0.15;2.9;1.9;0;582;183;112;76;97940;3.28;0;0.37;0.37
1999;9;10;253;24.1;19.5;14.7;14.9;12.5;11.5;-0.1;-2.3;0.15;2.9;1.9;0;594;181;111;80;98249;3.29;0;0.37;0.37
1999;9;11;254;23.4;18.5;13.6;15.1;13.5;11.5;-0.3;-1.3;0.15;2.9;1.9;0;530;169;105;75;98137;2.68;0.02;0.37;0.37
1999;9;12;255;23.5;18.1;11.2;15.2;13;10.7;0.2;-0.6;0.15;2.9;1.9;0;602;181;120;80;97704;2.77;0;0.37;0.37
1999;9;13;256;23.5;17.6;10.7;15.1;12.9;10.1;0.3;0.4;0.15;2.9;1.9;0;585;175;114;77;97342;2.73;0;0.36;0.37
1999;9;14;257;23.8;17.9;11.1;16.4;14.1;10.6;0.1;0.3;0.15;2.8;1.9;0;589;174;110;73;97240;2.51;0;0.36;0.37
1999;9;15;258;23.9;18.2;12.1;16.7;14.9;11.9;-0.2;0.2;0.15;2.8;1.9;0;517;149;89;64;97190;2.25;0.02;0.36;0.37
1999;9;16;259;24.5;18.3;11.5;16.5;14.3;11.2;0.4;-0.1;0.15;2.8;1.9;0;579;168;112;71;96922;2.48;0.14;0.35;0.37
1999;9;17;260;22.1;18.4;13.6;16.6;15.3;13.3;0;-0.4;0.15;2.7;1.9;0;383;107;69;48;96944;1.57;0.31;0.35;0.37
1999;9;18;261;20.6;17;13.5;17.2;15.5;13.3;-0.1;-0.4;0.15;2.7;1.9;0;311;96;60;40;96928;1.6;7.01;0.35;0.37
1999;9;19;262;22;17.8;13.5;17.6;15.4;13.5;-0.6;1.9;0.15;2.6;1.9;0;397;119;82;46;96804;2.02;0.53;0.35;0.37
1999;9;20;263;24.1;19.8;15.6;16.5;15;13.7;-0.7;3.1;0.15;2.6;1.9;0;491;142;85;66;96706;2.42;0.06;0.35;0.37
1999;9;21;264;19.4;17.3;11.9;16.5;14.4;11.5;-0.7;1.9;0.15;2.6;1.9;0;245;64;71;46;96701;1.52;6.15;0.36;0.37
1999;9;22;265;22.1;15.7;9;14.3;12.1;8.8;0.5;0.5;0.15;2.5;1.9;0;563;158;114;76;97297;2.19;0;0.35;0.37
1999;9;23;266;23.5;17;10.7;15.9;13.4;10;0.3;-0.2;0.15;2.5;1.9;0;545;153;101;70;97420;2.11;0;0.35;0.37
1999;9;24;267;23;17.9;10.8;17;14.4;10.5;0.1;-0.1;0.15;2.4;1.9;0;494;136;96;64;97794;1.89;0.02;0.35;0.37
1999;9;25;268;24.1;18;12.3;15.8;13.9;12.2;1.3;1.3;0.15;2.4;1.9;0;535;140;97;59;97342;2.18;0;0.35;0.37
1999;9;26;269;25.9;20.2;14.5;16.7;15.2;13.1;1.4;2.1;0.15;2.4;1.9;0;472;144;91;64;96804;2.34;0.21;0.34;0.37
1999;9;27;270;20;17.2;14.4;15.1;13.9;12.6;-0.6;0.9;0.15;2.3;1.9;0;305;80;60;40;97116;1.33;0.31;0.34;0.37
1999;9;28;271;21.4;15.8;12.4;15.2;12.7;9.3;1.1;0.7;0.15;2.3;1.9;0;416;95;80;48;96719;1.75;5.12;0.34;0.37
1999;9;29;272;19.7;15;9.6;11.4;9.3;7.6;0.9;1.1;0.15;2.2;1.9;0;480;124;100;73;97054;1.98;0;0.34;0.37
1999;9;30;273;23;16.7;10.7;12.7;11.1;8.1;1.2;2.4;0.15;2.2;1.9;0;518;140;102;75;96361;2.07;0;0.34;0.37
1999;10;1;274;16;14.1;13;12;10.5;8.8;0.4;0;0.15;2.2;1.9;0;138;38;68;36;96947;0.86;1.06;0.34;0.37
1999;10;2;275;19.7;15.4;11.9;12.2;11.3;9.9;0.1;2;0.14;2.1;1.9;0;432;87;87;46;97183;1.26;0;0.34;0.37
1999;10;3;276;22.4;17;12.2;14.1;12.4;11.2;1.2;2.7;0.14;2.1;1.9;0;461;128;101;72;96710;1.78;0.25;0.34;0.37
1999;10;4;277;14.6;10.1;8.9;12.8;8.1;6.7;0.2;-1.3;0.14;2;1.9;0;102;19;46;22;97042;1.41;22.13;0.35;0.37
1999;10;5;278;14.4;10.8;7.7;6.7;4.7;3;0.9;-2.2;0.14;2;1.9;0;359;98;79;59;97323;1.56;0.06;0.36;0.37
1999;10;6;279;13.6;10.1;6.9;3.5;2.6;2;1;-2.2;0.14;2;1.9;0;448;119;99;76;97886;1.6;0.05;0.35;0.37
1999;10;7;280;13.8;9.2;3.6;5.2;3.3;1.6;0.5;-0.4;0.14;1.9;1.9;0;466;123;108;80;98426;1.39;0.22;0.35;0.37
1999;10;8;281;14.5;8.9;3.1;6.7;4.9;2.3;0.4;0.3;0.14;1.9;1.9;0;448;124;115;78;98362;1.21;0;0.35;0.37
1999;10;9;282;16.7;10.6;4.8;9.2;6.9;4;0.7;0.4;0.14;1.8;1.9;0;390;88;88;50;97971;0.99;0.03;0.35;0.37
1999;10;10;283;18.6;13.5;8.4;11.5;8.4;6.3;0.9;-0.4;0.14;1.8;1.9;0;412;92;89;52;98009;1.1;0;0.35;0.37
1999;10;11;284;18.8;12.6;6.7;11.7;9.4;6.1;0;0;0.14;1.8;1.9;0;484;122;108;66;98266;1.23;0;0.35;0.37
1999;10;12;285;16.5;13.1;10;12.1;10.8;9.3;-0.2;-0.6;0.14;1.7;1.9;0;273;63;70;38;98404;0.67;0.25;0.35;0.37
1999;10;13;286;13;11.2;10.1;10.7;9.4;7.6;-1.1;-0.4;0.14;1.7;1.9;0;105;27;34;13;98437;0.51;0.94;0.35;0.37
1999;10;14;287;15.7;11.3;7.8;9.4;7.9;6;0;0.1;0.14;1.6;1.9;0;265;66;103;44;97961;0.83;0.14;0.35;0.37
1999;10;15;288;12.3;9.6;6.8;6.9;5.2;2.9;-0.3;-0.4;0.14;1.6;1.9;0;287;78;73;51;97868;0.92;0.91;0.35;0.37
1999;10;16;289;10.5;8.1;5.5;4.9;3.2;0.2;-0.7;0.2;0.14;1.6;1.9;0;273;72;91;54;97877;0.83;0.48;0.35;0.37
1999;10;17;290;8.6;5.6;2.8;2.2;0.1;-1.1;-0.9;-0.6;0.14;1.6;1.9;0;337;90;100;68;98088;0.82;0.03;0.34;0.37
1999;10;18;291;7.3;4.2;0.8;1;-0.9;-2.1;-1.2;-0.5;0.14;1.6;1.9;0;326;73;75;56;98064;0.73;0.23;0.34;0.37
1999;10;19;292;6;3.8;2.1;0.2;-0.6;-1.4;-0.7;-1.3;0.14;1.5;1.9;0;154;43;61;44;97572;0.52;0.36;0.34;0.37
1999;10;20;293;7.1;4.1;0.3;1.7;0.5;-1.6;-0.6;0.7;0.13;1.5;1.9;0;243;52;62;40;97631;0.47;0.07;0.34;0.37
1999;10;21;294;8;5.8;4.4;5;3.4;1.7;-1.1;0.2;0.13;1.5;1.9;0;148;31;31;16;97346;0.37;0.81;0.34;0.37
1999;10;22;295;9.1;7.2;5.7;6.3;5.5;4.7;-0.8;0.4;0.13;1.5;1.9;0;200;42;25;14;97259;0.56;1.05;0.34;0.37
1999;10;23;296;14.6;10.5;6.3;10.9;8.5;5.6;-0.7;2.3;0.13;1.5;1.9;0;247;52;51;27;96804;0.51;6.74;0.34;0.37
1999;10;24;297;18.4;13.6;8.7;11.1;9.7;8;1.1;2.3;0.13;1.5;1.9;0;338;89;103;54;96446;1.13;3.87;0.35;0.37
1999;10;25;298;21.1;16.8;13.5;13.9;12.9;10.6;0.6;3.4;0.13;1.5;1.9;0;334;69;91;54;96648;0.83;0.06;0.35;0.37
1999;10;26;299;15.8;13.9;11.4;13.4;12.5;10.7;0.3;-0.4;0.13;1.4;1.9;0;139;30;44;23;97507;0.44;8.6;0.35;0.37
1999;10;27;300;18.2;12.7;7.9;10.5;8.8;7.2;0.4;-0.5;0.13;1.4;1.9;0;390;99;119;68;98224;1.1;0;0.36;0.37
1999;10;28;301;17.2;10.9;6.9;11.3;8.4;6.6;0.6;0.4;0.13;1.4;1.9;0;375;94;119;64;98463;0.78;0;0.35;0.37
1999;10;29;302;15.3;11.3;7.7;11.7;9.5;6.8;-0.1;-0.1;0.13;1.4;1.9;0;249;54;65;35;98509;0.59;1.2;0.35;0.37
1999;10;30;303;14.2;11.1;8.6;9.2;8.9;7.9;-0.5;1.3;0.13;1.4;1.9;0;273;65;71;44;98288;0.52;0.03;0.35;0.37
1999;10;31;304;18.5;12.1;7.8;11.7;9.4;7.3;0;-0.1;0.13;1.4;1.9;0;346;87;104;56;98024;0.81;1.3;0.35;0.37
1999;11;1;305;15.5;11.5;8.5;9.2;7.7;6.1;-0.3;1.5;0.12;1.4;1.9;0;347;83;102;57;98596;0.96;1.48;0.35;0.37
1999;11;2;306;17.1;10.4;4.8;10.2;7.7;4.7;1;0.8;0.12;1.4;1.9;0;394;99;120;80;97953;0.7;0;0.35;0.37
1999;11;3;307;13;9.5;5.1;9.4;7.2;4.6;-0.1;-0.8;0.12;1.3;1.9;0;171;34;60;28;98268;0.38;0.39;0.35;0.37
1999;11;4;308;9.8;9;8.3;7;6.6;6.3;-0.6;-0.8;0.12;1.3;1.9;0;66;14;20;14;98421;0.46;1.28;0.35;0.37
1999;11;5;309;12.6;9.5;7.7;7.4;6.9;6.6;-0.3;1.6;0.12;1.3;1.9;0;222;51;66;39;97799;0.47;0.02;0.35;0.37
1999;11;6;310;15.9;10.4;6.2;9.8;7.8;5.8;0.3;1.1;0.12;1.3;1.9;0;341;82;105;59;96898;0.85;5.07;0.35;0.37
1999;11;7;311;11;8.3;6.8;5.5;3.3;0.4;0.2;-2.7;0.12;1.3;1.9;0;233;46;59;31;97536;1.22;7.1;0.36;0.37
1999;11;8;312;9.3;7.1;5.2;4.4;2.9;0.4;0.1;-1.1;0.12;1.3;1.9;0;176;37;76;43;98033;0.75;2.02;0.36;0.37
1999;11;9;313;5.3;3.9;2.5;4.1;2.9;2;-0.7;-1.6;0.12;1.3;1.9;0.14;80;16;53;18;97948;0.54;17.24;0.37;0.37
1999;11;10;314;4.9;4.1;3.5;3.8;2.8;2.1;-1;-1;0.12;1.2;1.9;0.43;83;16;21;13;97883;0.57;4.78;0.38;0.37
1999;11;11;315;5.6;4.4;3.1;2.8;2.2;1.4;-0.5;-1.1;0.12;1.2;1.9;0.32;107;27;33;22;98615;0.56;1.08;0.38;0.37
1999;11;12;316;7.6;5.4;4.1;4;3.4;2.7;0.1;0.7;0.12;1.2;1.9;0.22;170;40;49;29;98750;0.37;0.14;0.38;0.37
1999;11;13;317;7.7;5.1;3.4;3.8;3.4;2.8;-0.2;1.1;0.12;1.2;1.9;0.14;212;51;70;40;97909;0.28;0.13;0.38;0.37
1999;11;14;318;7.4;3.7;0.5;3.6;2.2;0.3;0;-0.2;0.11;1.2;1.9;0.09;261;56;74;52;96832;0.29;0.25;0.38;0.37
1999;11;15;319;3.7;1.8;-0.9;1.8;-1.8;-5.8;-0.8;-1.4;0.11;1.2;1.9;0.05;144;35;92;48;97480;0.62;2.64;0.38;0.37
1999;11;16;320;1.1;-0.4;-2;-2.9;-4.2;-5.9;-0.4;-0.5;0.12;1.2;1.9;0.39;106;28;74;35;97714;0.13;0.64;0.38;0.37
1999;11;17;321;2.4;0.2;-1.4;-0.2;-2.1;-4.1;-0.2;0.1;0.15;1.2;1.9;3.14;210;41;54;29;96829;0.25;11.09;0.38;0.37
1999;11;18;322;4.3;-0.1;-2.9;-0.8;-2.8;-5.3;0.8;1.3;0.28;1.2;1.9;11.02;199;42;82;50;96401;0.38;1.03;0.38;0.37
1999;11;19;323;-0.5;-1.4;-2.9;-2.1;-3.5;-5;-0.8;-2.5;0.32;1.2;1.9;18.68;33;8;42;16;95929;0.27;16.19;0.38;0.37
1999;11;20;324;1.8;-4.5;-11.5;-5.2;-8.3;-13.2;0.8;0.4;0.35;1.2;1.9;25.86;241;54;98;70;96994;0.35;0;0.38;0.37
1999;11;21;325;-1.9;-5.3;-11;-3.6;-7;-12.5;0.2;-1;0.35;1.2;1.9;28.66;67;15;35;13;97108;0.18;9.02;0.38;0.37
1999;11;22;326;0.6;-3.9;-11.7;-3.9;-6.5;-13.5;0.6;-0.7;0.35;1.2;1.9;34.17;118;28;63;35;96877;0.2;0.12;0.38;0.37
1999;11;23;327;0.6;-6.5;-15.9;-3.8;-9.7;-18.2;1.5;-0.2;0.35;1.2;1.9;34.09;195;42;83;38;97240;0.29;0.08;0.38;0.37
1999;11;24;328;4.1;-0.3;-5.1;-1.3;-3.4;-7.1;0.8;0.5;0.35;1.2;1.9;33.15;178;32;62;26;97860;0.14;0.41;0.38;0.37
1999;11;25;329;3.1;0.2;-3.4;-0.2;-1.7;-4.3;0.8;0.3;0.34;1.2;1.9;31.28;173;36;67;34;98779;0.12;0;0.38;0.37
1999;11;26;330;5.2;-1.2;-5.6;0.3;-3.3;-6.6;0.6;0.5;0.34;1.2;1.9;28.22;223;46;98;51;99001;0.13;0;0.38;0.37
1999;11;27;331;2.2;-3.2;-7.1;-0.4;-4.8;-8.2;0.6;0.7;0.33;1.2;1.9;25.21;232;52;107;56;98845;0.12;0;0.38;0.37
1999;11;28;332;3;-3;-6.9;-0.8;-4.9;-8.4;0.1;0.8;0.33;1.2;1.9;22.78;223;48;104;49;99199;0.18;0.06;0.39;0.37
1999;11;29;333;0.9;-4.3;-7.6;-2.1;-5.5;-8.7;0;0.9;0.33;1.2;1.9;21.21;208;46;93;49;99013;0.23;0.08;0.39;0.37
1999;11;30;334;0.2;-5.3;-8.8;-3.1;-7.2;-10.1;0.2;0.4;0.33;1.2;1.9;20.49;208;45;98;49;98793;0.23;0.06;0.39;0.37
1999;12;1;335;3.4;-4;-11.2;-1.6;-7;-13.7;1.2;0.5;0.32;1.2;1.9;19.5;187;43;76;42;97959;0.23;0;0.39;0.37
1999;12;2;336;6.4;0.2;-3.8;1.1;-2.2;-5.2;1;0;0.3;1.2;1.9;17.33;205;46;100;41;97758;0.13;1.09;0.39;0.37
1999;12;3;337;6.5;1.4;-2.6;2.5;-0.4;-3.8;1.2;1.6;0.28;1.2;1.9;14.7;221;46;93;55;97874;-0.01;0.03;0.39;0.37
1999;12;4;338;8.2;3.4;-0.6;3.9;1.5;-1.9;1.6;1;0.24;1.2;1.9;11.15;202;43;83;48;96948;-0.04;0.02;0.39;0.37
1999;12;5;339;3.2;1.4;-1;1.5;-1.7;-6.7;0.7;-1.3;0.21;1.2;1.9;8.71;93;18;85;36;97208;0.28;2.7;0.4;0.37
1999;12;6;340;3.3;-0.4;-2.8;-5.8;-6.8;-7.3;1.1;0.1;0.2;1.2;1.9;8.09;269;58;120;78;98384;0.29;0;0.39;0.37
1999;12;7;341;5;0;-2.3;-3;-5.3;-7.1;0.4;1.3;0.19;1.2;1.9;7.44;260;56;101;63;97932;0.19;0;0.39;0.37
1999;12;8;342;6.5;1;-2.3;1.2;-3;-6;1;0.7;0.18;1.2;1.9;6.51;254;54;103;60;97562;0.09;0;0.39;0.37
1999;12;9;343;8.8;3.4;-1.4;3.9;1;-2.9;1.1;2.5;0.16;1.2;1.9;5.11;225;48;91;60;97001;-0.03;0;0.39;0.37
1999;12;10;344;9.1;4.7;1.4;4.4;3;0.9;0.5;0.9;0.14;1.2;1.9;3.27;226;45;78;40;96470;0.18;10.43;0.39;0.37
1999;12;11;345;6.3;3.3;-0.8;3.6;1.5;-1.6;0.5;0;0.13;1.2;1.9;2.26;148;25;77;36;96736;0.23;8.31;0.41;0.37
1999;12;12;346;6.9;3.4;-1.1;3.4;0.9;-1.9;0.7;1.7;0.12;1.2;1.9;1.79;154;33;59;35;96212;0.2;1.26;0.41;0.37
1999;12;13;347;6.8;2.8;-2.2;3.2;0.6;-4.1;1.2;0;0.12;1.2;1.9;1.3;149;30;73;41;96444;0.27;7.15;0.41;0.38
1999;12;14;348;6.1;1.5;-2.8;2.3;-0.8;-4.9;0.6;1.1;0.12;1.2;1.9;1.12;244;49;94;50;96064;0.21;2.72;0.41;0.38
1999;12;15;349;2.6;0.8;-0.7;1.5;0.2;-1.7;-0.1;-0.5;0.12;1.2;1.9;1.36;75;16;35;22;96095;0.13;3.34;0.41;0.38
1999;12;16;350;1.8;0;-1.4;-2.1;-4.6;-7.2;-1;-1.6;0.14;1.2;1.9;2.51;158;31;77;42;97302;0.42;0.8;0.41;0.38
1999;12;17;351;0.8;-1.7;-3.8;-5.4;-6.5;-7.6;0.1;0.7;0.14;1.2;1.9;2.63;264;57;115;80;98185;0.09;0;0.41;0.38
1999;12;18;352;3.9;-0.3;-3.9;-3.4;-5.8;-8.4;1.5;1.1;0.14;1.2;1.9;2.5;223;44;79;50;97372;0.1;0.02;0.4;0.38
1999;12;19;353;4.4;1.1;-0.7;1.3;-1.4;-3.9;0.2;0.3;0.14;1.2;1.9;2.65;68;15;43;22;96674;0.1;5.04;0.4;0.38
1999;12;20;354;-0.3;-1.3;-2.6;-2;-6;-8.7;-0.1;-2.8;0.24;1.1;1.9;9.07;122;23;57;36;97290;0.55;4.09;0.4;0.38
1999;12;21;355;0.7;-2.2;-5.8;-7;-8.3;-9.9;0.3;-3;0.25;1.1;1.9;9.49;218;43;97;66;98276;0.41;0;0.4;0.38
1999;12;22;356;-2.3;-5.7;-14.3;-7.5;-9.7;-15.8;0.1;-0.8;0.24;1.1;1.9;9.13;228;49;115;69;99275;0.14;0;0.4;0.38
1999;12;23;357;-4.8;-11.6;-17.7;-8.1;-13.7;-20.2;0.7;0.5;0.24;1.1;1.9;8.91;229;48;109;59;99157;0.09;0;0.39;0.38
1999;12;24;358;-6.5;-10.5;-13.3;-10.3;-12.5;-14.7;0;1.2;0.24;1.1;1.9;8.9;181;38;83;43;98690;0.1;0.09;0.39;0.39
1999;12;25;359;-1.2;-7.3;-15.2;-3.3;-9.8;-16.8;0.3;0.9;0.24;1.1;1.9;9.02;177;30;52;29;97025;0.13;0.99;0.39;0.39
1999;12;26;360;3.8;-2.2;-6.6;2.7;-4.1;-8.7;1.3;0.7;0.24;1.1;1.9;9.01;94;21;83;44;95737;-0.02;1.72;0.39;0.39
1999;12;27;361;5;-0.8;-4.6;-0.1;-4.1;-6.5;1.3;0.3;0.23;1.1;1.9;8.46;147;29;97;43;95149;0.21;1.01;0.39;0.39
1999;12;28;362;1.5;0.4;-1.4;-0.4;-1.4;-3.7;-0.3;-1.8;0.31;1.1;1.9;16.96;40;8;54;16;94477;0.18;16.49;0.39;0.39
1999;12;29;363;2.2;-2.2;-8.1;-3.3;-6.1;-10.2;1.5;-0.5;0.35;1.1;1.9;22.37;177;37;87;59;96391;0.24;0.07;0.39;0.39
1999;12;30;364;0;-7;-13.2;-4.2;-9.6;-15.1;1.6;-0.1;0.34;1.1;1.9;21.93;164;36;105;51;97887;0.19;0.26;0.39;0.39
1999;12;31;365;-2.2;-11.4;-17;-6.3;-14;-19;1.5;-0.4;0.34;1.1;1.9;21.75;211;45;101;52;98190;0.19;0;0.39;0.39
2000;1;1;1;-0.9;-8.9;-18.6;-4.9;-11.8;-21;1;0.2;0.34;1.1;1.9;21.64;204;42;80;35;98338;0.24;0.9;0.39;0.39
2000;1;2;2;0.6;-2;-4.8;-0.8;-3;-5.1;0.3;0.4;0.34;1.1;1.9;24.03;75;17;44;18;98553;0.05;2.75;0.39;0.39
2000;1;3;3;0.8;-5.5;-11.9;-2.9;-7.6;-13.1;0.9;0.1;0.34;1.1;1.9;24.47;192;40;91;47;98587;0.16;0;0.39;0.39
2000;1;4;4;1.6;-7.4;-16.1;-3.7;-10.6;-18.5;0.7;0.1;0.34;1;1.9;23.75;221;48;107;52;98183;0.19;0;0.39;0.39
2000;1;5;5;2.2;-4.6;-11.6;-1.5;-6.9;-13.1;1.1;0.1;0.34;1;1.9;23.02;125;26;58;27;98114;0.16;0;0.38;0.39
2000;1;6;6;2.1;-4.1;-10.6;-1.2;-5.9;-11.9;0.6;-0.2;0.33;1;1.9;21.93;212;45;101;49;98299;0.11;0;0.38;0.39
2000;1;7;7;1.2;-5;-12.3;-1.7;-6.9;-13.6;0.3;0.4;0.33;1;1.9;20.77;175;39;73;31;98500;0.15;0;0.38;0.39
2000;1;8;8;1.2;-4;-8.4;-1.5;-5.4;-9.1;0;0.3;0.33;1;1.9;19.91;205;43;95;43;98455;0.12;0;0.38;0.39
2000;1;9;9;-1.8;-5;-8;-3.4;-5.9;-8.8;-0.1;-0.1;0.33;1;1.9;19.5;143;28;46;16;98422;0.13;0.12;0.38;0.39
2000;1;10;10;-0.4;-3.7;-7.4;-3.5;-5.5;-8.4;0.5;-0.4;0.33;1;1.9;19.57;153;33;63;22;99005;0.18;0.4;0.38;0.39
2000;1;11;11;0.7;-1.9;-3.9;-2.1;-3.4;-4.8;-0.2;-0.4;0.33;1;1.9;19.37;139;30;63;26;99499;0.12;0.36;0.38;0.39
2000;1;12;12;-0.6;-3;-5.6;-2.8;-4.4;-6.2;0;-0.2;0.33;1;1.9;19.16;108;21;38;16;99294;0.15;0.44;0.38;0.39
2000;1;13;13;-1.2;-4.4;-8.6;-4.4;-6.1;-9.6;0;1.1;0.33;1;1.9;19.37;128;28;52;28;98587;0.2;0.31;0.38;0.39
2000;1;14;14;-1.1;-7.6;-13.6;-5;-10.2;-15.2;0.5;-0.5;0.33;1;1.9;19.31;223;47;89;43;98357;0.22;0;0.38;0.39
2000;1;15;15;-0.6;-5.9;-10.6;-4;-8;-11.7;0.8;-0.3;0.33;1;1.9;19.12;178;36;82;35;98620;0.18;0.02;0.38;0.39
2000;1;16;16;0.2;-7;-13.6;-5.3;-10.1;-15;0.7;-0.4;0.32;1;1.9;19.1;227;48;95;48;98732;0.27;0.19;0.38;0.39
2000;1;17;17;1.7;-4.6;-14;-1.9;-8.4;-16.1;1.8;0.4;0.32;1;1.9;18.86;156;33;48;21;97363;0.37;0.03;0.38;0.39
2000;1;18;18;7;3;0.6;0.9;-2.3;-5.8;2.2;-2.2;0.31;1;1.9;17.5;153;28;90;43;96395;0.59;5.05;0.38;0.39
2000;1;19;19;2;-0.7;-5.6;-5.8;-7.1;-9.3;2.4;-2.7;0.3;0.9;1.9;16.46;249;56;116;87;97577;0.69;0;0.38;0.39
2000;1;20;20;1.9;-4.3;-11.6;-4.6;-8.3;-13.7;1.7;0.5;0.29;0.9;1.9;15.71;262;56;112;55;98176;0.28;0;0.38;0.39
2000;1;21;21;4.5;-1.7;-6.9;-3.4;-6.8;-9.8;1.7;-0.9;0.28;0.9;1.9;15.02;246;55;93;62;97104;0.54;0.5;0.38;0.39
2000;1;22;22;-2.4;-5.6;-9.9;-7.8;-9.3;-12.7;-0.2;1.6;0.29;0.9;1.9;15.35;176;38;86;40;97389;0.25;0.96;0.38;0.39
2000;1;23;23;-1.4;-5.6;-10.2;-4.8;-8;-12.1;-0.4;-1.1;0.3;0.9;1.9;15.63;196;40;74;35;96695;0.2;0.48;0.38;0.39
2000;1;24;24;-5.4;-8.6;-14.9;-9.4;-14;-18;0.7;-2.9;0.3;0.9;1.9;15.6;251;56;97;79;97613;0.38;0.01;0.38;0.39
2000;1;25;25;-5.1;-12.1;-18.9;-12.4;-16.8;-21.6;0.9;-0.2;0.29;0.9;1.9;15.32;285;64;112;66;98512;0.24;0;0.38;0.39
2000;1;26;26;-1.5;-12.6;-20.8;-8.5;-16.8;-23.8;1.6;-0.2;0.29;0.9;1.9;15.1;289;67;112;64;98670;0.28;0;0.38;0.39
2000;1;27;27;2.4;-6.5;-15.1;-4.2;-11.5;-17.5;1;-0.3;0.28;0.9;1.9;14.72;299;69;116;63;98550;0.3;0;0.38;0.39
2000;1;28;28;2.2;-7.1;-15.9;-4.4;-10.9;-18;1.1;0.1;0.27;0.9;1.9;14.1;279;65;108;63;98036;0.25;0;0.38;0.39
2000;1;29;29;3.5;-3.4;-12.6;-2.2;-7.2;-14.7;1.6;1;0.26;0.9;1.9;13.32;236;58;89;46;97210;0.29;0.01;0.37;0.39
2000;1;30;30;7.8;1.7;-2.1;1;-1.7;-4;1.7;0.1;0.25;0.9;1.9;11.69;293;64;89;49;97033;0.17;1.37;0.38;0.39
2000;1;31;31;10.1;2.3;-3.2;4.2;-0.3;-4.2;1.5;0.3;0.21;0.9;1.9;9.22;317;73;98;49;97911;0.1;0.02;0.38;0.39
2000;2;1;32;12;3.3;-1.5;4.5;0.5;-2.5;1.3;0.5;0.18;0.9;1.9;6.4;337;80;112;61;98236;-0.01;0;0.38;0.39
2000;2;2;33;10.1;3.3;-1.4;3.6;0.8;-2.3;1.8;0.5;0.15;0.9;1.9;4.41;301;72;101;48;97517;0.09;0.18;0.38;0.39
2000;2;3;34;8;3.3;-0.9;1.2;-2;-4.2;1.7;-1.6;0.14;0.9;1.9;3.14;314;75;105;65;98345;0.42;0.01;0.38;0.39
2000;2;4;35;6.9;1.5;-2.2;-2.5;-3.7;-5.1;0.8;0.6;0.13;0.9;1.9;2.54;337;81;109;77;99356;0.13;0;0.38;0.39
2000;2;5;36;11.3;3.2;-1.7;3.9;-0.8;-4.1;1.6;-0.2;0.13;0.9;1.9;2;329;74;84;49;98793;0.21;0.39;0.38;0.39
2000;2;6;37;14.2;4.9;-1.6;6.8;1.8;-2.5;0.8;0.4;0.12;0.8;1.9;1.34;379;92;110;63;98465;0.22;0;0.38;0.39
2000;2;7;38;12.4;4.7;-1.6;5.1;1.3;-2.8;0.4;-0.3;0.11;0.8;1.9;0.83;387;93;113;62;97888;0.24;0.01;0.38;0.39
2000;2;8;39;10.7;4.9;-0.5;3.3;1.6;-1.1;1.4;1;0.11;0.8;1.9;0.54;348;79;98;44;97327;0.29;0.09;0.38;0.39
2000;2;9;40;9.3;4.5;-1.3;3.2;-1.9;-6;1.5;-0.9;0.11;0.8;1.9;0.34;268;64;89;56;97373;0.42;0.1;0.38;0.39
2000;2;10;41;8.4;2.1;-1.5;0.1;-4;-5.9;0.6;0;0.11;0.8;1.9;0.27;418;95;122;75;98299;0.28;0;0.38;0.39
2000;2;11;42;7.7;2.3;-2.1;1;-1.8;-4.9;-0.2;0.3;0.11;0.8;1.9;0.21;348;83;96;59;98361;0.12;0.06;0.38;0.39
2000;2;12;43;6.6;3.6;1.6;0.9;-0.6;-1.6;-0.2;0.3;0.1;0.8;1.9;0.16;349;77;92;44;98374;0.31;0.05;0.38;0.39
2000;2;13;44;9.3;3.1;-2.5;-0.2;-1.5;-3.8;0.9;1.1;0.1;0.8;1.9;0.15;426;104;118;74;97898;0.35;0.01;0.37;0.39
2000;2;14;45;8.7;2.6;-1.9;-1.9;-5.1;-7.5;1;-1.1;0.1;0.8;1.9;0.12;397;103;120;85;97872;0.5;0;0.37;0.39
2000;2;15;46;6.1;1.5;-1.5;0;-3.2;-6.2;0.5;1.4;0.1;0.8;1.9;0.1;282;55;81;50;97715;0.14;0.01;0.37;0.39
2000;2;16;47;10.2;3.2;-0.8;3.8;0.2;-2.7;1;0.9;0.1;0.8;1.9;0.22;394;78;78;42;96557;0.48;6.5;0.37;0.39
2000;2;17;48;5.9;1.9;-0.5;-1;-5.5;-10.2;1.1;-1.5;0.12;0.8;1.9;1.22;402;99;114;66;96304;0.71;0.2;0.37;0.39
2000;2;18;49;6.1;1.7;-2.3;-5.2;-6.8;-8.5;1.2;0.2;0.12;0.8;1.9;1.06;453;104;123;76;96938;0.43;0.03;0.37;0.39
2000;2;19;50;7.1;2.5;-1.6;0;-2.9;-6.1;0.7;0.1;0.12;0.8;1.9;1.06;393;102;99;63;96515;0.67;1.61;0.37;0.39
2000;2;20;51;7.7;2.2;-2.6;-1.6;-3.7;-4.7;0.9;-2;0.12;0.8;1.9;0.85;437;112;109;76;97263;0.55;0.15;0.37;0.39
2000;2;21;52;3.8;0;-3;-4.1;-7.1;-9.3;0.8;-2.4;0.12;0.8;1.9;0.8;314;88;94;74;98293;0.48;0.4;0.37;0.39
2000;2;22;53;2.3;-0.8;-3.1;-6.5;-7.8;-8.6;-0.1;0;0.12;0.9;1.9;0.88;317;83;98;73;98458;0.12;0.15;0.37;0.39
2000;2;23;54;5.5;0.6;-3.3;-1.8;-4.5;-7.6;0;0.3;0.12;0.9;1.9;0.97;405;99;103;63;98314;0.39;2.15;0.37;0.39
2000;2;24;55;6.7;1.9;-2.1;-1.5;-2.9;-4.2;0.4;0.6;0.13;0.9;1.9;1.58;301;76;72;50;98559;0.4;0.5;0.37;0.39
2000;2;25;56;12.5;4.9;-0.7;1.7;-0.4;-2.9;1.2;0.5;0.13;0.9;1.9;1.15;417;96;108;50;98098;0.54;0.01;0.37;0.39
2000;2;26;57;8.5;3.9;-0.3;1.4;0.1;-1.6;-0.4;0.7;0.12;0.9;1.9;0.71;333;87;81;50;98869;0.45;0.19;0.37;0.39
2000;2;27;58;8.3;3.7;0.7;0.2;-1;-2.5;-0.5;0.2;0.12;0.9;1.9;0.47;372;92;93;51;99082;0.53;0.2;0.37;0.39
2000;2;28;59;11;4.5;-1.1;1.1;-1.5;-2.8;-0.1;2.6;0.12;0.9;1.9;0.3;500;135;134;89;98851;0.7;0;0.37;0.39
2000;2;29;60;12;5.8;-1.3;1.7;-0.1;-2.9;1.8;2.3;0.12;0.9;1.9;0.18;514;138;127;88;97934;0.81;0;0.37;0.39
2000;3;1;61;9.2;6.9;5.2;5.1;3.4;1.8;1.3;3;0.12;0.9;1.9;0.04;260;64;65;42;96543;0.54;7.68;0.37;0.39
2000;3;2;62;8;4.7;-0.6;3.5;-3;-5.9;1.3;-3.3;0.12;0.9;1.9;0;486;116;128;71;97219;1.19;2.11;0.37;0.39
2000;3;3;63;10;3.9;-2.2;-2.4;-4.3;-6.3;1.4;1.7;0.12;1;1.9;0;495;127;111;75;97508;0.76;0;0.37;0.39
2000;3;4;64;9.1;4.2;-0.7;1.6;-2.4;-6.5;1.2;-0.4;0.12;1;1.9;0;245;66;103;60;97130;0.53;0.38;0.37;0.39
2000;3;5;65;4.1;0.6;-2.3;-6.8;-9.2;-12.6;2.3;-1.8;0.12;1;1.9;0;521;142;119;92;98509;0.66;0.16;0.37;0.39
2000;3;6;66;8.9;2.8;-2.7;-3.2;-5.9;-8.3;1.1;1;0.12;1;1.9;0;554;154;135;93;98886;0.72;0;0.37;0.39
2000;3;7;67;14.4;5.2;-2.4;2.7;-1.2;-4.6;1;0.5;0.12;1;1.9;0;551;156;137;91;98246;0.84;0;0.37;0.39
2000;3;8;68;15.1;6.6;-1.2;4.5;1.2;-2.6;1.5;0.5;0.12;1;1.9;0;421;116;105;58;97995;0.79;0.35;0.37;0.39
2000;3;9;69;19.1;10.5;2.1;6.5;3.6;0.8;2.7;-0.3;0.12;1;1.9;0;527;137;117;72;97419;1.27;0.03;0.36;0.38
2000;3;10;70;11.6;8;3.4;4.8;1.1;-3.6;0.5;-1.7;0.12;1;1.9;0;469;131;106;72;97839;1.18;0.65;0.36;0.38
2000;3;11;71;15.9;7.8;2;6.2;1.7;-3.5;0.8;0.8;0.13;1;1.9;0.14;466;131;110;64;97456;1;0.4;0.36;0.38
2000;3;12;72;11.3;6.6;2.5;2.3;0;-1;0;-0.7;0.13;1;1.9;0.08;354;117;117;72;98066;0.9;0.16;0.36;0.38
2000;3;13;73;11.5;6.2;2;1.9;0.6;-1.3;-0.8;0.5;0.13;1;1.9;0.04;515;131;108;66;98393;0.86;0.02;0.36;0.38
2000;3;14;74;14.1;6.9;-0.8;5.1;2.2;-1.6;0.3;0.5;0.13;1.1;1.9;0;537;138;116;74;97854;0.92;0.51;0.36;0.38
2000;3;15;75;8.1;5;0.2;3;-3;-7.9;1.6;-2.1;0.13;1.1;1.9;0;462;133;103;76;97629;1.22;0.64;0.36;0.38
2000;3;16;76;8.1;2.6;-1.3;-0.6;-3.2;-7.3;1.4;-0.4;0.13;1.1;1.9;0.18;456;127;95;63;97695;1.07;2.91;0.36;0.38
2000;3;17;77;4.2;0.9;-1.7;2.4;-1.2;-5.3;0.1;-0.1;0.18;1.1;1.9;4.34;165;42;89;39;97507;0.69;12.24;0.36;0.38
2000;3;18;78;6.2;1.2;-4.4;-3;-6.6;-9;0.2;-2.3;0.21;1.1;1.9;5.75;465;138;103;71;97829;1.22;0.29;0.36;0.38
2000;3;19;79;5.7;1.8;-1.5;-2.9;-4.6;-6.1;0.5;-1.4;0.19;1.1;1.9;4.77;327;100;99;56;98134;0.91;1.06;0.36;0.38
2000;3;20;80;8.3;3.1;-1.5;-2.2;-4.5;-6.1;0.1;-1;0.18;1.2;1.9;3.74;429;130;126;65;98224;0.93;0.05;0.36;0.38
2000;3;21;81;9.4;4.1;-0.8;2.8;-0.5;-3.8;0.4;0;0.17;1.2;1.9;2.63;272;79;75;44;98000;0.5;0;0.36;0.38
2000;3;22;82;14.9;7.2;-1.1;3.9;1.4;-2.1;0.1;0.8;0.15;1.2;1.9;1.42;600;182;136;87;97854;1.26;0;0.36;0.38
2000;3;23;83;17.8;9.3;-0.6;4.5;2;-1.6;0.6;0.7;0.14;1.2;1.9;0.56;611;183;139;89;97466;1.51;0;0.36;0.38
2000;3;24;84;16.9;9.8;1.8;6.7;4.1;0.4;0.2;0.2;0.14;1.2;1.9;0.21;460;152;126;71;97142;1.26;0.06;0.36;0.38
2000;3;25;85;12.4;8.8;4.5;7.8;6.3;3.8;0.1;0.3;0.14;1.2;1.9;0.06;289;80;85;45;97501;0.87;1.45;0.36;0.38
2000;3;26;86;15.5;9.2;3.1;6.9;5.4;2.7;0.4;1.8;0.14;1.3;1.9;0;515;153;99;65;97045;1.3;0.78;0.36;0.38
2000;3;27;87;12.6;8.4;4.5;6.3;4.6;3;0.3;1.9;0.14;1.3;1.9;0;401;126;97;63;96343;1.26;1.26;0.36;0.38
2000;3;28;88;14.3;8.3;2.3;3.4;1.7;-1.4;0.8;1.4;0.14;1.3;1.9;0;472;149;106;68;96780;1.42;3.05;0.36;0.38
2000;3;29;89;10.9;7.8;4.2;8.9;6.2;3.3;-0.9;0.3;0.14;1.3;1.9;0;210;50;64;24;96886;0.99;19.09;0.36;0.38
2000;3;30;90;11.6;7.6;3.3;4.5;2.5;1.7;1.7;2.7;0.14;1.3;1.9;0;550;163;108;71;96591;1.53;0.29;0.37;0.38
2000;3;31;91;13.9;8.8;4.3;5.7;2.7;1.7;0.6;0.8;0.14;1.4;1.9;0;561;168;112;75;96679;1.54;0.3;0.37;0.38
2000;4;1;92;10.3;6.5;2.3;6;4.1;1.4;0.4;-0.3;0.14;1.4;1.9;0;387;74;73;35;96395;0.89;9.47;0.37;0.38
2000;4;2;93;14.5;9.1;2.5;4.4;2.5;0.4;1;1.3;0.14;1.4;1.9;0;617;169;124;79;96664;1.84;0.23;0.38;0.38
2000;4;3;94;15.3;10.2;5.6;6;4.2;2.3;0.5;3.2;0.14;1.4;1.9;0;439;141;99;65;96146;1.57;0.43;0.37;0.38
2000;4;4;95;17.2;12.2;8.4;7.7;5.7;3.9;0.9;2.7;0.14;1.4;1.9;0;558;161;107;69;95696;1.72;0;0.37;0.38
2000;4;5;96;15.1;11;5.6;6.1;5.1;4.3;1.3;-1.5;0.14;1.4;1.9;0;293;89;71;49;95646;1;0.11;0.37;0.38
2000;4;6;97;10.3;7.4;2.7;4.8;-1.2;-7.1;0.1;-2.8;0.14;1.5;1.9;0;546;171;121;81;97390;1.61;0;0.37;0.38
2000;4;7;98;11.2;6;0.4;-1.1;-3.6;-6.6;0.9;-2.3;0.14;1.5;1.9;0;558;173;111;85;98243;1.56;0.01;0.37;0.38
2000;4;8;99;11;6.3;1.2;1.6;-0.6;-1.5;0;-1.2;0.14;1.5;1.9;0;546;176;107;79;98029;1.59;0.3;0.36;0.38
2000;4;9;100;11.9;6.9;1.2;2.1;0.2;-1.8;-1.1;1.6;0.15;1.5;1.9;0;390;123;74;56;97500;1.26;0.08;0.36;0.38
2000;4;10;101;13.7;8.6;2.8;2.7;1.1;-0.3;-0.5;2;0.15;1.5;1.9;0;559;152;104;69;96804;1.58;0.04;0.36;0.38
2000;4;11;102;14.4;10;5.3;6.2;4.6;2.1;0.1;2.5;0.15;1.6;1.9;0;527;161;103;68;96044;1.58;0.49;0.36;0.38
2000;4;12;103;15.9;10.8;6.2;7.8;5.5;3.8;1;2.6;0.15;1.6;1.9;0;580;160;110;61;95798;1.73;0.63;0.36;0.38
2000;4;13;104;16.9;11.6;6.4;6.7;4.7;3.3;1.2;1.9;0.15;1.6;1.9;0;544;178;116;72;96339;2.02;0.07;0.36;0.38
2000;4;14;105;18.4;12.9;7.4;7.9;5.5;4.2;1.8;2.9;0.15;1.6;1.9;0;532;187;118;87;96478;2.11;0;0.35;0.38
2000;4;15;106;18.9;13.4;7.6;8.1;6.8;5.2;1.7;2.7;0.15;1.6;1.9;0;543;183;106;85;96193;2.07;0.33;0.35;0.38
2000;4;16;107;17.6;12.5;7.5;7.1;4.7;2.7;0.1;1.6;0.15;1.7;1.9;0;710;198;142;84;96679;2.45;1.3;0.35;0.38
2000;4;17;108;22;15.4;8.2;9.4;6;1.9;0.5;2.1;0.15;1.7;1.9;0;605;206;131;90;96453;2.56;0;0.35;0.38
2000;4;18;109;20.3;14.9;8.5;10.2;8.5;6.1;-0.8;-2.1;0.15;1.7;1.9;0;615;204;110;77;96587;2.32;0.87;0.34;0.38
2000;4;19;110;22.7;15.6;8.1;10.9;8.8;7;0;-1.2;0.15;1.8;1.9;0;679;221;134;87;96604;3.06;1.95;0.34;0.38
2000;4;20;111;22.2;15.9;9.4;11.7;9.1;5.4;0.2;-1.9;0.15;1.8;1.9;0;667;219;128;87;97147;2.88;0.44;0.34;0.38
2000;4;21;112;24.1;16.8;8.9;12.2;9.9;7.7;0.8;-1.2;0.15;1.8;1.9;0;649;211;124;85;97440;2.77;0.57;0.34;0.38
2000;4;22;113;24.7;17.9;9.1;12.1;9;6.8;-0.1;0.3;0.16;1.8;1.9;0;645;214;131;90;97492;2.83;0;0.34;0.38
2000;4;23;114;25.8;18.7;10.4;11.1;9.3;7.5;-0.3;1.5;0.16;1.9;1.9;0;700;234;138;95;97085;3.06;0;0.33;0.38
2000;4;24;115;23.6;15.8;11;13.4;10.1;6.6;0.2;-0.7;0.16;1.9;1.9;0;644;196;125;77;96571;3.05;17.45;0.33;0.38
2000;4;25;116;20.1;15;10.1;11.9;9.1;6.3;0.1;-0.4;0.16;1.9;1.9;0;588;187;100;68;97083;2.87;2.14;0.34;0.38
2000;4;26;117;20.4;16.2;12.7;12.7;11.4;10.5;-0.8;0.3;0.16;2;1.9;0;514;159;91;55;97333;2.23;0.37;0.34;0.38
2000;4;27;118;22;17;11.3;13.3;11.5;10;-1.2;0.8;0.16;2;1.9;0;600;193;107;74;97433;2.67;0.48;0.34;0.38
2000;4;28;119;21.8;16.9;10.7;12.9;10.8;9.2;-1.6;1.3;0.16;2;1.9;0;523;180;95;70;97301;2.57;0.65;0.34;0.38
2000;4;29;120;20.5;16.1;11.2;14;12.5;9.9;0;-0.7;0.16;2.1;1.9;0;460;151;82;56;97534;2.25;8.4;0.34;0.38
2000;4;30;121;22.3;16.3;9.9;13.6;11.9;9.6;0.2;-0.4;0.16;2.1;1.9;0;601;188;106;66;97796;2.8;2.94;0.34;0.38
2000;5;1;122;19.6;15.4;10.6;15;12.9;9.7;0;-1.2;0.16;2.1;1.9;0;484;160;93;58;97488;2.55;12.07;0.35;0.38
2000;5;2;123;20.9;16.4;11.4;13.7;12.1;7.6;-0.2;-1.4;0.16;2.1;1.9;0;526;182;97;66;97513;2.99;3.32;0.35;0.38
2000;5;3;124;19.1;14.2;8.2;9.7;6.4;3.1;-1.2;0.2;0.16;2.2;1.9;0;743;257;147;103;97892;3.4;0;0.35;0.38
2000;5;4;125;20.1;15.2;8.8;10.8;9;7.2;-0.9;1;0.16;2.2;1.9;0;569;190;97;69;97767;2.63;0.01;0.35;0.38
2000;5;5;126;17.2;14.5;11.4;10.3;8.1;6.6;-0.9;-0.4;0.17;2.2;1.9;0;368;128;84;53;97715;2.16;1.45;0.35;0.38
2000;5;6;127;21.6;15.8;8.1;10.9;8.6;6;-0.3;1.1;0.17;2.3;1.9;0;669;229;116;87;97641;3.19;0.01;0.34;0.38
2000;5;7;128;24;17.9;10.6;12.6;10.7;8.9;0.4;1.9;0.17;2.3;1.9;0;701;239;124;89;97714;3.57;0;0.34;0.38
2000;5;8;129;19.6;16.2;12.8;13.4;11.8;10.6;0.6;2.3;0.17;2.3;1.9;0;410;153;76;64;97782;2.31;1.26;0.34;0.38
2000;5;9;130;23.3;17.5;10.3;14.9;12.1;9.5;0.7;0.8;0.17;2.4;1.9;0;633;210;113;80;97787;3.06;0.11;0.34;0.37
2000;5;10;131;26;18.8;10.6;15;13;10.2;1.1;1;0.17;2.4;1.9;0;709;246;123;85;97570;3.65;0;0.33;0.37
2000;5;11;132;25.9;19.3;12.5;16.4;14.4;11.4;0.3;-0.3;0.17;2.4;1.9;0;662;206;114;72;97456;3.06;3.45;0.33;0.37
2000;5;12;133;22;17.7;13.4;16.1;14.4;12;1;-0.6;0.17;2.5;1.9;0;410;130;69;51;97558;2.4;9.74;0.33;0.37
2000;5;13;134;18.2;14.1;9.9;10.6;7.4;5.8;-0.4;-0.9;0.17;2.5;1.9;0;551;176;105;65;98126;3.32;3.7;0.34;0.37
2000;5;14;135;21.1;15.4;7.4;9.3;7.7;5.9;0.2;-0.6;0.17;2.5;1.9;0;727;265;138;99;98258;3.67;0;0.34;0.37
2000;5;15;136;23.2;17.2;8.7;13.2;9.1;6.8;0.2;0.2;0.17;2.5;1.9;0;722;254;135;94;98175;3.79;0;0.33;0.37
2000;5;16;137;25.1;18.5;9.9;12.7;10.3;8.2;0.6;1.2;0.17;2.6;1.9;0;719;252;130;92;97827;3.83;0;0.33;0.37
2000;5;17;138;26.3;19.2;11.2;13.8;11.4;9.2;0.7;1.5;0.17;2.6;1.9;0;703;242;120;86;97329;3.9;0.21;0.32;0.37
2000;5;18;139;25.1;19.1;12.6;13.6;10;6.9;1.2;1.5;0.17;2.6;1.9;0;607;215;113;82;96768;3.72;0.17;0.32;0.37
2000;5;19;140;15.8;13.2;9.3;10.1;8.4;6.4;0;-0.7;0.17;2.6;1.9;0;330;90;99;50;96883;2.09;6.39;0.32;0.37
2000;5;20;141;12.2;9.7;5.7;8.3;6.5;4;1;-0.1;0.17;2.7;1.9;0;291;80;104;58;97027;1.63;7.94;0.33;0.37
2000;5;21;142;18.8;12.2;3.1;7.1;4.9;1.9;0.6;1.7;0.17;2.7;1.9;0;712;250;132;97;97104;3.56;0;0.33;0.37
2000;5;22;143;17.4;12.3;8.3;9.3;6.8;3.9;0.9;-0.1;0.17;2.7;1.9;0;538;141;117;70;97206;2.51;7.58;0.33;0.37
2000;5;23;144;18.7;13.7;6.7;8.9;6.4;4.9;0.5;-0.8;0.17;2.7;1.9;0;623;230;110;84;97883;3.38;0.23;0.33;0.37
2000;5;24;145;21.7;16;8.8;11.7;9.5;6.5;0;1.4;0.17;2.7;1.9;0;702;242;121;86;97770;3.51;0.01;0.33;0.37
2000;5;25;146;24.5;18.5;11.2;12.8;11.1;9.1;-0.3;1.8;0.17;2.8;1.9;0;726;260;127;92;97532;4.02;0.01;0.32;0.37
2000;5;26;147;23.7;18.8;11.9;14.3;12.7;10.3;-0.5;0.3;0.17;2.8;1.9;0;587;201;96;72;97668;3.25;0.55;0.32;0.37
2000;5;27;148;26.7;20.6;13.8;14;11.1;8.8;0.5;1.9;0.17;2.8;1.9;0;734;267;137;96;97308;4.46;0;0.32;0.37
2000;5;28;149;25.7;19.6;14;12.9;11.4;9.4;0.5;1.8;0.17;2.8;1.9;0;657;239;113;85;97145;3.86;0.04;0.31;0.37
2000;5;29;150;16.6;13.7;11.5;13.4;9.4;6.8;0.2;-1.1;0.17;2.9;1.9;0;186;57;38;29;97280;1.74;3.87;0.31;0.37
2000;5;30;151;17.9;14.2;10;7.9;5.3;3.2;0.5;0.9;0.17;2.9;1.9;0;567;195;111;74;97655;3.16;0.02;0.31;0.37
2000;5;31;152;18.5;14.3;10.9;11.7;8.8;5.6;0.2;-0.3;0.17;2.9;1.9;0;504;161;88;68;97394;2.78;2.88;0.31;0.37
2000;6;1;153;19.6;14.6;8.4;7.8;6.2;4.8;-0.7;-0.5;0.17;2.9;1.9;0;584;231;130;89;98388;3.4;0;0.31;0.37
2000;6;2;154;22.7;17.3;10.1;11.4;8.7;5.1;-0.3;1.1;0.17;2.9;1.9;0;713;258;119;88;98318;3.8;0;0.3;0.37
2000;6;3;155;25.6;19.8;12.7;13.4;11.5;9.7;-0.5;1.3;0.17;3;1.9;0;710;251;116;85;98017;3.87;0;0.3;0.37
2000;6;4;156;28;21.4;14.6;16.9;14.1;10.5;0.4;0.6;0.17;3;1.9;0;704;245;111;78;97779;3.87;0.91;0.3;0.37
2000;6;5;157;29;22.5;14.7;16.4;15;13.2;0.5;1.3;0.17;3;1.9;0;675;243;109;77;97520;4.14;0.13;0.29;0.37
2000;6;6;158;26.7;20.6;15.7;17.2;15.6;13.7;0.8;-0.7;0.17;3;1.9;0;583;202;91;68;97224;3.57;10.09;0.29;0.37
2000;6;7;159;20.5;16.7;12.7;12.5;10;7.6;0.7;-1.4;0.17;3;1.9;0;405;153;106;57;97806;3.32;1.15;0.3;0.37
2000;6;8;160;22.1;16.9;10.3;11.1;9.4;7.6;-0.3;0.7;0.17;3.1;1.9;0;537;202;106;79;98148;3.14;0.1;0.3;0.37
2000;6;9;161;27;20.8;14.2;14.5;12;8.5;-0.8;1.2;0.17;3.1;1.9;0;725;267;122;89;97844;4.13;0;0.29;0.37
2000;6;10;162;28.8;22.9;16.7;16;14.1;12.5;-1;1.1;0.17;3.1;1.9;0;675;247;112;83;97586;4.01;0.04;0.29;0.36
2000;6;11;163;28.6;23.6;18.7;16.1;14.3;12.4;-0.2;1.3;0.17;3.1;1.9;0;613;221;104;76;97507;3.7;0.05;0.29;0.36
2000;6;12;164;29.9;23.1;16.3;18.3;16.3;14.5;0.3;-0.3;0.17;3.2;1.9;0;662;224;108;70;98049;3.89;2.4;0.28;0.36
2000;6;13;165;28;21.5;16.8;18.9;17.2;15.5;0.7;-0.3;0.17;3.2;1.9;0;662;186;101;59;98306;3.41;7.41;0.29;0.36
2000;6;14;166;29.3;22.7;15.5;18.5;16.4;14.6;0.5;-0.2;0.17;3.2;1.9;0;646;233;109;75;97864;4.22;1.27;0.29;0.36
2000;6;15;167;24.7;20.6;16.3;17.2;15.9;12.8;1.1;-0.6;0.17;3.2;1.9;0;605;176;86;58;97737;3.45;3.94;0.28;0.36
2000;6;16;168;21.5;18.1;13.9;12.7;8.3;5.6;0.3;-2.5;0.17;3.2;1.9;0;566;211;110;81;97951;3.8;0.01;0.28;0.36
2000;6;17;169;18.7;15;11.8;6.9;3.6;-0.1;-0.7;-2.1;0.17;3.2;1.9;0;675;230;125;91;98544;3.63;0.25;0.28;0.36
2000;6;18;170;21.9;16.6;9.5;9.6;5.4;-0.1;-0.1;0.4;0.17;3.3;1.9;0;746;277;141;104;98744;3.88;0;0.28;0.36
2000;6;19;171;25.7;19.8;11.3;11.6;9.5;7;-0.5;0.5;0.17;3.3;1.9;0;729;266;128;93;98365;4.03;0;0.27;0.36
2000;6;20;172;28.9;22.8;14.5;16.7;12.5;9.5;-0.5;0.7;0.17;3.3;1.9;0;697;254;118;85;97877;3.97;0;0.27;0.36
2000;6;21;173;31.5;24.5;17;16.8;14.5;12.3;0.4;0.1;0.17;3.3;1.9;0;721;256;130;91;97530;3.97;0.02;0.27;0.36
2000;6;22;174;32.6;25.4;16.7;18.6;15.3;12;1;0.8;0.17;3.3;1.9;0;703;255;121;87;97443;4.03;0.1;0.26;0.36
2000;6;23;175;30.8;22.6;17;16.6;13.5;10.3;0.3;-1;0.17;3.3;1.9;0;684;246;128;86;97427;3.77;0.36;0.26;0.36
2000;6;24;176;23.5;19.6;16.2;13.3;11.4;10.4;0.2;-0.7;0.17;3.3;1.9;0;469;144;77;51;97369;2.44;3.95;0.26;0.36
2000;6;25;177;17.2;13.9;11.2;13.3;9.5;6.2;1.2;-1.3;0.17;3.4;1.9;0;254;77;106;44;97410;2.62;13.6;0.27;0.36
2000;6;26;178;19.8;15.2;8.6;10.6;7.5;5.5;0.6;-0.6;0.17;3.4;1.9;0;599;226;110;87;97734;3.3;0.3;0.27;0.36
2000;6;27;179;19.9;15.4;10.9;10.9;8.6;6.1;0.1;0;0.17;3.4;1.9;0;555;173;106;69;97816;2.65;0.67;0.27;0.36
2000;6;28;180;21.9;16.6;11.4;14.8;10.6;7.4;0.2;-0.6;0.17;3.4;1.9;0;614;197;103;64;97405;3.01;2.98;0.27;0.36
2000;6;29;181;21.3;17.4;11.1;12.4;8.7;6.7;0.2;-0.9;0.17;3.4;1.9;0;525;182;103;73;97456;3.1;0.07;0.27;0.36
2000;6;30;182;20.9;17.5;12.3;14.8;12.7;9.8;0.1;0.6;0.17;3.4;1.9;0;559;195;93;73;97453;2.85;1.44;0.27;0.36
2000;7;1;183;26.7;20.1;11.4;15.8;13.8;10.9;0.8;0.7;0.17;3.4;1.9;0;656;235;108;78;97281;3.64;0.29;0.26;0.36
2000;7;2;184;28.9;22.7;14.5;17.7;15.4;13.5;1.1;0.7;0.17;3.5;1.9;0;676;241;106;79;97319;3.86;0;0.26;0.36
2000;7;3;185;31.2;24.6;16.7;18.2;15.8;14;1.6;1.5;0.17;3.5;1.9;0;660;248;111;83;97050;4.09;0;0.26;0.36
2000;7;4;186;32.7;25.6;18.2;17.2;15;12.9;1.4;1.7;0.17;3.5;1.9;0;676;246;117;82;96719;3.98;0.1;0.25;0.35
2000;7;5;187;24.6;21.3;18;15.5;13.2;10.8;0.5;-0.6;0.17;3.5;1.9;0;439;131;73;51;97319;2.39;0.76;0.25;0.35
2000;7;6;188;25.4;21.5;18.3;15.8;14.4;13.4;0.2;0.4;0.17;3.5;1.9;0;506;168;96;55;97774;2.99;0.77;0.25;0.35
2000;7;7;189;28.3;22.7;16.8;17.4;14.8;11.7;-0.5;-0.6;0.17;3.5;1.9;0;573;185;89;63;97159;2.76;0.13;0.25;0.35
2000;7;8;190;24.9;20;13.6;16.5;12.6;8.5;0.9;-1.5;0.17;3.5;1.9;0;459;161;94;59;96608;3.14;4.53;0.25;0.35
2000;7;9;191;20.9;15.5;10.9;9.1;7;3.8;0.9;-1;0.17;3.6;1.9;0;634;174;114;65;96868;3.91;6.3;0.25;0.35
2000;7;10;192;24.3;19;12.7;12.8;10.4;7.6;1.3;3.1;0.17;3.6;1.9;0;543;192;95;74;96290;3.22;0;0.25;0.35
2000;7;11;193;21.1;17.2;14;16.5;13.6;10.4;-0.1;1.1;0.17;3.6;1.9;0;269;89;69;45;96051;2.19;9.34;0.26;0.35
2000;7;12;194;19.5;15.9;12.2;11.5;9.5;6.9;0.8;-1.3;0.17;3.6;1.9;0;607;179;100;64;96835;3.05;1.44;0.26;0.35
2000;7;13;195;18.5;14.7;10.9;9.6;6.3;4;1.4;-1.2;0.17;3.6;1.9;0;604;203;117;84;97293;3.14;0.44;0.25;0.35
2000;7;14;196;21.1;14.8;8.6;13.6;10.5;7.4;0.7;-0.2;0.17;3.6;1.9;0;611;173;99;56;96698;2.57;23.82;0.25;0.35
2000;7;15;197;16.4;13.7;11.5;11;9.7;6.6;0.7;-1.1;0.17;3.6;1.9;0;312;116;83;47;96449;2.86;13.31;0.28;0.35
2000;7;16;198;18.2;14.8;11.2;7.8;6.5;5.6;1.8;-1.9;0.17;3.6;1.9;0;510;192;101;71;96846;3.69;0.01;0.28;0.35
2000;7;17;199;21.5;16.2;9.8;9.9;7;5;0.8;-0.5;0.17;3.6;1.9;0;670;216;113;83;97434;3.8;0.15;0.28;0.35
2000;7;18;200;20.5;16.3;9.9;12.7;9.9;8.2;0.8;0.3;0.17;3.6;1.9;0;592;200;94;72;97608;3.18;0.27;0.28;0.35
2000;7;19;201;21.4;16.4;10.9;13;10.8;8.7;1;-0.4;0.17;3.6;1.9;0;529;186;98;70;97490;3.19;2.53;0.27;0.35
2000;7;20;202;20.3;15.7;10.2;12.6;10;7.8;0.4;-0.6;0.17;3.6;1.9;0;503;168;92;65;97681;2.92;0.4;0.27;0.35
2000;7;21;203;21.1;16.6;9.6;12;10;7.8;0.7;-0.2;0.17;3.6;1.9;0;548;195;95;70;97787;3.2;0.34;0.27;0.35
2000;7;22;204;23.2;18;13.5;15.3;13.3;11;-0.2;-0.1;0.17;3.6;1.9;0;549;192;91;64;97631;3.03;1.95;0.27;0.35
2000;7;23;205;26;19.5;11.8;17.5;14.5;11.7;0.5;0.4;0.17;3.6;1.9;0;651;216;96;60;97423;3.67;0.03;0.27;0.35
2000;7;24;206;27.2;21.8;16.6;16.4;13.9;10.8;2.1;2;0.17;3.6;1.9;0;571;198;99;64;96916;3.81;0.16;0.27;0.35
2000;7;25;207;26.2;22;17.2;15.8;14.4;11;1.3;1.9;0.17;3.6;1.9;0;535;195;88;73;96806;3.51;0.02;0.26;0.35
2000;7;26;208;27;21.6;16.2;16.9;15.2;13.2;1.5;0.7;0.17;3.6;1.9;0;625;200;97;67;96908;3.51;0.54;0.26;0.35
2000;7;27;209;25.7;20.9;14.1;15.5;13;10.7;0.1;-0.4;0.17;3.6;1.9;0;619;203;108;75;97496;3.46;0;0.26;0.35
2000;7;28;210;21.9;18.3;13.8;16.6;14.3;11.3;0.3;-1.1;0.17;3.6;1.9;0;359;110;68;49;97166;2.15;12.03;0.26;0.35
2000;7;29;211;22.6;17.9;12.7;12.5;10.5;8.9;1.6;-0.8;0.17;3.6;1.9;0;595;206;102;77;97284;3.72;0.03;0.26;0.35
2000;7;30;212;21.3;17.3;13.2;11;10.2;9.3;1.3;-1.3;0.17;3.6;1.9;0;450;152;88;65;97801;2.67;0.33;0.26;0.35
2000;7;31;213;22.7;18.3;13;13.6;11;9.5;0.7;-0.8;0.17;3.6;1.9;0;630;212;109;77;98217;3.33;0.06;0.26;0.34
2000;8;1;214;25.2;19.5;11.6;14.1;12.4;10.7;0;0.6;0.17;3.6;1.9;0;566;212;109;80;98178;3.33;0.02;0.26;0.34
2000;8;2;215;28.6;22.2;14.2;16.4;14.6;11.8;0.5;1.5;0.17;3.6;1.9;0;695;239;118;83;97823;3.77;0;0.25;0.34
2000;8;3;216;25.8;21.3;17;17.2;15.9;14.2;-0.1;0.4;0.17;3.6;1.9;0;531;153;86;54;97712;2.63;0.93;0.25;0.34
2000;8;4;217;24.3;20.1;15.9;14.8;13.4;11.9;-0.8;-1.1;0.17;3.6;1.9;0;560;189;89;65;97770;3.19;1.46;0.25;0.34
2000;8;5;218;21.8;18.5;16;16.4;15.3;13.9;-0.3;-1.1;0.17;3.6;1.9;0;372;90;38;28;97784;2.29;18.72;0.26;0.34
2000;8;6;219;22.5;18.7;15.1;16.9;15.6;13.6;0.2;-0.4;0.17;3.6;1.9;0;382;122;92;45;97461;2.45;8.26;0.27;0.34
2000;8;7;220;22.7;18.1;12.8;14.1;12.9;11.3;1;-1.2;0.17;3.5;1.9;0;589;193;96;66;97631;3.74;4.89;0.27;0.34
2000;8;8;221;22.3;18.2;13.7;13.6;12.3;11.1;-0.1;-0.3;0.17;3.5;1.9;0;536;158;99;64;97903;2.71;0.1;0.27;0.34
2000;8;9;222;23.8;19;12.9;15.9;14.1;11.8;0.2;-0.5;0.17;3.5;1.9;0;589;173;89;63;97954;2.84;0.45;0.27;0.34
2000;8;10;223;24.4;19.6;13.2;17.2;14.9;13;0.2;0.3;0.17;3.5;1.9;0;562;188;95;65;97843;3.16;0.39;0.27;0.34
2000;8;11;224;27.5;21.9;13.8;18.9;15.4;13.2;0.6;0.1;0.17;3.5;1.9;0;586;201;103;71;97478;3.36;0.1;0.27;0.34
2000;8;12;225;29.2;22.1;14.4;17.7;15.6;13.6;0.7;0.3;0.17;3.5;1.9;0;675;221;115;81;97389;3.82;0.61;0.26;0.34
2000;8;13;226;28.7;22.3;14.8;17.2;15.6;13.9;0.5;-0.4;0.17;3.5;1.9;0;635;215;111;76;97683;3.7;0.3;0.26;0.34
2000;8;14;227;27.3;21.6;16.5;17.3;16.5;15.1;0.7;-0.8;0.17;3.5;1.9;0;609;195;99;68;97897;3.32;0.93;0.26;0.34
2000;8;15;228;28.1;22.3;15.1;18.4;15.4;13.1;0.7;-0.6;0.17;3.5;1.9;0;622;198;107;76;97901;3.28;0.01;0.26;0.34
2000;8;16;229;29.1;23.7;15.7;17.7;14.8;12.9;0.3;0.1;0.17;3.5;1.9;0;614;197;115;75;97664;3.2;0;0.25;0.34
2000;8;17;230;30.9;24.2;16.4;18;15.7;13.4;0.9;0.6;0.17;3.5;1.9;0;657;211;117;77;97486;3.43;0.04;0.25;0.34
2000;8;18;231;31.4;24.8;16.5;17.6;16;14;0.2;0.7;0.16;3.4;1.9;0;661;223;125;83;97588;3.51;0;0.25;0.34
2000;8;19;232;33.6;26;18.3;18.4;15.9;13.5;0.9;1.6;0.16;3.4;1.9;0;666;221;125;87;97580;3.52;0;0.24;0.34
2000;8;20;233;33.7;26.1;18;18;15.2;12.5;1.4;1.3;0.16;3.4;1.9;0;664;220;129;96;97395;3.36;0;0.24;0.34
2000;8;21;234;33.6;26.5;18.3;17.9;15;13.7;0.7;1.3;0.16;3.4;1.9;0;653;216;128;93;97232;3.36;0;0.24;0.34
2000;8;22;235;28.3;24.2;20.3;14.2;13.1;11.3;-0.5;-0.9;0.16;3.4;1.9;0;644;198;117;83;97551;3.12;0;0.24;0.34
2000;8;23;236;27.2;22.3;17.7;14.8;13.5;10.7;-0.9;-1.1;0.16;3.3;1.9;0;602;181;101;71;97922;2.64;0;0.23;0.34
2000;8;24;237;25.4;21.3;18.1;15.1;12.1;10.2;0;0.2;0.16;3.3;1.9;0;541;168;112;72;98064;2.3;0.02;0.23;0.34
2000;8;25;238;27.7;21.5;16;14.8;10.2;7;0.4;-1.7;0.16;3.3;1.9;0;611;202;128;90;97716;2.66;0;0.23;0.34
2000;8;26;239;22;17.6;13.8;9.5;8;6;-1.3;-0.5;0.16;3.3;1.9;0;493;177;130;89;97848;2.07;0.01;0.23;0.34
2000;8;27;240;23;17.8;12.3;9.9;8.3;7.4;-1.4;0.5;0.16;3.2;1.9;0;600;191;113;79;97712;2.09;0;0.23;0.33
2000;8;28;241;17.8;15.8;13;12.8;10.8;8.5;0.6;-0.4;0.16;3.2;1.9;0;241;82;60;46;97843;1.63;4.84;0.23;0.33
2000;8;29;242;22.6;17.6;10.4;13.7;10.9;9.7;0.4;-0.4;0.16;3.2;1.9;0;536;166;98;71;97922;2.2;0.01;0.23;0.33
2000;8;30;243;26.1;19.7;11.5;13;10.9;9.4;0.1;1;0.16;3.2;1.9;0;596;195;127;79;97515;2.34;0.74;0.23;0.33
2000;8;31;244;23.1;19.4;15.8;15.6;14.2;11.3;0;1;0.16;3.1;1.9;0;443;125;75;50;96820;2.11;5.66;0.23;0.33
2000;9;1;245;22.4;18.3;15.6;15.3;14;11.9;-0.1;-0.9;0.16;3.1;1.9;0;537;123;87;47;96658;2.48;9.01;0.24;0.33
2000;9;2;246;21.8;17.2;13.2;14.1;12.8;11.8;-0.1;-0.3;0.16;3.1;1.9;0;427;116;79;49;96761;2.05;6.51;0.24;0.33
2000;9;3;247;21.3;16.2;11.8;11.6;9.6;7.6;1.2;-0.4;0.16;3.1;1.9;0;526;178;121;77;96945;2.86;0.65;0.24;0.33
2000;9;4;248;19.2;14.9;9.5;10.3;7.2;5.6;0.9;-1.2;0.16;3.1;1.9;0;544;164;112;78;97395;2.27;0.04;0.24;0.33
2000;9;5;249;16.8;13.5;10.5;5.8;4.6;2.8;1.2;-2.3;0.16;3;1.9;0;521;160;99;84;97828;2.11;0.17;0.24;0.33
2000;9;6;250;17.8;13.9;9.4;8.1;6.6;5.6;0;0;0.16;3;1.9;0;449;143;103;70;97673;1.83;0.23;0.24;0.33
2000;9;7;251;18.6;14;11.1;11.3;8.2;5.7;0.6;-0.9;0.16;3;1.9;0;436;102;103;54;97133;1.65;3.62;0.24;0.33
2000;9;8;252;18.5;14.6;9.9;10.9;8.8;7;-0.5;-1;0.16;3;1.9;0;360;110;76;58;98141;1.48;0.38;0.24;0.33
2000;9;9;253;19.8;15.3;9.4;11.5;9.5;8.2;0.1;0.2;0.15;2.9;1.9;0;504;167;124;81;98550;1.89;0;0.24;0.33
2000;9;10;254;22;15.7;7.6;13.1;9.2;6.8;0.3;-0.3;0.15;2.9;1.9;0;618;191;137;91;98223;2.11;0;0.24;0.33
2000;9;11;255;23;16.5;8.3;13;9.3;7.4;0.5;-0.4;0.15;2.9;1.9;0;600;188;136;90;97670;2.13;0;0.23;0.33
2000;9;12;256;24.1;17.8;10.2;13;11.1;8.4;0.2;0.4;0.15;2.9;1.9;0;530;155;102;73;97517;1.87;0;0.23;0.33
2000;9;13;257;25.9;19.1;11.8;14.7;12.8;10.4;0.7;0.3;0.15;2.9;1.9;0;567;175;121;77;97263;2.07;0.52;0.23;0.33
2000;9;14;258;25.1;18.7;13.3;14.8;13.9;12.7;0.6;-0.2;0.15;2.8;1.9;0;537;158;111;68;97509;2.03;1.11;0.23;0.33
2000;9;15;259;22.4;17.9;13.4;14.8;14.1;12.6;-0.5;0.1;0.15;2.8;1.9;0;329;98;68;45;97629;1.32;0.22;0.23;0.33
2000;9;16;260;25;18.8;12.1;15.6;14.1;9.1;0.4;0.7;0.15;2.8;1.9;0;395;118;81;44;97098;1.95;9.28;0.23;0.33
2000;9;17;261;20;15.3;10;11.8;10.1;8.7;0.2;0.5;0.15;2.7;1.9;0;465;137;93;62;96993;1.99;1.64;0.24;0.33
2000;9;18;262;18.7;15.8;13.2;13;11.9;10.9;-1;0.2;0.15;2.7;1.9;0;363;98;73;45;97030;1.4;0.94;0.24;0.33
2000;9;19;263;15.9;14.1;12.5;12.7;11.1;8.8;-1.2;-0.5;0.15;2.6;1.9;0;181;38;37;18;97006;0.66;0.22;0.24;0.33
2000;9;20;264;25.9;18.4;12.7;17;14.6;11.9;-0.2;0.1;0.15;2.6;1.9;0;508;138;91;57;96826;1.64;0.06;0.24;0.33
2000;9;21;265;20.4;15.9;12.8;15;13.1;7.5;-0.3;-1.2;0.15;2.6;1.9;0;374;82;91;38;96913;1.83;11.61;0.24;0.33
2000;9;22;266;18.5;14.9;12.1;8.8;7.9;7.2;0.5;-2.3;0.15;2.5;1.9;0;421;104;83;51;97907;1.74;0.16;0.24;0.33
2000;9;23;267;15;12.7;9.8;8.1;7.3;6.4;-1.2;-1.5;0.15;2.5;1.9;0;285;68;63;39;98326;0.95;0.02;0.24;0.33
2000;9;24;268;12.9;11.9;11;9.8;9;8;-1.1;-0.4;0.15;2.4;1.9;0;127;29;34;20;98306;0.5;0.54;0.24;0.33
2000;9;25;269;16.7;13.5;10.1;11.1;10;9.3;-0.7;0.5;0.15;2.4;1.9;0;276;74;54;30;98282;0.88;0.06;0.24;0.33
2000;9;26;270;18.4;15;12.2;11.9;11.3;10.5;-0.9;0.3;0.15;2.4;1.9;0;327;86;67;44;98340;0.92;0.05;0.24;0.33
2000;9;27;271;20.8;15.4;12;12.2;10.8;9.4;-0.3;1.2;0.15;2.3;1.9;0;517;140;108;70;98081;1.48;0;0.24;0.33
2000;9;28;272;21.2;15.4;10.6;12.9;10.5;7.9;-0.6;1.2;0.15;2.3;1.9;0;487;137;112;71;97574;1.39;0;0.24;0.33
2000;9;29;273;21.7;15.8;11;12;10.1;9;-0.6;1.7;0.15;2.2;1.9;0;468;133;114;74;97122;1.42;0.02;0.24;0.33
2000;9;30;274;21.1;16;10.5;13.8;11.2;8.2;-0.7;1.9;0.15;2.2;1.9;0;446;117;92;56;97064;1.33;1.87;0.24;0.33
2000;10;1;275;17.1;15.7;14.6;16.2;14.4;13.1;-1.5;0.9;0.15;2.2;1.9;0;159;39;27;18;96885;1.09;11.27;0.24;0.33
2000;10;2;276;20.8;16.2;13.2;13.4;12.5;10.8;0;1.4;0.14;2.1;1.9;0;444;116;98;52;96852;1.6;3.32;0.25;0.33
2000;10;3;277;16;14.3;13;13.2;12.7;11.6;0.3;-2;0.14;2.1;1.9;0;160;38;34;15;97609;1.48;19.44;0.27;0.33
2000;10;4;278;19.5;15.3;11.8;14.8;13.3;11.7;0;-1.1;0.14;2;1.9;0;262;70;83;41;97931;0.98;2.78;0.27;0.33
2000;10;5;279;19.3;14.9;11.5;13;12;11.4;-0.1;-0.7;0.14;2;1.9;0;411;101;88;43;97640;1.19;0.16;0.27;0.33
2000;10;6;280;17.6;13.7;10.4;11.8;10.8;8.2;-0.3;-1.4;0.14;2;1.9;0;308;82;70;42;97523;1.54;7.47;0.27;0.33
2000;10;7;281;11.5;9.9;8.3;9.7;8.1;6.5;1;-1.6;0.14;1.9;1.9;0;118;22;17;11;97617;1.61;24.19;0.29;0.33
2000;10;8;282;11.8;9.7;7.7;8.5;7;5.9;1;-1.3;0.14;1.9;1.9;0;138;36;37;17;97610;1.15;4.74;0.3;0.33
2000;10;9;283;12.2;10.4;9.2;10.1;8.6;7.4;-0.1;-0.9;0.14;1.8;1.9;0;114;22;19;12;97159;0.74;16.48;0.31;0.32
2000;10;10;284;14.9;11.3;8.3;10;8;6.8;-0.2;1.9;0.14;1.8;1.9;0;218;55;59;26;96403;1.01;4.85;0.32;0.32
2000;10;11;285;17.3;14;11.1;11.8;9;6.6;0.5;3.4;0.14;1.8;1.9;0;315;80;90;50;96038;1.39;3.63;0.32;0.32
2000;10;12;286;21.1;16.5;13;11.6;10.4;7.5;0;3.3;0.14;1.7;1.9;0;366;96;98;70;96672;1.41;0;0.32;0.32
2000;10;13;287;23;17.1;11;14.5;12.7;9.9;0.2;1.4;0.14;1.7;1.9;0;458;123;114;78;97437;1.31;0;0.32;0.32
2000;10;14;288;22.1;16.1;10.2;16.8;13.6;10.1;-0.1;0;0.14;1.6;1.9;0;399;103;101;65;97705;0.92;0;0.32;0.32
2000;10;15;289;18.5;14;10.3;14.1;12.5;10.3;-0.5;-0.4;0.14;1.6;1.9;0;361;84;98;42;97558;0.82;0.44;0.32;0.32
2000;10;16;290;19.4;15.2;12.2;12.4;10.7;9.3;0.3;2.2;0.14;1.6;1.9;0;454;107;107;62;97664;1.37;0.47;0.32;0.32
2000;10;17;291;19.1;14.1;9.8;11.7;10;8.4;0.6;0;0.14;1.6;1.9;0;443;110;118;69;98007;1.15;2.3;0.32;0.32
2000;10;18;292;17.1;12.5;9.1;11.5;10.1;8.9;0.3;-0.6;0.14;1.6;1.9;0;364;89;85;54;98178;1.07;5.64;0.32;0.32
2000;10;19;293;14.5;11.4;8.9;12.1;10.4;8.7;-0.4;-0.4;0.14;1.5;1.9;0;204;44;80;28;98193;0.7;3.34;0.33;0.32
2000;10;20;294;13.5;10.5;8.1;9.7;6.5;4.2;-1.6;0.9;0.13;1.5;1.9;0;345;77;72;48;98685;1.03;0.03;0.33;0.32
2000;10;21;295;11.7;8.3;4.5;5.1;4;2.7;-1;0.5;0.13;1.5;1.9;0;382;101;109;79;99012;0.79;0;0.33;0.32
2000;10;22;296;12.6;8.4;4.1;6.3;4.6;3.2;-0.1;0.4;0.13;1.5;1.9;0;434;105;128;79;99113;0.74;0;0.33;0.32
2000;10;23;297;14;6.9;1;5.6;3.6;0.9;0.3;0.7;0.13;1.5;1.9;0;453;117;132;90;98778;0.88;0;0.32;0.32
2000;10;24;298;16.3;8.7;0.2;8.7;5;-0.4;0.4;0.3;0.13;1.5;1.9;0;437;110;121;71;98218;0.86;0;0.32;0.32
2000;10;25;299;16.9;10.4;6.2;9;7;5.2;0.6;0.7;0.13;1.5;1.9;0;415;101;118;75;97759;0.78;0;0.32;0.32
2000;10;26;300;18;10.5;3.9;10.1;7.2;3.4;1.2;0.6;0.13;1.4;1.9;0;428;109;122;77;97355;0.85;0.14;0.32;0.32
2000;10;27;301;13.3;9.6;6.4;8.8;7.4;5.5;0;0.4;0.13;1.4;1.9;0;363;64;97;48;97815;0.78;10.84;0.33;0.32
2000;10;28;302;14.4;9.5;5.8;7.3;6;5.2;0.2;1.2;0.13;1.4;1.9;0;316;78;98;58;98115;0.72;0;0.33;0.32
2000;10;29;303;15.6;9.4;5.2;9.1;6.6;4;0.1;0.5;0.13;1.4;1.9;0;388;97;109;74;97735;0.69;0;0.33;0.32
2000;10;30;304;17.2;11.2;4.4;10.5;7.8;4.1;1.1;2.5;0.13;1.4;1.9;0;356;85;99;66;97226;0.75;0;0.33;0.32
2000;10;31;305;18.4;14.8;12.3;11.2;10.2;9.4;0.6;3.8;0.13;1.4;1.9;0;321;84;100;70;96584;0.91;0.32;0.33;0.32
2000;11;1;306;13.4;9.1;5.1;11.2;6.5;4.3;-0.1;0;0.12;1.4;1.9;0;178;33;87;40;96898;1.03;22.81;0.34;0.32
2000;11;2;307;13.8;8;2;7.2;5.2;1.7;0.4;1.8;0.12;1.4;1.9;0;362;81;103;73;97073;0.61;0;0.35;0.32
2000;11;3;308;15.1;11.4;7.9;10;8.7;6.9;-0.5;2.9;0.12;1.3;1.9;0;245;55;68;42;96714;0.85;1.66;0.35;0.32
2000;11;4;309;15;11.1;7.7;11.7;9.4;5.8;-0.3;0.6;0.12;1.3;1.9;0;236;54;70;38;96794;1.07;14.9;0.35;0.32
2000;11;5;310;8.4;7.2;6.1;5.9;5;4.1;-0.3;-0.1;0.12;1.3;1.9;0;161;33;46;28;97584;0.75;3.88;0.36;0.32
2000;11;6;311;11.8;9.6;6.4;7.8;6.6;5.3;-0.9;3.9;0.12;1.3;1.9;0;205;39;45;32;96303;1;2.87;0.36;0.32
2000;11;7;312;14;11;8.5;10.5;7.3;4.5;-0.3;3.5;0.12;1.3;1.9;0;268;58;109;55;95306;1.14;6.59;0.37;0.32
2000;11;8;313;13.2;9.4;7.4;5.5;4.5;2.6;1.1;2.7;0.12;1.3;1.9;0;283;70;105;71;96198;0.69;0.43;0.37;0.32
2000;11;9;314;12.4;8;3.9;4.9;3.7;2.8;1.1;1.6;0.12;1.3;1.9;0;375;85;113;79;97087;0.76;0.14;0.37;0.32
2000;11;10;315;11.5;5.9;1.5;4.5;2.8;0.7;0.8;0.1;0.12;1.2;1.9;0;304;72;96;71;97866;0.56;0.24;0.37;0.32
2000;11;11;316;10.2;4.1;-1.1;4.2;1.7;-1.9;0.4;0.6;0.12;1.2;1.9;0;339;75;114;74;98474;0.5;0;0.37;0.32
2000;11;12;317;11;5.6;-0.1;2.9;1.4;-1;1;2.2;0.12;1.2;1.9;0;364;86;113;84;97787;0.56;0;0.37;0.33
2000;11;13;318;15.4;10.3;4.7;10.2;7.1;1.5;1.4;2.7;0.11;1.2;1.9;0;296;65;73;60;97008;0.45;0;0.36;0.33
2000;11;14;319;18;14.6;11.4;11.8;10.4;9.3;0.6;3.6;0.11;1.2;1.9;0;273;57;77;61;96867;0.61;0.01;0.36;0.33
2000;11;15;320;13.9;11.7;9.1;12.3;10.4;8.8;-0.9;0.6;0.11;1.2;1.9;0;172;40;69;42;97458;0.5;4.53;0.36;0.33
2000;11;16;321;11;9.4;8.3;9.8;7.6;5.7;-0.5;-0.1;0.11;1.2;1.9;0;47;10;25;13;97468;0.41;2.95;0.37;0.33
2000;11;17;322;12.3;8.5;6;8.6;7;5.7;-0.1;-0.3;0.11;1.2;1.9;0;300;55;100;43;97016;0.38;5.36;0.37;0.33
2000;11;18;323;7.6;6.6;5;6.4;4.7;2.3;0.1;-0.9;0.11;1.2;1.9;0;57;14;51;19;97265;0.59;8.86;0.38;0.33
2000;11;19;324;7.3;4.8;1.3;5.1;3.1;0.4;-0.1;-0.2;0.11;1.2;1.9;0;187;34;63;31;97008;0.46;4.89;0.38;0.33
2000;11;20;325;9;6.8;5;6.8;5;3.6;0;1;0.11;1.2;1.9;0;205;42;67;26;96813;0.55;1.05;0.38;0.33
2000;11;21;326;13.7;9.5;7.3;9.2;7.7;6.3;-0.6;2.1;0.11;1.2;1.9;0;232;48;73;45;96859;0.51;1.31;0.38;0.33
2000;11;22;327;12.5;8;4.7;7.4;6.3;4.6;0.6;1;0.11;1.2;1.9;0;233;50;71;46;97412;0.35;0;0.38;0.33
2000;11;23;328;12.3;7.8;3.4;5.8;4.7;2.9;0.6;2.2;0.11;1.2;1.9;0;274;58;103;71;97248;0.38;0;0.38;0.33
2000;11;24;329;13.6;9.6;7;8.3;7;5.9;0.1;1.4;0.11;1.2;1.9;0;295;63;94;59;96963;0.41;0.46;0.38;0.33
2000;11;25;330;9;8.1;7.1;8.4;7.7;6.8;-0.8;-1;0.11;1.2;1.9;0;74;17;22;13;96800;0.37;22.06;0.39;0.33
2000;11;26;331;10.8;7.7;3.4;7.5;5.3;2.1;0.5;0;0.11;1.2;1.9;0;213;49;98;45;96478;0.53;0.89;0.4;0.33
2000;11;27;332;9.3;4.7;-0.6;1.8;-0.5;-2.5;1.3;-0.8;0.11;1.2;1.9;0;260;53;105;69;97554;0.39;0;0.4;0.33
2000;11;28;333;8.7;3.4;-1.5;1.4;-0.7;-2.9;0.6;0.4;0.11;1.2;1.9;0;283;60;106;58;98168;0.33;0;0.39;0.33
2000;11;29;334;10.1;4.2;0.4;2.7;0.8;-1.1;-0.1;0.6;0.11;1.2;1.9;0;277;64;106;69;97935;0.33;0;0.39;0.33
2000;11;30;335;7.6;3.1;-1.1;3.4;1.1;-1.7;0;-0.4;0.11;1.2;1.9;0;244;51;84;58;97981;0.19;0;0.39;0.33
2000;12;1;336;5.9;1.6;-2.2;3;0.7;-2.6;0;-0.5;0.11;1.2;1.9;0;251;54;92;56;97975;0.2;0.01;0.39;0.33
2000;12;2;337;6;1.4;-2.6;3.1;0.3;-3.1;0.1;0;0.11;1.2;1.9;0;244;53;98;53;97993;0.19;0.04;0.39;0.34
2000;12;3;338;7.4;2.1;-0.8;4.8;1.4;-0.9;0.4;-0.5;0.11;1.2;1.9;0;231;51;85;44;97917;0.19;0;0.39;0.34
2000;12;4;339;6.2;2.9;-0.2;5;2.5;-0.4;-0.1;-0.2;0.11;1.2;1.9;0;89;19;36;11;98149;0.07;0.05;0.38;0.34
2000;12;5;340;5.4;3.8;2.2;4.7;3.5;2.1;-0.3;-0.1;0.11;1.2;1.9;0;113;22;21;9;98273;0.12;0.36;0.38;0.34
2000;12;6;341;6.4;4.6;3.5;4.8;4.1;3.3;-0.8;1.2;0.1;1.2;1.9;0;104;22;36;17;98099;0.25;0.51;0.38;0.34
2000;12;7;342;8.3;5.8;3.2;6.3;4.7;2.9;-0.5;1.3;0.1;1.2;1.9;0;176;35;49;29;97873;0.2;0.04;0.38;0.34
2000;12;8;343;14;9.5;6.3;8.5;6.9;5.4;1;2.1;0.1;1.2;1.9;0;255;51;96;57;97332;0.32;0.01;0.38;0.34
2000;12;9;344;9.9;7;4.8;8.8;6.3;4.3;-0.2;-0.5;0.1;1.2;1.9;0;154;28;43;22;97709;0.3;1.44;0.38;0.34
2000;12;10;345;10.1;6.7;3.8;7.5;5.6;3.4;0;0;0.1;1.2;1.9;0;171;32;85;35;97932;0.26;0.6;0.38;0.34
2000;12;11;346;10.3;4.1;0.2;6.5;2.8;-0.3;1.2;0.2;0.1;1.2;1.9;0;238;47;98;63;98426;0.29;0.22;0.38;0.34
2000;12;12;347;11.7;4.6;0;6.5;2.5;-0.4;1.3;0.2;0.1;1.2;1.9;0;247;50;92;54;98380;0.26;0;0.38;0.34
2000;12;13;348;11.3;5.3;1.6;6;3;0.7;1.2;0.4;0.1;1.2;1.9;0;221;47;98;48;97829;0.27;0;0.37;0.34
2000;12;14;349;8.8;4.4;-0.3;4.6;2.6;-0.8;0.9;0.6;0.1;1.2;1.9;0;217;47;91;48;97217;0.19;0.01;0.37;0.34
2000;12;15;350;5.3;3.7;2.1;4.1;2.9;1.6;1.2;-0.1;0.1;1.2;1.9;0;29;6;41;19;96398;0.19;13.54;0.38;0.34
2000;12;16;351;7.2;2;-1.7;2;-1.3;-3.3;1.7;0.5;0.1;1.2;1.9;0;276;56;107;78;96763;0.44;0.11;0.38;0.34
2000;12;17;352;5.8;1;-2.5;0.5;-2;-4;0.5;-0.3;0.1;1.2;1.9;0;258;55;100;68;97321;0.19;0;0.38;0.34
2000;12;18;353;5.3;1.2;-1;0.6;-1.3;-3.1;-0.1;0.3;0.1;1.2;1.9;0;262;55;106;62;97887;0.16;0;0.38;0.34
2000;12;19;354;3.6;1.1;-0.2;1;-0.1;-1.1;-0.3;0;0.1;1.2;1.9;0.18;165;33;54;28;97964;0.2;2.21;0.38;0.34
2000;12;20;355;1.6;-1.1;-4.4;-1.7;-4.1;-5.4;-0.7;-0.3;0.11;1.1;1.9;0.85;280;60;125;73;98610;0.36;0.02;0.38;0.34
2000;12;21;356;-1;-2;-3.4;-4.9;-6.2;-7.7;-0.7;0.7;0.12;1.1;1.9;1.02;140;27;60;35;98697;0.1;0.23;0.38;0.34
2000;12;22;357;-2.1;-3.4;-5.3;-7.8;-9;-10.1;-0.8;0.4;0.12;1.1;1.9;1.12;165;33;85;55;98590;0.05;0.03;0.38;0.34
2000;12;23;358;0.2;-3.9;-6.3;-8.8;-9.9;-11.2;-0.1;1.4;0.12;1.1;1.9;1.12;279;60;117;89;97744;0.03;0;0.38;0.35
2000;12;24;359;2.7;-2.9;-7.6;-3.7;-8.2;-12.1;1.1;0.7;0.12;1.1;1.9;1.08;285;60;123;83;96818;0;0;0.38;0.35
2000;12;25;360;6.4;2.2;-1;5;1;-3.5;1.1;1.5;0.12;1.1;1.9;0.95;150;30;48;30;95835;-0.16;1.73;0.38;0.35
2000;12;26;361;4.4;1.4;-0.5;3.2;0.9;-0.7;0;0.1;0.11;1.1;1.9;0.85;97;19;51;16;95454;0.01;7.4;0.38;0.35
2000;12;27;362;5;2.1;-0.8;3.4;1.5;-1.1;0.5;-0.5;0.11;1.1;1.9;0.81;160;34;52;19;95391;0.13;9.72;0.38;0.35
2000;12;28;363;7.1;4;1.4;4.2;2.8;1;0.7;-0.1;0.11;1.1;1.9;0.57;172;32;53;20;95299;0.18;8.1;0.4;0.35
2000;12;29;364;2.7;1.4;0.3;1.5;0.6;0.1;-0.7;-0.7;0.12;1.1;1.9;1.08;75;16;30;14;95841;0.27;9.45;0.4;0.35
2000;12;30;365;3.5;-0.1;-3.6;0.3;-2.7;-6.8;1.2;-0.4;0.29;1.1;1.9;11.99;170;28;106;44;95819;0.25;8.89;0.4;0.35
2000;12;31;366;2.4;-1.9;-4.1;-3.9;-6.3;-8;1;-0.3;0.3;1.1;1.9;12.6;172;38;100;54;97318;0.19;0;0.4;0.35
2001;1;1;1;1.3;-2.8;-5.6;-4.6;-6.4;-8.8;0.4;1.1;0.29;1.1;1.9;11.84;221;45;102;57;97552;0.2;0;0.4;0.35
2001;1;2;2;4;-1;-4.1;-1.7;-4.4;-6.5;0.7;0.8;0.27;1.1;1.9;11.06;230;48;95;49;96838;0.19;1.37;0.4;0.35
2001;1;3;3;5.4;1.1;-3.4;3;0.2;-4;0.7;0.3;0.26;1.1;1.9;10.4;132;22;57;20;96997;-0.03;1.65;0.4;0.35
2001;1;4;4;5.4;1.1;-3.8;3.3;0.1;-4.3;0.7;1.2;0.23;1;1.9;8.41;125;25;47;20;97035;0;0.32;0.4;0.35
2001;1;5;5;8.1;3.1;-2.2;3.6;1.2;-2.9;0.7;1.5;0.19;1;1.9;6.18;256;50;100;51;96926;0.12;0.35;0.4;0.35
2001;1;6;6;11.3;7.1;3;6.9;4.8;1.2;0.9;1.9;0.15;1;1.9;3.46;210;39;63;31;96590;0.11;0.17;0.4;0.35
2001;1;7;7;12.7;9;6.2;9.9;7.5;6;-0.7;0.9;0.12;1;1.9;1.56;127;25;42;21;96984;-0.01;4.18;0.4;0.36
2001;1;8;8;7;5.1;2.3;6.7;4.5;1;-0.5;-0.8;0.11;1;1.9;0.85;79;14;20;10;96739;0.38;19.36;0.41;0.36
2001;1;9;9;5.7;3.3;0;0.8;-3;-5.8;1;-1.4;0.11;1;1.9;0.65;192;44;104;62;97191;0.69;0.69;0.42;0.36
2001;1;10;10;7.7;2.3;-0.6;1.9;-0.9;-5.2;0.2;0.3;0.11;1;1.9;0.56;295;61;104;59;97554;0.19;0;0.41;0.36
2001;1;11;11;8.3;2.1;-1.9;3.2;0.2;-2.8;-0.1;-0.1;0.11;1;1.9;0.46;265;56;90;49;97699;0.17;0.1;0.41;0.36
2001;1;12;12;2.1;0.2;-1.8;-0.1;-2.4;-5.4;-1.3;-0.2;0.11;1;1.9;0.62;174;34;78;38;98255;0.19;0.46;0.41;0.36
2001;1;13;13;-0.5;-2;-3.6;-5.7;-7.5;-8.4;-1.2;-1.4;0.11;1;1.9;0.79;198;44;79;60;98908;0.07;0;0.4;0.36
2001;1;14;14;-0.8;-2.6;-3.6;-6.5;-8.2;-9.6;-1.2;-1.5;0.11;1;1.9;0.89;241;54;82;65;99140;0.06;0.22;0.4;0.37
2001;1;15;15;-1.1;-3.5;-4.9;-7.4;-8.4;-9.5;-0.6;-1.2;0.11;1;1.9;0.94;289;64;116;79;98920;0.05;0;0.4;0.37
2001;1;16;16;-2;-3.7;-5.3;-6.1;-7.3;-8.2;-0.6;-0.3;0.12;1;1.9;1.44;160;33;64;36;98649;0.01;1.04;0.39;0.37
2001;1;17;17;0.4;-2.6;-4.8;-4.6;-5.8;-7;-0.8;0.8;0.13;1;1.9;1.9;275;59;87;58;98385;0.04;0;0.39;0.37
2001;1;18;18;0.8;-1.7;-3.6;-2.1;-3.1;-4.7;-0.7;0.1;0.13;1;1.9;1.92;181;37;50;31;98261;0.03;0.1;0.39;0.37
2001;1;19;19;2.3;-0.6;-2.6;-0.8;-1.8;-3;-0.8;0.4;0.13;0.9;1.9;1.85;214;44;57;36;98305;0.04;0;0.39;0.37
2001;1;20;20;0.5;-0.8;-1.5;-1.4;-2;-3.4;-0.7;0.1;0.13;0.9;1.9;1.92;114;25;22;12;98451;0.04;0.44;0.39;0.37
2001;1;21;21;-0.1;-1.2;-1.8;-3.4;-3.9;-4.3;-0.9;0.2;0.14;0.9;1.9;3.01;111;22;30;18;98562;0.05;1.96;0.39;0.37
2001;1;22;22;0.9;-0.9;-1.9;-2.7;-3.8;-4.8;-0.7;1.3;0.16;0.9;1.9;4.18;138;32;44;27;98117;0.06;0.41;0.38;0.37
2001;1;23;23;5.9;0.7;-1.6;1.8;-1.1;-3;-0.4;0.2;0.16;0.9;1.9;4.06;184;43;76;40;97365;0.05;0.15;0.38;0.37
2001;1;24;24;6.1;2.1;-2.1;4.8;1.3;-2.5;-0.5;1.4;0.15;0.9;1.9;3.25;88;21;27;11;97276;-0.11;0.17;0.38;0.37
2001;1;25;25;4.9;3.3;1.8;4.3;2.8;1.5;0.2;0;0.13;0.9;1.9;1.89;95;17;21;-1;97073;0.09;3.8;0.38;0.37
2001;1;26;26;5.3;3.5;1.9;4.7;3;1.5;0.2;-0.1;0.12;0.9;1.9;1.25;68;14;12;2;96833;0.1;0.93;0.39;0.37
2001;1;27;27;8.8;3.5;0.4;3.6;1.7;0.2;0.3;1.4;0.12;0.9;1.9;0.94;220;42;57;28;96392;0.32;6.47;0.39;0.37
2001;1;28;28;5.9;1.9;-0.9;1.1;-0.6;-1.8;0;0.6;0.11;0.9;1.9;0.92;283;61;102;50;96561;0.36;0;0.39;0.37
2001;1;29;29;5.4;1.8;-1.6;0.1;-0.7;-2.2;-0.3;-1.1;0.11;0.9;1.9;0.78;271;60;77;44;96907;0.36;1.08;0.39;0.37
2001;1;30;30;1.7;1.4;0.9;-1.2;-3.1;-5;0.2;-3.2;0.15;0.9;1.9;3.86;61;13;32;21;97245;0.63;5.53;0.39;0.37
2001;1;31;31;3.3;1;-0.6;-5.2;-6.7;-8;0.4;-3.8;0.18;0.9;1.9;5.77;213;51;79;53;97322;0.65;0.09;0.39;0.38
2001;2;1;32;2.1;-0.2;-1.8;-6.6;-8;-9.5;-0.1;-3.6;0.18;0.9;1.9;5.6;236;60;92;72;97573;0.59;0.09;0.39;0.38
2001;2;2;33;1.8;-1.8;-4.5;-7.5;-9.1;-11.3;1.1;-0.9;0.17;0.9;1.9;5.24;353;82;121;84;97626;0.3;0.04;0.39;0.38
2001;2;3;34;3.3;-0.7;-4.2;-3.6;-6.9;-10.7;1;0.9;0.17;0.9;1.9;5.03;291;61;98;48;97082;0.14;0.2;0.39;0.38
2001;2;4;35;7.5;1.7;-1.9;0.7;-2.4;-5.3;1.8;0.8;0.17;0.9;1.9;4.46;317;55;91;48;96836;0.06;0.02;0.38;0.38
2001;2;5;36;11.2;3.7;-0.8;4;0.9;-2.4;1.8;1.1;0.15;0.9;1.9;3.2;343;81;102;62;96782;0.18;0;0.38;0.38
2001;2;6;37;11.9;4.3;-1.4;4.2;1.3;-2.3;1.8;1.1;0.13;0.8;1.9;1.94;383;81;108;62;97432;0.24;0;0.38;0.38
2001;2;7;38;12.8;7.4;2;5.8;3.8;0.8;2.2;2;0.12;0.8;1.9;1.02;299;71;105;61;97268;0.31;0;0.38;0.38
2001;2;8;39;14.1;10;7.3;5.8;4.1;3.1;2;3.2;0.11;0.8;1.9;0.28;401;96;116;86;96910;0.66;0;0.38;0.38
2001;2;9;40;13;7.9;3.2;6.3;4.7;2.4;0.6;0.9;0.1;0.8;1.9;0.1;298;70;84;59;97225;0.35;1.96;0.38;0.38
2001;2;10;41;10.5;6.3;1.9;4.4;2.3;-0.5;-0.4;-1.9;0.1;0.8;1.9;0.04;338;80;92;56;98717;0.62;0.72;0.38;0.38
2001;2;11;42;9.2;3.9;0.1;2.1;0;-1.7;0;-0.1;0.1;0.8;1.9;0;421;105;127;84;99680;0.44;0;0.38;0.38
2001;2;12;43;11.3;3.9;-2.4;1.9;-0.6;-4;0.3;1.1;0.1;0.8;1.9;0;437;110;129;84;99074;0.52;0;0.38;0.38
2001;2;13;44;10.7;5.1;-0.4;3.6;1.2;-1.8;-0.4;-0.7;0.1;0.8;1.9;0;268;68;79;49;98220;0.33;0.14;0.38;0.38
2001;2;14;45;8.8;4.2;0;0.2;-1.5;-2.6;-0.6;-1.3;0.1;0.8;1.9;0;439;109;133;84;98754;0.55;0;0.38;0.38
2001;2;15;46;8.7;3.3;-0.4;0.5;-1.3;-2.7;0.2;0.3;0.1;0.8;1.9;0;432;111;118;80;98996;0.45;0;0.38;0.38
2001;2;16;47;11.5;4.5;-1.9;2.5;-0.4;-3.5;0.1;0;0.1;0.8;1.9;0;448;115;124;80;98617;0.54;0;0.38;0.38
2001;2;17;48;11.2;4.4;-1.9;1.8;0;-2.9;-0.1;-1.3;0.1;0.8;1.9;0;427;93;105;64;98558;0.48;0;0.37;0.38
2001;2;18;49;10.5;4.5;0.1;0.3;-2.3;-4.6;0.5;-1.3;0.11;0.8;1.9;0;431;105;121;70;98559;0.64;0;0.37;0.38
2001;2;19;50;8.2;3.8;0.3;-3;-4.5;-5.8;1.1;-2.2;0.11;0.8;1.9;0;377;91;95;76;98579;0.63;0;0.37;0.38
2001;2;20;51;7.2;2.8;-1.4;-2.6;-4.5;-6.3;1.8;-1.5;0.11;0.8;1.9;0;360;89;107;69;97965;0.62;0.23;0.37;0.38
2001;2;21;52;9.6;3.8;-0.5;-2.1;-3.9;-5.1;1.9;0.2;0.11;0.9;1.9;0;383;84;114;62;97555;0.56;0.08;0.37;0.38
2001;2;22;53;8.9;3.6;-1.7;0.6;-3.7;-6.3;2.5;-1.3;0.11;0.9;1.9;0;456;113;117;83;96556;0.78;0.31;0.37;0.38
2001;2;23;54;7.4;2.2;-2.3;1.5;-3.1;-7.3;0.7;-0.6;0.11;0.9;1.9;0;357;73;98;72;95835;0.63;2.11;0.37;0.38
2001;2;24;55;1.5;-0.7;-2.8;-3.4;-6.1;-8;-1;0.2;0.12;0.9;1.9;0.56;257;64;87;55;96459;0.32;1.25;0.37;0.38
2001;2;25;56;2.5;-0.9;-3.7;-6.6;-8.3;-10.6;-1.2;-0.8;0.13;0.9;1.9;1.07;385;106;97;68;96823;0.36;0.12;0.37;0.38
2001;2;26;57;2.1;-0.9;-3;-7.2;-8.7;-11.1;-0.5;-1.8;0.13;0.9;1.9;1.43;261;70;88;56;96486;0.34;0.51;0.37;0.38
2001;2;27;58;4.4;0;-3.7;-6.8;-9.1;-10.7;0.2;1.3;0.13;0.9;1.9;1.42;443;109;119;84;96557;0.37;0;0.37;0.38
2001;2;28;59;1.7;-0.5;-2.2;-2.1;-5.9;-8.9;-1.2;1.2;0.14;0.9;1.9;2.5;213;61;86;53;96352;0.2;5.39;0.37;0.38
2001;3;1;60;7.9;1.7;-2.4;-1.8;-3;-4.6;0.7;0.7;0.2;0.9;1.9;5.75;434;116;121;70;95777;0.54;0.13;0.37;0.38
2001;3;2;61;8.4;2.9;-3.3;1.8;-3.3;-5.6;0.4;1.2;0.18;0.9;1.9;4.16;484;123;127;65;96154;0.62;1.75;0.37;0.38
2001;3;3;62;13.1;6.9;2.7;7.3;4.8;2.1;0.8;1.8;0.15;0.9;1.9;2.31;295;66;64;32;95331;0.51;4.23;0.37;0.38
2001;3;4;63;15.3;10.2;4.2;8.2;6.9;3.7;1.3;2.6;0.13;1;1.9;0.76;328;86;72;36;95870;0.65;0.37;0.37;0.38
2001;3;5;64;10.4;8.1;2.8;8.2;3.2;-2.8;-0.4;-0.8;0.12;1;1.9;0.18;292;62;76;41;97013;0.91;5.55;0.38;0.38
2001;3;6;65;6;3;-0.3;-2.5;-3.5;-4.2;-1.4;-0.3;0.12;1;1.9;0.13;439;112;98;61;98404;0.69;0;0.38;0.38
2001;3;7;66;7.1;3.6;0.1;-0.5;-1.9;-2.7;-0.9;1.4;0.12;1;1.9;0.1;383;104;104;56;98170;0.63;0;0.38;0.38
2001;3;8;67;12.5;6.4;0.4;5;1.8;-1.6;0.6;2.8;0.12;1;1.9;0.04;442;120;90;64;97167;0.77;0.26;0.37;0.38
2001;3;9;68;15.8;9.6;4.5;6.8;5.1;3.2;1.2;2.3;0.12;1;1.9;0;501;134;104;69;96739;1.06;0.13;0.37;0.38
2001;3;10;69;14.4;8.7;2.5;5.7;3.8;2;1.2;1;0.12;1;1.9;0;408;108;104;63;96989;0.86;0.06;0.37;0.38
2001;3;11;70;17.1;10;2.4;6.6;4.3;1.5;0.9;0.9;0.12;1;1.9;0;530;151;128;81;97168;1.14;0;0.37;0.38
2001;3;12;71;17.4;10.8;4.4;7.3;5.6;3.7;1.2;1.7;0.12;1;1.9;0;527;156;131;83;96947;1.21;0.01;0.37;0.38
2001;3;13;72;10.3;6.9;2.2;8.9;5.4;1.5;1.1;0.2;0.13;1;1.9;0;74;21;78;37;96454;0.6;20.21;0.38;0.38
2001;3;14;73;12.7;5.9;-0.4;3.7;0.6;-2.2;1.1;-0.1;0.13;1.1;1.9;0;525;133;124;73;96733;1.18;0.45;0.38;0.38
2001;3;15;74;15.1;7;-1.3;4.3;2.1;-2;1.4;0.6;0.13;1.1;1.9;0;364;101;86;59;97099;0.82;0.09;0.38;0.38
2001;3;16;75;17.3;10;3.8;5.8;4.4;2.8;0.5;1.3;0.13;1.1;1.9;0;486;142;116;76;97206;1.15;0;0.38;0.38
2001;3;17;76;15;10.6;5.7;8.9;6.2;3.9;1.7;2.5;0.13;1.1;1.9;0;443;116;97;72;96243;1.13;1.34;0.38;0.38
2001;3;18;77;16.6;11;5.4;7.3;5.1;4;1.2;1.3;0.13;1.1;1.9;0;531;147;119;75;96322;1.49;0.53;0.38;0.38
2001;3;19;78;15.2;9.7;5.1;7;5.2;3.3;0.6;0.3;0.13;1.1;1.9;0;466;122;108;63;96544;1.55;4.76;0.38;0.38
2001;3;20;79;9;6.4;3.6;4;2.7;1.5;-0.5;1.4;0.13;1.2;1.9;0;306;86;60;42;97250;0.86;0.36;0.38;0.38
2001;3;21;80;6.7;5.3;4;4.1;3.2;2.2;-1.1;-0.6;0.13;1.2;1.9;0;158;40;32;14;96572;0.49;1.55;0.38;0.38
2001;3;22;81;9.9;6;3.7;7.3;5.1;3.5;-0.4;0.1;0.13;1.2;1.9;0;198;43;57;23;96075;0.49;3.31;0.38;0.38
2001;3;23;82;15.5;9.5;2.8;7.1;5.4;2.6;0.2;0.9;0.13;1.2;1.9;0;495;117;102;51;96718;1.09;0.1;0.38;0.38
2001;3;24;83;20.3;12.3;4.2;9.2;7.1;3.5;1;1.2;0.13;1.2;1.9;0;549;151;106;69;96374;1.45;0;0.38;0.38
2001;3;25;84;19.1;12.5;8;11.3;8.6;6.4;0.2;-0.2;0.13;1.2;1.9;0;496;142;101;60;95570;1.59;13.97;0.38;0.38
2001;3;26;85;16.3;10;4;7.5;5.6;0.3;-0.4;-0.4;0.14;1.3;1.9;0;548;152;107;61;96220;2.16;5.83;0.39;0.38
2001;3;27;86;5.1;2.6;0.7;-0.3;-2.1;-3.2;-1.5;-0.4;0.14;1.3;1.9;0.45;255;71;69;39;97145;0.87;1.04;0.39;0.38
2001;3;28;87;9.1;3.8;-0.4;0.8;-1.1;-3.2;-1.1;1.2;0.14;1.3;1.9;0.53;416;117;73;47;97370;0.9;0.01;0.39;0.38
2001;3;29;88;11.3;6.1;2.3;5;2.4;-0.3;-1.2;1.6;0.14;1.3;1.9;0.28;321;74;60;31;96890;0.61;0.04;0.39;0.38
2001;3;30;89;9.8;6.9;4.1;5.3;4.7;3.8;-1.1;-1.1;0.14;1.3;1.9;0.13;240;52;50;19;96977;0.6;0.79;0.39;0.38
2001;3;31;90;12.6;8.8;5.2;6.7;5.6;3.8;-0.4;-1.6;0.14;1.4;1.9;0;352;106;87;45;98151;1.41;3.19;0.39;0.38
2001;4;1;91;13.9;8.8;2.8;5.8;3.4;1.7;-0.2;-0.9;0.14;1.4;1.9;0;511;147;109;70;98462;1.52;0.46;0.39;0.38
2001;4;2;92;15.8;9.2;0.6;4.4;2.2;-0.3;0.1;1;0.14;1.4;1.9;0;649;199;143;96;98182;1.82;0;0.39;0.38
2001;4;3;93;18.8;11.6;3.6;7.3;4.5;1;-0.4;0.8;0.14;1.4;1.9;0;640;201;135;93;97701;1.92;0;0.38;0.38
2001;4;4;94;18.9;12.8;7.4;6.7;4.4;1.7;0.4;2;0.14;1.4;1.9;0;661;206;143;93;97196;2.14;0;0.38;0.38
2001;4;5;95;10.4;8;3.7;5.5;1.9;-2.4;1.1;-1.4;0.14;1.4;1.9;0;234;75;99;55;97247;1.45;3.15;0.38;0.38
2001;4;6;96;14.7;8.5;1;2.6;-0.2;-2.4;0.8;0.6;0.14;1.5;1.9;0;634;180;123;81;97303;1.79;0;0.38;0.38
2001;4;7;97;15.2;10.2;6;6.9;4;1.6;0.5;2.1;0.14;1.5;1.9;0;461;134;99;57;96609;1.61;6.98;0.38;0.38
2001;4;8;98;10.2;8.1;6;7.3;5.6;1.7;0.5;-1.4;0.14;1.5;1.9;0;264;55;46;24;96584;1.58;24.96;0.4;0.38
2001;4;9;99;12.7;8.5;3.9;2.6;1;-0.4;1;-2.7;0.15;1.5;1.9;0;500;158;110;70;97395;1.81;0.35;0.4;0.38
2001;4;10;100;14.9;8;0.3;3.9;1.4;-1.2;-0.3;-0.3;0.15;1.5;1.9;0;655;198;126;88;97156;1.9;0;0.4;0.38
2001;4;11;101;9.6;7.7;4.8;7.5;5.9;3.1;0.1;-1.5;0.15;1.6;1.9;0;174;44;40;21;97108;1.15;13.37;0.4;0.38
2001;4;12;102;13.7;9.5;4.8;6.7;4.1;1.1;0.3;-2.4;0.15;1.6;1.9;0;355;115;109;54;97429;1.71;2.66;0.4;0.38
2001;4;13;103;8.2;4.6;0.8;0.4;-5;-9;1.2;-2.7;0.15;1.6;1.9;0;631;206;129;97;97588;1.91;0.58;0.4;0.38
2001;4;14;104;6.4;2.5;-1.3;-4.6;-6.1;-7.6;0.8;-2.6;0.15;1.6;1.9;0;636;207;121;98;97716;1.65;0.43;0.4;0.38
2001;4;15;105;9.5;4;-2.5;-2;-4.8;-7.1;1.3;1.8;0.15;1.6;1.9;0;565;182;109;83;97157;1.62;0;0.4;0.38
2001;4;16;106;9.3;4.9;-0.7;5;1.8;-2.8;0.7;0.4;0.15;1.7;1.9;0;369;113;72;54;96910;1.36;3.58;0.39;0.38
2001;4;17;107;12;6.5;1.7;3.6;0;-2.1;0.4;-2;0.15;1.7;1.9;0;373;121;103;61;97038;1.66;0.47;0.39;0.38
2001;4;18;108;13.1;7.1;-1.3;1.7;-0.5;-3.2;1;1.5;0.15;1.7;1.9;0;632;178;123;83;96691;1.86;0.21;0.39;0.38
2001;4;19;109;14.1;8.1;2.6;5.6;3.4;0.3;-0.2;0.5;0.15;1.8;1.9;0;564;168;101;58;96530;1.91;2.11;0.39;0.38
2001;4;20;110;13.7;8.5;4.8;7.7;5;3;-0.9;0.2;0.15;1.8;1.9;0;414;115;88;36;96293;1.49;2.26;0.39;0.38
2001;4;21;111;10.5;8.2;6.6;6.2;5.5;4.8;-0.6;-1;0.15;1.8;1.9;0;266;79;57;23;95713;1.51;5.07;0.39;0.38
2001;4;22;112;12.3;7.7;5.1;4.6;1.8;-1.3;1.1;-2;0.16;1.8;1.9;0;432;125;72;43;95758;2.29;2.42;0.39;0.38
2001;4;23;113;15.5;9.7;4.2;4.6;1.6;-1.5;0.3;-0.4;0.16;1.9;1.9;0;682;208;127;80;96011;2.43;0.04;0.39;0.38
2001;4;24;114;18.5;11.7;3.9;5.4;2.7;0.8;0.8;-0.7;0.16;1.9;1.9;0;705;226;132;94;97060;2.72;0;0.38;0.38
2001;4;25;115;21.6;14.1;5.3;8.5;6.4;2.5;1.4;1;0.16;1.9;1.9;0;699;234;128;92;97227;2.88;0;0.38;0.38
2001;4;26;116;11.9;10.3;5.9;6.9;5.5;4.2;1;-0.4;0.16;2;1.9;0;297;87;83;48;97752;1.59;2.24;0.38;0.38
2001;4;27;117;17;10.8;2.2;6.1;3.4;1.2;0.4;1.3;0.16;2;1.9;0;722;244;141;101;97756;2.84;0;0.38;0.38
2001;4;28;118;19.4;13.1;4.1;8;5.8;2.9;0;0.8;0.16;2;1.9;0;667;223;124;89;97347;2.77;0.01;0.37;0.38
2001;4;29;119;21.5;15.1;7.3;9.6;7.8;5.5;-0.5;1.5;0.16;2.1;1.9;0;729;235;134;90;97325;3.05;0;0.37;0.38
2001;4;30;120;22.1;16.7;10.5;13.1;11;7.8;-0.9;1.1;0.16;2.1;1.9;0;607;205;109;78;97345;2.69;0.35;0.37;0.38
2001;5;1;121;24.8;18.4;12;14.6;11.9;9.4;-0.6;1.2;0.16;2.1;1.9;0;663;225;116;85;97616;3.11;0.05;0.36;0.38
2001;5;2;122;24.7;18.3;10.7;14.2;11.8;9.3;-0.9;0.5;0.16;2.1;1.9;0;688;230;126;86;97546;3.2;0.48;0.36;0.38
2001;5;3;123;23.4;18;11.4;12.5;10.7;8.8;-0.2;0.8;0.16;2.2;1.9;0;655;227;121;84;96872;3.18;0;0.36;0.38
2001;5;4;124;23.6;17.4;10.1;13.2;11.1;9.4;0.5;0.8;0.16;2.2;1.9;0;683;218;121;76;96436;3.16;1.46;0.35;0.38
2001;5;5;125;21.7;16.1;9.4;13.5;11.3;9.3;-0.2;0.1;0.17;2.2;1.9;0;614;208;110;72;96390;2.95;1.87;0.35;0.38
2001;5;6;126;19.5;15.5;10.3;13.3;11.7;9.2;0;-2.1;0.17;2.3;1.9;0;550;161;88;63;96646;2.68;5.23;0.35;0.38
2001;5;7;127;17.8;14.9;12.7;10.3;9.1;8;-0.6;-3.5;0.17;2.3;1.9;0;423;148;82;47;97209;2.68;1.36;0.35;0.38
2001;5;8;128;18;13.9;10.9;11.3;9.9;7.9;0.9;-2.3;0.17;2.3;1.9;0;410;120;90;50;97653;2.92;13.26;0.36;0.38
2001;5;9;129;18.6;14.7;10.5;12.3;11;9.1;0.4;-1.3;0.17;2.4;1.9;0;546;173;86;62;97807;2.88;5.47;0.36;0.38
2001;5;10;130;18.9;14.1;9.3;9.5;7.4;5.2;-0.5;-1.2;0.17;2.4;1.9;0;677;208;111;78;97740;3.03;0;0.36;0.38
2001;5;11;131;20.2;14.5;9;11.7;8.3;5.1;0.6;-1.9;0.17;2.4;1.9;0;641;204;105;76;97395;3.23;4.09;0.36;0.38
2001;5;12;132;16.7;13.1;9.1;7.7;4.5;2.6;-1.4;-2.6;0.17;2.5;1.9;0;576;188;103;77;97549;3.2;0;0.36;0.38
2001;5;13;133;16.9;12.2;7.4;5.3;3.6;2.5;-0.7;-0.3;0.17;2.5;1.9;0;578;215;122;91;97562;3.1;0;0.36;0.38
2001;5;14;134;19.5;13.7;7.4;8.4;6.3;4.2;-0.5;2.3;0.17;2.5;1.9;0;707;244;124;90;97238;3.41;0;0.35;0.38
2001;5;15;135;21.4;15.7;8.9;10.2;8.7;7.2;2;2.1;0.17;2.5;1.9;0;604;212;102;82;96948;3.31;0.15;0.35;0.38
2001;5;16;136;22.6;17;10.1;11.6;9.9;8.4;1.1;1.8;0.17;2.6;1.9;0;637;222;117;89;97324;3.52;0.12;0.34;0.38
2001;5;17;137;24.3;18.4;11.4;12.4;11;9.2;2.4;2.2;0.17;2.6;1.9;0;662;234;111;85;97239;3.77;0;0.34;0.38
2001;5;18;138;23.6;16.9;11.2;14.4;10.3;2.6;1.5;-0.1;0.17;2.6;1.9;0;518;180;86;64;97140;3.54;5.97;0.34;0.38
2001;5;19;139;18.1;13.6;8;7.4;5;3.1;-0.1;-0.3;0.17;2.6;1.9;0;462;188;114;80;98027;2.97;0;0.34;0.38
2001;5;20;140;18.3;14.6;10.9;9.1;7.4;6;-0.6;0.1;0.17;2.7;1.9;0;453;166;95;64;98272;2.5;0.03;0.34;0.38
2001;5;21;141;19.4;14.6;8.3;11.4;9.1;6.6;0;0.4;0.17;2.7;1.9;0;516;163;90;62;97867;2.4;0.98;0.33;0.38
2001;5;22;142;20.3;15.8;9.8;12.2;9.9;7.2;-1;-0.7;0.17;2.7;1.9;0;441;172;79;55;97591;2.86;0.17;0.33;0.38
2001;5;23;143;18.3;15;12.5;11.1;7.4;6;-1.1;-0.1;0.17;2.7;1.9;0;614;174;101;58;98242;2.83;0.1;0.33;0.38
2001;5;24;144;21.6;16.9;11.4;10.5;7.5;6.6;-0.5;0.6;0.17;2.7;1.9;0;748;271;144;103;97934;3.79;0;0.33;0.38
2001;5;25;145;22.8;17.1;8.7;12.1;9;7.1;-0.2;-1.1;0.17;2.8;1.9;0;612;225;110;80;97410;3.45;0.02;0.32;0.38
2001;5;26;146;22;17.7;12.7;10.6;7.3;5.9;-0.8;-1.5;0.17;2.8;1.9;0;723;253;125;96;97864;3.86;0;0.32;0.38
2001;5;27;147;25.1;18.9;10;13.3;9.8;7.5;1;0;0.17;2.8;1.9;0;586;215;116;75;98028;3.32;0;0.32;0.38
2001;5;28;148;28;21.9;15.1;15.8;12.6;10.6;1.2;-0.8;0.17;2.8;1.9;0;610;217;105;68;97906;3.56;0.44;0.31;0.38
2001;5;29;149;28.7;22.5;14.7;16;13;10.7;1.5;-0.7;0.17;2.9;1.9;0;639;229;110;77;97631;3.81;0;0.31;0.38
2001;5;30;150;25;20.4;16.4;17.1;14;11.3;0.1;-0.2;0.17;2.9;1.9;0;613;226;100;74;97442;3.48;3.99;0.31;0.38
2001;5;31;151;22.4;17.6;13.7;16.7;13.3;9.4;0.3;-0.1;0.17;2.9;1.9;0;477;152;68;51;97115;3.14;7.38;0.31;0.38
2001;6;1;152;18.3;15;9.9;9.9;5.2;1.7;1.6;-2.2;0.17;2.9;1.9;0;687;240;119;96;97391;3.87;0.08;0.31;0.38
2001;6;2;153;19;14.5;7.2;7.5;5.5;3.9;0.9;1.6;0.17;2.9;1.9;0;547;203;112;76;97209;3.15;0.01;0.31;0.37
2001;6;3;154;17.6;11.6;7.4;9.8;7.3;4.7;0.4;-1.5;0.17;3;1.9;0;495;154;107;59;96853;3.26;18.11;0.31;0.37
2001;6;4;155;16;11.7;7.6;4;2.2;0.9;2.2;-3.2;0.17;3;1.9;0;565;208;105;74;97644;3.88;0.17;0.32;0.37
2001;6;5;156;18.8;13.6;6.2;7.8;5;2.5;0;-0.2;0.17;3;1.9;0;550;214;111;83;98004;3.31;0.11;0.31;0.37
2001;6;6;157;20.6;14.4;9.8;13.7;9.7;6.3;0.5;-1;0.17;3;1.9;0;591;172;104;56;97255;3.17;21.2;0.32;0.37
2001;6;7;158;20.9;16.3;11.3;11.4;9.6;8.7;0.7;-0.1;0.17;3;1.9;0;588;205;104;68;97408;3.69;0.32;0.33;0.37
2001;6;8;159;25;18.7;10.7;13;10.6;9.1;1;2;0.17;3.1;1.9;0;716;253;114;86;97180;4.39;0;0.32;0.37
2001;6;9;160;23.1;18.2;13.5;13.2;11.7;9.2;-0.4;0.7;0.17;3.1;1.9;0;410;151;86;60;97115;2.76;0.28;0.32;0.37
2001;6;10;161;24.8;19.1;12.4;13.9;12.9;10.6;0.1;1.5;0.17;3.1;1.9;0;531;184;90;57;96893;3.45;0.29;0.32;0.37
2001;6;11;162;15.8;13.4;8.8;13.3;10;6.2;0.8;-1;0.17;3.1;1.9;0;269;68;89;37;97420;2.27;12.35;0.32;0.37
2001;6;12;163;19.1;13.3;5.2;8.7;6.2;4.3;0.2;1;0.17;3.2;1.9;0;651;253;127;94;98076;3.99;0;0.32;0.37
2001;6;13;164;20.9;16;9.8;13.1;9.3;7.1;-0.5;0.7;0.17;3.2;1.9;0;738;253;128;83;97557;3.94;0;0.32;0.37
2001;6;14;165;21.4;15.9;10.7;13.3;10.6;9.1;0.5;-0.9;0.17;3.2;1.9;0;585;185;96;68;97261;3.08;2.43;0.32;0.37
2001;6;15;166;23.8;17.8;9.4;12.9;10.6;8.3;-0.1;0.6;0.17;3.2;1.9;0;612;239;115;86;97451;4.16;0.05;0.32;0.37
2001;6;16;167;26.6;20.5;13.5;15;13;11.1;0.7;1.6;0.17;3.2;1.9;0;695;246;106;82;96978;4.32;0.1;0.31;0.37
2001;6;17;168;16.7;15.4;12.4;14.5;12.8;10.5;0.5;-0.8;0.17;3.2;1.9;0;210;75;70;36;96938;1.93;13.71;0.32;0.37
2001;6;18;169;20.3;16.2;11.8;10.9;9.1;7.6;1.5;-2.2;0.17;3.3;1.9;0;606;185;92;63;97063;3.75;1.3;0.32;0.37
2001;6;19;170;18.5;15.7;13.6;8.7;7.5;6.2;0.7;-4.5;0.17;3.3;1.9;0;578;190;95;66;97534;3.78;0.04;0.32;0.37
2001;6;20;171;19.9;16.3;13.1;8.1;7.2;6.7;1.1;-4.4;0.17;3.3;1.9;0;650;188;93;58;97484;4.14;0.78;0.31;0.37
2001;6;21;172;24;18.8;12;12.8;9.4;7.5;0.5;-0.5;0.17;3.3;1.9;0;727;244;117;80;97176;4.27;0;0.31;0.37
2001;6;22;173;23.9;18;13.4;16.1;13.3;10.7;0.4;-0.5;0.17;3.3;1.9;0;559;176;89;58;96946;3.12;12.19;0.31;0.37
2001;6;23;174;21.4;16.8;11.4;13.6;10.2;6.9;0.8;0.1;0.17;3.3;1.9;0;596;218;111;84;97464;3.84;0.65;0.32;0.37
2001;6;24;175;25;18.5;10.5;13.2;10;7.8;0.1;-0.5;0.17;3.3;1.9;0;720;264;134;92;97862;4.52;0;0.31;0.37
2001;6;25;176;25.2;19.9;12.9;13.9;11.2;9.3;-0.4;-0.4;0.17;3.4;1.9;0;598;222;102;79;98063;3.85;0.07;0.31;0.37
2001;6;26;177;24.7;20.4;14.7;15.3;12.9;10.8;-0.2;0.5;0.17;3.4;1.9;0;614;232;103;78;97940;3.93;0.05;0.3;0.37
2001;6;27;178;27.9;22.2;13.7;18.3;15.7;12.5;0.2;0.4;0.17;3.4;1.9;0;688;253;110;79;97476;4.25;0.05;0.3;0.37
2001;6;28;179;27.4;21.1;15.1;19.2;17.3;14.4;0.7;-0.3;0.17;3.4;1.9;0;638;205;99;64;97391;3.5;11.61;0.3;0.37
2001;6;29;180;24.3;20.3;16.9;16.9;15.5;13.7;0.6;-1.1;0.17;3.4;1.9;0;404;147;82;49;97899;3.19;6.71;0.31;0.37
2001;6;30;181;25.2;21;14.7;17.2;14.3;12.7;0.1;-0.4;0.17;3.4;1.9;0;619;218;102;73;97943;3.86;0.14;0.31;0.37
2001;7;1;182;23.6;19.3;15.6;15.8;12.6;9.4;1.1;-1.9;0.17;3.4;1.9;0;678;172;99;61;97912;3.55;0.86;0.31;0.36
2001;7;2;183;22.9;18.8;14.3;12;10.2;8.3;0.5;-2.4;0.17;3.5;1.9;0;599;217;97;74;98150;4.21;0.19;0.3;0.36
2001;7;3;184;20.6;17.1;14.1;11.5;9.5;6.5;-0.8;-1.6;0.17;3.5;1.9;0;545;191;107;66;97898;3.58;0.19;0.3;0.36
2001;7;4;185;19.7;16.2;12.2;13.1;11.6;9.6;-0.6;0.3;0.17;3.5;1.9;0;403;146;83;54;97514;2.34;0.43;0.3;0.36
2001;7;5;186;21.7;17.8;13.3;15.5;13.5;12.1;-0.7;0;0.17;3.5;1.9;0;485;151;73;45;97560;2.57;1.07;0.3;0.36
2001;7;6;187;25.1;20.8;15.7;18.3;16.3;13.4;-1.2;1.4;0.17;3.5;1.9;0;375;130;68;39;97513;2.41;0.45;0.29;0.36
2001;7;7;188;30.4;24.2;17.8;18.5;15.7;13.9;1;2.6;0.17;3.5;1.9;0;724;265;118;86;96914;4.96;0.03;0.29;0.36
2001;7;8;189;25.9;21.6;17;15.3;12.4;11;0.5;0;0.17;3.5;1.9;0;557;219;112;78;97208;3.95;0.67;0.29;0.36
2001;7;9;190;22.4;18.8;15.7;15.8;14.5;13.3;0.6;0.2;0.17;3.6;1.9;0;459;145;88;54;97471;2.85;5.48;0.29;0.36
2001;7;10;191;24.1;19.2;12.9;18.2;15.9;12.8;0.3;0.9;0.17;3.6;1.9;0;559;196;82;62;97441;3.29;3.29;0.29;0.36
2001;7;11;192;28.3;21.4;13.3;17.2;14.7;13;0.1;0.1;0.17;3.6;1.9;0;697;248;121;72;97310;4.61;1.22;0.29;0.36
2001;7;12;193;20.2;18.1;14.8;14.7;13.3;11.8;0.5;-0.5;0.17;3.6;1.9;0;224;76;90;42;97627;1.57;0.15;0.29;0.36
2001;7;13;194;24.5;19.8;12.7;17.5;14.2;11.3;0;0.6;0.17;3.6;1.9;0;569;187;81;59;97304;3.14;0.1;0.28;0.36
2001;7;14;195;27.8;22.5;16.2;17;15.9;14.7;0;1.2;0.17;3.6;1.9;0;598;219;92;68;97269;3.88;0.18;0.28;0.36
2001;7;15;196;31.1;24.8;17.9;18.7;15.5;11.9;0.2;1.9;0.17;3.6;1.9;0;656;235;106;81;97129;4.28;0;0.28;0.36
2001;7;16;197;30.1;23.6;17.6;19.4;16.5;14.5;-0.1;0.7;0.17;3.6;1.9;0;620;216;99;69;96854;4.05;6.63;0.28;0.36
2001;7;17;198;20.4;17.3;15.4;14.9;12.8;10.3;1.1;-1.1;0.17;3.6;1.9;0;364;102;90;48;96774;2.69;9.47;0.29;0.36
2001;7;18;199;24.8;18.8;11.3;14.4;13;10.9;0;1.2;0.17;3.6;1.9;0;689;212;103;66;96778;3.74;0.04;0.28;0.36
2001;7;19;200;26;21.2;16;16.9;14.6;13.2;0;1.1;0.17;3.6;1.9;0;613;202;91;67;96644;3.6;0.25;0.28;0.36
2001;7;20;201;18.5;17.1;14.9;16.2;14.5;10.5;1;-1.2;0.17;3.6;1.9;0;281;84;50;34;96449;2.62;22.03;0.29;0.36
2001;7;21;202;20.5;17;14.2;11.7;10.6;9;2.2;-1.7;0.17;3.6;1.9;0;293;98;68;40;97484;3.12;2.43;0.3;0.36
2001;7;22;203;23.1;19;14.5;11.9;10.6;8.7;1.2;-2.4;0.17;3.6;1.9;0;529;180;80;61;97641;3.95;0.21;0.3;0.36
2001;7;23;204;22.3;19.4;15.9;15.9;13.5;10.2;0.7;-1.4;0.17;3.6;1.9;0;366;126;68;43;97327;2.69;1.34;0.29;0.36
2001;7;24;205;23.2;19.4;15.5;16.9;15.3;14.1;1.2;-1;0.17;3.6;1.9;0;454;137;71;43;97158;2.92;2.99;0.29;0.36
2001;7;25;206;25;20.9;16.7;15.6;14.4;13.3;1.5;-1.1;0.17;3.6;1.9;0;438;168;88;52;97329;3.39;0.05;0.29;0.36
2001;7;26;207;27.2;21.7;16.4;18.1;15;13.3;0.5;-0.7;0.17;3.6;1.9;0;614;200;96;63;97451;3.8;0.73;0.29;0.36
2001;7;27;208;26.8;21.9;14.6;17.7;15;13;0;-0.2;0.17;3.6;1.9;0;522;197;99;70;97594;3.63;0.01;0.29;0.36
2001;7;28;209;27.2;21.8;15.3;17.9;16.3;14.4;0.4;-0.6;0.17;3.6;1.9;0;586;206;96;68;97794;3.7;1.09;0.28;0.36
2001;7;29;210;27.2;22.1;16;18.6;16.6;15.2;0.4;-0.7;0.17;3.6;1.9;0;584;201;95;68;97856;3.58;0.54;0.28;0.36
2001;7;30;211;26;21.6;17;18.4;16.6;15.5;0.5;-1.4;0.17;3.6;1.9;0;558;199;92;64;98069;3.76;1.77;0.28;0.35
2001;7;31;212;28.7;23;14.8;17.2;14.9;13.4;0.6;0;0.17;3.6;1.9;0;677;246;125;85;98075;4.22;0;0.28;0.35
2001;8;1;213;29.2;24;16.9;18.2;15.8;14.4;-0.2;-0.8;0.17;3.6;1.9;0;551;192;90;68;97899;3.6;0.01;0.27;0.35
2001;8;2;214;29;23.9;19;17.4;16.1;14.7;-1.1;0.7;0.17;3.6;1.9;0;601;189;84;61;97780;3.49;0;0.27;0.35
2001;8;3;215;33.1;26.2;19.4;19.4;17.5;15.9;0;1.7;0.17;3.6;1.9;0;676;237;105;81;97340;4.21;0;0.27;0.35
2001;8;4;216;33.2;25.9;19.3;19;16.2;12.5;0;0.5;0.17;3.6;1.9;0;679;231;115;80;97409;4.07;0;0.26;0.35
2001;8;5;217;21.6;20.4;18.7;14.9;12.4;10.6;0.4;-1.7;0.17;3.6;1.9;0;315;112;61;45;97724;2.22;0.21;0.26;0.35
2001;8;6;218;23.8;20.5;16.8;14.2;11.9;10.3;0.5;-0.2;0.17;3.6;1.9;0;454;155;86;59;97745;2.64;0;0.26;0.35
2001;8;7;219;27;21.5;13.8;14.2;12.4;11;0.2;0.4;0.17;3.5;1.9;0;592;212;109;78;97469;3.31;0;0.26;0.35
2001;8;8;220;29.9;23.8;17.3;16.9;14.4;12.9;0.3;1.4;0.17;3.5;1.9;0;654;222;107;78;97239;3.42;0;0.25;0.35
2001;8;9;221;27.3;23;19.1;17.8;15.7;14.8;-0.3;0.3;0.17;3.5;1.9;0;511;158;85;59;97548;2.46;0.11;0.25;0.35
2001;8;10;222;27.2;19.9;15;19.3;15.9;10.8;0.3;-1.4;0.17;3.5;1.9;0;590;170;87;55;97647;3.66;27.46;0.26;0.35
2001;8;11;223;18.3;15.9;13.4;12.5;10.7;8.4;0.4;-1.8;0.17;3.5;1.9;0;238;81;87;44;98187;2.69;7.78;0.28;0.35
2001;8;12;224;21.6;16.5;10.3;10;8.3;6.9;-0.3;-1.2;0.17;3.5;1.9;0;586;214;117;89;98141;3.63;0;0.28;0.35
2001;8;13;225;23.8;18.2;10.3;13.8;11.1;8.2;0.4;0.4;0.17;3.5;1.9;0;637;220;113;82;97721;3.54;0;0.27;0.35
2001;8;14;226;26.1;21.3;14.4;17.1;14.4;12.4;-0.1;0.2;0.17;3.5;1.9;0;599;176;97;60;97886;3.11;0;0.27;0.35
2001;8;15;227;26.9;22.4;16.1;17.4;15.6;14.1;-0.5;0.8;0.17;3.5;1.9;0;568;175;89;58;98077;3.17;0;0.27;0.35
2001;8;16;228;28.3;23.6;18;18.5;16.6;15.1;-0.7;0.8;0.17;3.5;1.9;0;602;187;88;63;97795;3.25;0;0.27;0.35
2001;8;17;229;27.6;23.4;19.1;18.4;16.4;15;-0.7;-0.4;0.17;3.5;1.9;0;517;178;99;63;97654;3.04;0.08;0.26;0.35
2001;8;18;230;27.9;23.4;17;18.9;15.7;14.4;-0.4;-0.2;0.16;3.4;1.9;0;564;189;97;69;97425;3.11;0.01;0.26;0.35
2001;8;19;231;29.3;23.5;18.5;18.1;16.1;13.8;0.3;0;0.16;3.4;1.9;0;615;188;103;68;97186;3.2;1.21;0.26;0.35
2001;8;20;232;29.4;22.9;16.4;18.3;16;14.4;0.9;-0.3;0.16;3.4;1.9;0;645;203;112;69;97151;3.63;1.84;0.26;0.35
2001;8;21;233;24.4;20.4;17.3;17.3;15.6;14.6;0.5;-0.9;0.16;3.4;1.9;0;547;147;86;48;97600;3.11;8.64;0.26;0.35
2001;8;22;234;24.9;19.9;14.7;17.2;15.5;13.1;0.5;-1.2;0.16;3.4;1.9;0;488;152;86;54;97834;2.78;1.85;0.26;0.35
2001;8;23;235;25.5;20.9;15.8;16.7;15.6;14.3;-0.1;-1.3;0.16;3.3;1.9;0;535;170;89;60;97837;2.88;0.45;0.26;0.35
2001;8;24;236;24.7;20.8;16.7;18;16.3;14.9;-0.2;-0.9;0.16;3.3;1.9;0;512;153;88;55;97858;2.53;0.94;0.26;0.35
2001;8;25;237;26.7;21.9;15.6;18.8;16.2;14.6;0.4;-0.3;0.16;3.3;1.9;0;530;181;97;66;97881;2.83;0.08;0.26;0.34
2001;8;26;238;29;23.3;15.7;19.4;15.6;13.8;0.4;0;0.16;3.3;1.9;0;559;190;105;70;97790;3.03;0;0.26;0.34
2001;8;27;239;29.9;23.7;16.2;18;16.1;14.5;1.1;-0.1;0.16;3.2;1.9;0;612;181;104;67;97312;2.98;0.23;0.25;0.34
2001;8;28;240;21.4;18.7;16;14.3;12.4;10.8;-0.7;0.2;0.16;3.2;1.9;0;316;109;75;54;97435;1.89;0.06;0.25;0.34
2001;8;29;241;24.3;18.3;13.6;14.4;9.9;5.9;-0.4;-0.9;0.16;3.2;1.9;0;584;175;125;81;97266;2.7;0;0.25;0.34
2001;8;30;242;21.8;17.3;13.2;10.7;8.9;5.5;-0.9;0.8;0.16;3.2;1.9;0;603;183;102;77;97258;2.34;0;0.25;0.34
2001;8;31;243;18.5;15.7;13.4;12.3;11.1;9.8;-1.1;0;0.16;3.1;1.9;0;349;103;54;41;97057;1.95;3.98;0.25;0.34
2001;9;1;244;20.2;16.3;13.4;12.6;11.2;9.8;0.4;-0.8;0.16;3.1;1.9;0;405;105;75;43;97020;1.91;2.96;0.25;0.34
2001;9;2;245;19.6;15.9;12.5;10.6;9.6;8.3;1.3;-0.7;0.16;3.1;1.9;0;364;107;92;58;97365;1.54;0.09;0.25;0.34
2001;9;3;246;21.7;16.5;9.4;11.3;9.3;7.5;0.5;0.8;0.16;3.1;1.9;0;531;159;102;74;97499;2.16;0;0.25;0.34
2001;9;4;247;22.8;17.1;11.1;13.6;11.5;9.8;0.8;1.1;0.16;3.1;1.9;0;484;130;82;58;96935;1.98;6.37;0.25;0.34
2001;9;5;248;14.4;13.2;12.2;12.6;9.6;7.1;1.2;-2.9;0.16;3;1.9;0;157;40;46;25;96744;2.57;21.44;0.27;0.34
2001;9;6;249;13.1;12.6;11.7;10.2;8.6;6.9;2.3;-2.4;0.16;3;1.9;0;94;31;41;27;96965;2.24;7.64;0.27;0.34
2001;9;7;250;18.8;13.8;8.5;9.6;8;6.8;1.5;-0.8;0.16;3;1.9;0;425;136;95;67;97149;2.21;0.07;0.28;0.34
2001;9;8;251;21.6;15.3;10.3;12.6;10.8;7.8;0.9;0.8;0.16;3;1.9;0;350;101;82;41;96703;1.63;4.18;0.27;0.34
2001;9;9;252;14.6;11.5;7.5;12.5;7.9;5.3;-0.1;0.8;0.15;2.9;1.9;0;360;89;93;54;96633;2.06;22.42;0.29;0.34
2001;9;10;253;16.5;11.3;4.6;6.8;4.7;1.9;0.7;0.1;0.15;2.9;1.9;0;522;156;109;78;96923;2.13;0.19;0.29;0.34
2001;9;11;254;16.9;12.8;9.2;6.4;4.7;3.4;1.1;-1.2;0.15;2.9;1.9;0;417;123;102;59;97220;2.12;0.03;0.29;0.34
2001;9;12;255;17.1;11.2;6.1;8.9;6.3;4.1;1.3;0.4;0.15;2.9;1.9;0;529;123;98;64;97410;1.79;1.02;0.29;0.34
2001;9;13;256;20.1;13.8;5.9;11;8.3;5.2;0.8;1.7;0.15;2.9;1.9;0;529;153;105;66;97344;2.37;0.15;0.29;0.34
2001;9;14;257;19;14.9;10;13.7;11.5;8.2;0.1;1.9;0.15;2.8;1.9;0;286;83;68;44;96711;1.78;23.91;0.29;0.34
2001;9;15;258;13;10.9;9.2;10.7;8.6;7;1.4;-1;0.15;2.8;1.9;0;171;35;41;23;97118;1.46;10.88;0.32;0.34
2001;9;16;259;15;11;7.1;9.7;8.2;5.9;1.2;0.3;0.15;2.8;1.9;0;283;80;70;48;96893;1.26;7.46;0.32;0.34
2001;9;17;260;9.9;9;8.3;8;7.1;6.3;1.4;-1.3;0.15;2.7;1.9;0;100;25;21;18;96732;1.54;20.74;0.33;0.34
2001;9;18;261;15.1;10.8;7.4;8.3;6.8;5.5;0.4;0.8;0.15;2.7;1.9;0;397;121;87;53;97223;2;4.42;0.34;0.34
2001;9;19;262;16.2;11.6;8.4;8.7;7.4;6.5;-0.2;1.6;0.15;2.6;1.9;0;415;113;103;63;97730;1.81;0.54;0.34;0.34
2001;9;20;263;19;13.1;7.2;9.5;7.8;6.3;0.7;1.9;0.15;2.6;1.9;0;568;172;121;90;97657;2.24;0;0.34;0.34
2001;9;21;264;18.4;13;7;11.1;8.7;5.4;0.1;0;0.15;2.6;1.9;0;461;133;98;69;97460;1.72;0.06;0.34;0.34
2001;9;22;265;18.3;13.5;9.1;11.5;10.2;8.4;-0.3;0.3;0.15;2.5;1.9;0;335;93;62;49;97362;1.31;0.24;0.34;0.34
2001;9;23;266;14.6;12.1;8.3;13.2;11.2;7.9;-0.4;0;0.15;2.5;1.9;0;93;25;57;17;96990;0.44;13.08;0.34;0.34
2001;9;24;267;22.3;16.6;12.1;15;13.2;11.8;0.6;0.4;0.15;2.4;1.9;0;464;124;86;41;96727;2.04;1.97;0.35;0.34
2001;9;25;268;15.8;14.4;12.7;13.8;13;11.7;0.1;0;0.15;2.4;1.9;0;103;26;29;18;97317;0.46;15.77;0.36;0.34
2001;9;26;269;15.8;12.8;8.8;11.6;8.6;6;1;-1.2;0.15;2.4;1.9;0;330;78;84;44;97704;1.48;1.44;0.37;0.34
2001;9;27;270;17.8;12.1;5.8;8.4;6.9;4.8;0.4;0.5;0.15;2.3;1.9;0;527;150;115;79;97889;1.88;0;0.36;0.34
2001;9;28;271;21.2;13.7;6.6;12.4;9.4;5.7;0.3;0.1;0.15;2.3;1.9;0;529;155;122;82;97668;1.9;0;0.36;0.34
2001;9;29;272;20;14.1;7.6;12.2;10;7;0.6;0.3;0.15;2.2;1.9;0;430;128;93;69;97596;1.6;0;0.36;0.34
2001;9;30;273;19.9;14.9;10.7;13.8;12;9.4;0;-0.1;0.15;2.2;1.9;0;393;93;74;39;97486;1.21;3.48;0.36;0.34
2001;10;1;274;21.1;15.7;10.2;13.8;12.5;10.1;0.7;0.8;0.15;2.2;1.9;0;486;130;113;56;97725;1.79;0.14;0.36;0.34
2001;10;2;275;22.8;16.5;10.3;14.5;12.6;9.6;1.1;1.5;0.14;2.1;1.9;0;521;148;115;78;97735;1.9;0;0.36;0.34
2001;10;3;276;23.6;16.7;10.4;14.5;12.6;9.9;1.6;1.3;0.14;2.1;1.9;0;530;150;119;85;97386;1.97;0;0.36;0.34
2001;10;4;277;21.6;15.4;10.1;13.9;12.1;9.5;0.9;-0.5;0.14;2;1.9;0;406;98;75;46;97394;1.54;3.21;0.36;0.34
2001;10;5;278;17.9;14.8;11.8;11.8;11;10;-0.1;0.7;0.14;2;1.9;0;397;80;72;39;97521;1.26;0;0.36;0.34
2001;10;6;279;20.4;14.5;8.7;13.3;11.3;8.7;0;0.4;0.14;2;1.9;0;500;136;115;75;97460;1.57;0;0.35;0.34
2001;10;7;280;22.1;16.3;10.2;15.4;13.3;9.7;0.4;2;0.14;1.9;1.9;0;392;103;86;56;97274;1.27;0.05;0.35;0.34
2001;10;8;281;23.8;18;13.7;15.5;13.7;12.6;1.1;2.1;0.14;1.9;1.9;0;426;121;106;68;97240;1.68;0.01;0.35;0.34
2001;10;9;282;22.2;16.6;11;15.3;13.5;10.5;0.2;0.3;0.14;1.8;1.9;0;437;110;88;65;97605;1.29;0;0.35;0.34
2001;10;10;283;19.6;15.1;10.2;14.8;12.5;10.1;0.7;-0.2;0.14;1.8;1.9;0;304;85;88;54;98272;0.97;0.36;0.35;0.34
2001;10;11;284;21.1;14.8;9.1;14.3;11.3;8.7;0.6;-0.3;0.14;1.8;1.9;0;434;119;112;69;98829;1.33;0;0.35;0.34
2001;10;12;285;19.8;13.9;8.5;12.9;10.8;8.3;0.3;0.2;0.14;1.7;1.9;0;447;116;115;71;98871;1.22;0;0.35;0.34
2001;10;13;286;19.2;12.8;7.5;13.1;10.4;7.4;0.5;0.1;0.14;1.7;1.9;0;471;119;120;68;98594;1.12;0;0.34;0.34
2001;10;14;287;19.4;13.2;7.2;12.3;10.1;7;-0.1;0.5;0.14;1.6;1.9;0;469;121;120;76;98282;1.19;0;0.34;0.34
2001;10;15;288;18.3;12.4;6.9;12;9.8;6.8;0.2;0.4;0.14;1.6;1.9;0;465;113;113;69;98055;1.03;0;0.34;0.34
2001;10;16;289;18.5;13.2;6.4;12.9;10;5.9;0.2;-0.3;0.14;1.6;1.9;0;398;99;90;53;98445;0.94;0;0.34;0.34
2001;10;17;290;17.3;14;11.6;12.3;11.4;10.8;-0.8;0.4;0.14;1.6;1.9;0;303;77;76;40;98448;0.77;0.08;0.34;0.34
2001;10;18;291;18;12.8;9.1;11;10.2;9;-0.3;0.8;0.14;1.6;1.9;0;356;92;95;60;97812;0.89;0;0.34;0.34
2001;10;19;292;16.2;11.4;6.6;10.5;9.3;6.5;-0.3;-0.2;0.14;1.5;1.9;0;321;88;80;53;97727;0.74;0.03;0.34;0.34
2001;10;20;293;16.7;13.4;10.6;13;11.4;9.8;-0.7;1.6;0.13;1.5;1.9;0;122;34;57;21;97492;0.36;0.16;0.34;0.34
2001;10;21;294;20;15.4;11.6;13.3;12.1;10.2;1;1.9;0.13;1.5;1.9;0;298;81;91;56;96809;0.93;1.43;0.34;0.34
2001;10;22;295;17.8;13;8.3;11.4;8.7;6.9;1.2;0;0.13;1.5;1.9;0;377;99;100;69;97400;1.16;0.56;0.34;0.34
2001;10;23;296;17.4;11.6;5.2;9;7.6;4.7;-0.3;-0.1;0.13;1.5;1.9;0;400;100;103;65;97798;1.01;0.22;0.34;0.34
2001;10;24;297;11.1;10.1;8.9;8.8;8.2;7.6;-0.8;-0.4;0.13;1.5;1.9;0;86;20;26;16;98279;0.69;2.87;0.34;0.34
2001;10;25;298;13;9.9;8;8.5;8.1;7.7;-0.2;0.3;0.13;1.5;1.9;0;238;56;56;30;98521;0.78;2.45;0.34;0.34
2001;10;26;299;10.1;8.1;5.7;7.8;5.5;1.6;-1.1;1;0.13;1.4;1.9;0;164;42;68;34;98591;0.72;1.14;0.34;0.34
2001;10;27;300;11.2;7;3.8;6;3.9;1.4;-0.6;0.8;0.13;1.4;1.9;0;293;76;98;58;98446;0.55;0;0.34;0.34
2001;10;28;301;15.4;9.3;3.9;9;6.6;3.2;0.2;0.7;0.13;1.4;1.9;0;385;86;103;56;98399;0.68;0.05;0.34;0.34
2001;10;29;302;15.1;10.3;6.1;10.7;8.4;5.7;0.3;0.3;0.13;1.4;1.9;0;251;63;80;46;98257;0.48;0.14;0.34;0.34
2001;10;30;303;17.9;11.8;8;11.3;9;7;1.5;0.3;0.13;1.4;1.9;0;290;68;101;59;98198;0.53;0;0.34;0.34
2001;10;31;304;21.4;13.5;7.5;9.2;7.6;5.3;1.5;1.3;0.13;1.4;1.9;0;404;100;126;76;97997;1.04;0;0.34;0.34
2001;11;1;305;12.5;10;5.2;7.6;1.1;-1;1.3;-1.7;0.12;1.4;1.9;0;278;59;121;67;98591;0.8;0.01;0.34;0.34
2001;11;2;306;10.3;6.5;3.2;1.7;-0.4;-2.1;0.5;-1.4;0.12;1.4;1.9;0;318;81;109;74;99308;0.68;0.01;0.33;0.34
2001;11;3;307;8.7;5.6;3.2;3.5;1.8;-0.8;0.1;0.4;0.12;1.3;1.9;0;255;60;77;52;99138;0.37;0;0.33;0.34
2001;11;4;308;10.9;5.4;1.6;3.2;1.2;-0.5;0;1.2;0.12;1.3;1.9;0;377;92;109;73;98249;0.64;0;0.33;0.34
2001;11;5;309;11.8;6.2;0.9;4.2;1.9;-1.4;-0.2;0.3;0.12;1.3;1.9;0;368;84;103;59;97912;0.57;0;0.33;0.34
2001;11;6;310;9.7;6.7;3.9;4.2;3.3;1.8;-0.1;1.1;0.12;1.3;1.9;0;206;48;67;41;97654;0.36;0.17;0.33;0.34
2001;11;7;311;10.4;6;1.8;5.3;3.6;1.4;0.7;0.7;0.12;1.3;1.9;0;270;61;82;56;97036;0.37;0.06;0.33;0.34
2001;11;8;312;12.9;8.2;3.6;7.4;5.5;2.8;1.1;1.7;0.12;1.3;1.9;0;163;40;62;43;95843;0.32;0.89;0.33;0.34
2001;11;9;313;8.2;3.9;1.8;7.1;1.1;-2.4;0.2;-1.5;0.12;1.3;1.9;0.04;113;21;44;32;96487;1.1;13.26;0.34;0.34
2001;11;10;314;4.6;2.1;-0.8;-2.2;-3.8;-4.9;-0.7;-1.3;0.12;1.2;1.9;0.06;320;71;109;59;98517;0.6;0.01;0.34;0.34
2001;11;11;315;5.5;2.8;1.2;0.8;-0.6;-3.1;-0.4;0.7;0.12;1.2;1.9;0.06;236;53;73;41;98344;0.3;1.42;0.34;0.34
2001;11;12;316;3.6;2.5;1.4;2.9;1.9;0.5;-0.6;-0.2;0.12;1.2;1.9;0.04;71;13;23;9;97161;0.33;1.97;0.34;0.34
2001;11;13;317;5.7;3.4;0.7;3.5;1.7;-1.3;0.2;-2.2;0.12;1.2;1.9;0.01;87;19;51;22;96555;1.19;6.31;0.35;0.34
2001;11;14;318;5;2.5;0.4;-2.2;-5.6;-7;-0.2;-3.6;0.11;1.2;1.9;0.01;351;75;116;76;97708;0.76;0;0.35;0.34
2001;11;15;319;4.7;0.8;-2.8;-2.2;-4.4;-5.4;0;-0.5;0.11;1.2;1.9;0.01;361;84;128;92;99307;0.43;0;0.35;0.34
2001;11;16;320;7.2;1.2;-3.4;-1;-3.9;-6.5;0.3;0.2;0.11;1.2;1.9;0;347;80;107;76;99108;0.32;0;0.35;0.34
2001;11;17;321;5.1;0.7;-1.8;-0.1;-2.3;-3.9;0.2;0.6;0.11;1.2;1.9;0;314;75;115;76;99243;0.28;0;0.35;0.34
2001;11;18;322;4.3;0.4;-1.6;-0.2;-1.5;-2.9;-0.5;0.1;0.11;1.2;1.9;0;327;75;105;71;98189;0.19;0;0.35;0.34
2001;11;19;323;2.1;0.2;-1.4;-0.8;-1.4;-2;0.4;0;0.11;1.2;1.9;0.03;190;38;76;35;97756;0.11;0.05;0.35;0.34
2001;11;20;324;7.1;2.7;-0.2;-0.6;-2.5;-3.4;1.1;-1;0.11;1.2;1.9;0.03;249;55;101;53;98235;0.32;0;0.35;0.34
2001;11;21;325;7.7;1.9;-2.3;0;-2.4;-4.2;0.6;0;0.11;1.2;1.9;0;320;73;114;73;98701;0.33;0;0.35;0.34
2001;11;22;326;8.4;2.3;-2.9;1.2;-1.2;-4.5;1.6;0.7;0.11;1.2;1.9;0;332;75;115;73;97498;0.26;0.5;0.35;0.34
2001;11;23;327;3.7;1.6;0.1;0.7;-5.4;-8.7;1.6;-2.6;0.11;1.2;1.9;0.03;289;63;103;73;96922;0.78;0.54;0.35;0.34
2001;11;24;328;5.1;1.3;-1.4;-3.9;-6.1;-8.6;1.6;-1.3;0.11;1.2;1.9;0.07;259;61;101;80;97460;0.42;0.02;0.35;0.34
2001;11;25;329;4.4;1;-1.6;-1.3;-3.7;-5.4;0.4;0.3;0.11;1.2;1.9;0.26;225;47;86;50;97389;0.24;0.36;0.35;0.34
2001;11;26;330;3.6;0.5;-1.9;1.3;-1.5;-3.9;0.2;0.3;0.11;1.2;1.9;0.31;118;27;54;33;96957;0.07;0.79;0.35;0.34
2001;11;27;331;3;0.5;-2.3;1.9;-0.1;-2.9;-0.5;-0.5;0.11;1.2;1.9;0.26;166;34;43;22;97122;0.16;0.95;0.35;0.34
2001;11;28;332;5.3;1.9;0;2.4;1.1;-0.2;0.1;0.2;0.11;1.2;1.9;0.18;195;43;84;34;97498;0.26;0.33;0.35;0.34
2001;11;29;333;7.6;2.2;-1.7;0.7;-1.5;-2.8;0.7;-0.1;0.11;1.2;1.9;0.15;275;59;102;52;97841;0.35;0.01;0.35;0.34
2001;11;30;334;3;1.1;-1.2;1.8;-0.2;-2.3;-0.5;-0.1;0.11;1.2;1.9;0.15;103;22;49;25;97615;0.25;2.34;0.35;0.34
2001;12;1;335;3;0;-2.6;-1.1;-2.5;-3.8;-0.2;0.5;0.11;1.2;1.9;0.21;273;59;109;64;98321;0.34;0.07;0.35;0.34
2001;12;2;336;2.8;-0.3;-2.3;-1.5;-2.3;-3.5;0.1;0.4;0.11;1.2;1.9;0.19;262;54;86;54;98694;0.06;0.01;0.35;0.34
2001;12;3;337;1.1;-1.3;-2.7;-2;-2.5;-3.1;-0.3;0.5;0.11;1.2;1.9;0.22;200;41;70;39;98616;0.07;0.04;0.35;0.34
2001;12;4;338;1.1;-1.1;-2.6;-1.5;-2.1;-3;-0.5;0.9;0.11;1.2;1.9;0.25;158;36;57;31;98303;0.06;0.16;0.35;0.34
2001;12;5;339;5;0.7;-2;1;-0.9;-2.7;-0.1;0.8;0.11;1.2;1.9;0.39;270;56;93;47;98207;0.14;0.34;0.35;0.34
2001;12;6;340;5.3;1.3;-1.1;3.1;0.4;-1.7;-0.6;0.3;0.11;1.2;1.9;0.46;217;44;65;31;97764;0.28;4.8;0.35;0.34
2001;12;7;341;4.5;1.3;-1.2;-0.5;-1.8;-4.6;-1;-1.8;0.14;1.2;1.9;2.73;133;31;63;36;98867;0.43;0.96;0.35;0.34
2001;12;8;342;-0.3;-2.3;-4;-5.1;-6.3;-7.1;-1.4;0.1;0.14;1.2;1.9;2.62;239;46;85;65;99529;0.18;0;0.35;0.34
2001;12;9;343;0.1;-2.8;-4.1;-7.1;-7.7;-8.6;-0.6;0;0.14;1.2;1.9;2.51;279;60;118;84;99712;0.06;0;0.35;0.34
2001;12;10;344;1;-2.5;-5.2;-7.4;-8.1;-8.6;0.1;0.4;0.14;1.2;1.9;2.4;277;59;115;77;99598;0.04;0;0.35;0.34
2001;12;11;345;0.4;-1.4;-2.7;-2.5;-4.7;-8.1;0;0.3;0.16;1.2;1.9;3.62;122;22;42;20;98812;0.05;2.11;0.35;0.34
2001;12;12;346;1.6;-0.7;-2.5;-1;-2.3;-3.3;0.1;0;0.18;1.2;1.9;5.43;76;19;52;23;97936;0.04;3.73;0.35;0.34
2001;12;13;347;-1.2;-7.4;-10.2;-3.6;-13.5;-17.7;-1.4;-2.9;0.22;1.2;1.9;7.79;187;42;101;56;98240;0.42;0.77;0.35;0.34
2001;12;14;348;-3.9;-8.4;-11.9;-10.1;-13.4;-15.8;0.1;-0.6;0.23;1.2;1.9;8.26;238;49;111;61;99275;0.14;0.19;0.35;0.34
2001;12;15;349;-2;-8.6;-18.6;-9;-13.5;-21.2;0.5;-0.2;0.23;1.2;1.9;8.08;249;52;108;57;98899;0.12;0.03;0.35;0.34
2001;12;16;350;-1.7;-5.5;-10.4;-8.2;-10.3;-13.8;-0.3;-2.1;0.23;1.2;1.9;8.01;179;37;68;49;98560;0.2;0.42;0.35;0.34
2001;12;17;351;-0.5;-2.8;-5.7;-6;-7.8;-9.9;-0.6;-0.8;0.23;1.2;1.9;8.28;134;26;66;32;98534;0.12;0.69;0.35;0.34
2001;12;18;352;1.8;-1.9;-4.5;-4.4;-6.3;-9.5;1;-0.3;0.24;1.2;1.9;8.84;155;28;60;35;98704;0.15;0.49;0.35;0.34
2001;12;19;353;1.1;-3.6;-6.5;-3.6;-8.5;-12;0.8;0.2;0.23;1.2;1.9;8.49;218;47;106;62;98345;0.11;0;0.35;0.34
2001;12;20;354;1.6;-5.1;-10.4;-3.1;-9.1;-13.5;0.8;-0.6;0.22;1.1;1.9;8.05;235;49;106;66;97806;0.11;0;0.35;0.34
2001;12;21;355;-1.5;-5.8;-8.7;-7.9;-9.7;-11.7;0.4;1.6;0.22;1.1;1.9;7.8;244;50;107;62;97561;0.15;0;0.35;0.34
2001;12;22;356;3.1;-2.1;-5.7;-4.6;-6.8;-9.5;0.7;0.5;0.21;1.1;1.9;7.51;228;44;107;51;96435;0.09;0.05;0.35;0.34
2001;12;23;357;1.1;-3.3;-8.7;-3.7;-7.5;-13.9;0.3;-1.3;0.22;1.1;1.9;7.65;137;28;96;54;96919;0.11;0.56;0.35;0.34
2001;12;24;358;-2.7;-9.9;-16.9;-12;-16.1;-20.1;1.3;1.1;0.22;1.1;1.9;7.54;253;54;123;82;97514;0.16;0;0.35;0.34
2001;12;25;359;-0.6;-7.5;-13.7;-9.6;-14.4;-20.4;1;1.3;0.21;1.1;1.9;7.39;153;35;82;49;96485;0.13;0;0.35;0.34
2001;12;26;360;1.2;-3.2;-6.7;-3.1;-6.5;-10.9;1.2;0.1;0.22;1.1;1.9;7.67;123;24;53;32;96063;0.08;2.24;0.35;0.34
2001;12;27;361;0.5;-3.8;-12.6;-4.5;-9.3;-17.3;1.1;-1.8;0.25;1.1;1.9;9.48;176;35;106;58;96867;0.27;0.22;0.35;0.34
2001;12;28;362;1.3;-6.6;-12.6;-4.8;-11;-17.4;1.5;1.1;0.24;1.1;1.9;9.31;210;44;78;53;96730;0.18;0.01;0.35;0.34
2001;12;29;363;3.9;0.3;-6.5;0.8;-2.7;-9.3;2.2;1.4;0.23;1.1;1.9;8.7;172;36;65;44;95967;0.04;0;0.35;0.34
2001;12;30;364;3.4;1;-1.4;0.7;-6.1;-12.7;1.5;-0.6;0.22;1.1;1.9;7.7;123;22;101;45;96170;0.43;1.02;0.35;0.34
2001;12;31;365;1.9;-1.5;-3.2;-7.9;-10.2;-12.8;0.9;-1.4;0.21;1.1;1.9;7.25;208;44;99;67;97696;0.19;0.19;0.35;0.34
2002;1;1;1;0.7;-2.8;-4.3;-11.6;-13.4;-16;1.6;-0.8;0.2;1.1;1.9;6.83;203;48;107;76;99034;0.14;0;0.35;0.34
2002;1;2;2;2.7;-1;-3.9;-8.8;-11.4;-14;1.7;-0.9;0.2;1.1;1.9;6.6;233;42;91;52;98456;0.22;0.07;0.35;0.34
2002;1;3;3;-1.4;-3.8;-6.9;-10.4;-14.2;-15.7;-0.3;-2.5;0.19;1.1;1.9;6.34;255;56;121;95;99025;0.22;0;0.35;0.34
2002;1;4;4;-2.1;-5;-7.2;-11.5;-13.2;-15.3;-0.4;0.4;0.19;1;1.9;6.11;266;58;123;77;99367;0.1;0;0.35;0.34
2002;1;5;5;1.5;-3.9;-8.7;-10.2;-13.2;-16.2;0.8;-0.2;0.18;1;1.9;5.88;229;46;83;54;99213;0.12;0;0.35;0.34
2002;1;6;6;4.4;-2;-6.3;-9;-10.9;-13.4;0.8;-0.3;0.18;1;1.9;5.55;275;60;129;75;98851;0.09;0;0.35;0.34
2002;1;7;7;3.9;-1.4;-5.3;-6.9;-9.2;-12.3;0.6;-0.1;0.17;1;1.9;5.15;252;54;112;54;98764;0.08;0;0.35;0.34
2002;1;8;8;3;-0.9;-4.3;-2.7;-5;-7.9;0.2;0;0.17;1;1.9;4.77;252;52;102;54;99167;0.04;0;0.35;0.34
2002;1;9;9;3.4;-1.3;-4.4;-3.2;-4.6;-6.3;0.4;0.2;0.16;1;1.9;4.35;260;56;99;57;99559;0.05;0;0.35;0.34
2002;1;10;10;1.6;-2.6;-5.7;-2.5;-4.4;-7.4;-0.1;0.1;0.15;1;1.9;3.95;217;47;73;43;99455;0.05;0.01;0.35;0.34
2002;1;11;11;0;-2.8;-4.3;-3.6;-4.2;-5.2;-0.1;0.4;0.15;1;1.9;3.89;198;40;73;36;99270;0.05;0.08;0.35;0.34
2002;1;12;12;2.9;-2.2;-6.5;-3.8;-5.5;-7.7;0;0.4;0.15;1;1.9;3.71;286;60;108;63;99144;0.06;0;0.35;0.34
2002;1;13;13;-0.9;-3.2;-5.8;-2.6;-4.5;-6.8;0;0;0.19;1;1.9;5.86;116;22;58;27;98986;0.04;5.58;0.35;0.34
2002;1;14;14;-0.6;-3.3;-5.5;-3.4;-4.7;-6.2;-0.3;-0.2;0.25;1;1.9;9.77;109;24;42;18;98800;0.12;1.41;0.35;0.34
2002;1;15;15;-2.2;-4.3;-6.7;-5.1;-6.8;-9.2;0;0.2;0.26;1;1.9;10.48;170;36;59;29;98412;0.14;0.28;0.35;0.34
2002;1;16;16;-2.6;-5.9;-9.4;-6;-8.6;-11.4;0.4;0.2;0.26;1;1.9;10.5;163;35;59;27;98122;0.15;0.14;0.35;0.34
2002;1;17;17;-0.8;-5.9;-12.4;-4.4;-8.3;-14.1;0.4;-0.1;0.26;1;1.9;10.49;192;40;63;30;98410;0.15;0.07;0.35;0.34
2002;1;18;18;0.2;-4.7;-8.8;-3.8;-6.9;-10.1;0.6;0.2;0.26;1;1.9;10.39;179;42;88;38;98278;0.16;0.01;0.35;0.34
2002;1;19;19;2.2;-5.2;-12.7;-1.8;-7.6;-14.7;0.7;0.5;0.25;0.9;1.9;10.13;242;52;84;44;98045;0.16;0.03;0.35;0.34
2002;1;20;20;7;-0.7;-5;-0.6;-4.2;-6.5;1.1;0.3;0.24;0.9;1.9;8.99;281;60;105;48;98044;0.07;0;0.35;0.34
2002;1;21;21;4.9;0.8;-3.6;-0.4;-2.3;-5.6;1.7;0.4;0.22;0.9;1.9;7.62;176;33;58;28;97511;0.03;0.05;0.35;0.34
2002;1;22;22;9.4;1.5;-3;1.9;-1.3;-4.2;1.6;0.7;0.19;0.9;1.9;6.15;298;68;106;63;97307;0.01;0;0.35;0.34
2002;1;23;23;8.4;2;-2.9;2;-0.6;-4;1.3;1.7;0.17;0.9;1.9;4.48;317;72;110;67;97345;0.01;0;0.35;0.34
2002;1;24;24;7.3;4.5;1.4;4;2.7;0.7;1.2;2.2;0.14;0.9;1.9;2.8;112;28;56;33;96799;-0.06;1.18;0.35;0.34
2002;1;25;25;9.4;3.2;-0.9;4.4;1.7;-1.1;0.6;0.3;0.13;0.9;1.9;1.83;293;61;81;39;97684;0.17;0;0.35;0.34
2002;1;26;26;5.2;1.6;-1.9;4;1;-2.7;1;0.8;0.12;0.9;1.9;1.32;98;22;80;29;98009;-0.07;0.8;0.36;0.34
2002;1;27;27;8.7;3.5;-1.6;3.6;1.3;-2.3;2.2;1.1;0.12;0.9;1.9;1.02;194;42;64;41;97336;0.11;0;0.36;0.34
2002;1;28;28;12.2;4.5;-0.4;8.3;2.3;-1.1;1.4;-0.1;0.11;0.9;1.9;0.63;285;67;98;50;98035;0.12;0;0.36;0.34
2002;1;29;29;13.1;3;-2.7;6.8;0.2;-4;1.4;0.1;0.11;0.9;1.9;0.42;351;81;112;70;98460;0.18;0;0.36;0.34
2002;1;30;30;11.4;3.1;-1.5;5;-0.8;-3.7;0.9;0.2;0.11;0.9;1.9;0.28;330;78;107;62;98371;0.17;0;0.36;0.34
2002;1;31;31;10.5;3.9;-0.8;2.8;0.2;-2.6;1.9;0.9;0.1;0.9;1.9;0.19;313;64;81;49;97836;0.2;0;0.35;0.34
2002;2;1;32;10.6;3.7;-1.3;6.1;1.6;-1.9;1;-0.1;0.1;0.9;1.9;0.14;258;60;92;44;98512;0.2;0.19;0.35;0.34
2002;2;2;33;11.9;3.7;-1.8;5.3;1.1;-2.6;0.8;0.7;0.1;0.9;1.9;0.1;371;89;113;70;99136;0.23;0;0.35;0.34
2002;2;3;34;10.6;3.5;-1.1;5;1.3;-1.6;0;1.1;0.1;0.9;1.9;0.03;347;86;115;70;98737;0.22;0;0.35;0.34
2002;2;4;35;10.3;3;-2.6;4.2;0.1;-3.6;0.6;0.3;0.1;0.9;1.9;0;388;95;115;73;98259;0.23;0;0.35;0.34
2002;2;5;36;10.3;2.5;-2.7;3.9;-0.3;-3.8;0.5;0.6;0.1;0.9;1.9;0;403;98;122;77;97650;0.21;0;0.35;0.34
2002;2;6;37;11.2;4.9;-0.8;4;1.9;-2.3;1.2;2.1;0.1;0.8;1.9;0;321;74;89;57;96628;0.23;0;0.35;0.34
2002;2;7;38;6.6;3.7;0.8;5.3;2.9;0.3;0.2;-0.2;0.1;0.8;1.9;0;88;23;38;12;97600;0.03;4.56;0.36;0.34
2002;2;8;39;9.4;4.5;0.6;6.1;3.2;0;0.8;0.5;0.1;0.8;1.9;0;173;49;79;34;98123;0.2;0.02;0.36;0.34
2002;2;9;40;12.7;4.7;-1.7;4.7;1.6;-2;0.5;0.8;0.1;0.8;1.9;0;388;87;107;53;97579;0.46;0.2;0.36;0.34
2002;2;10;41;10.1;4.6;-1;4.7;1.2;-1.9;1.5;0.4;0.1;0.8;1.9;0;270;59;116;49;96992;0.39;2.51;0.36;0.34
2002;2;11;42;11;4.3;-1.9;2.4;-0.2;-3.3;1.2;1;0.1;0.8;1.9;0;323;74;78;50;97450;0.33;0;0.36;0.34
2002;2;12;43;15.3;6.8;0.4;5.6;2.3;-0.9;1.3;0.5;0.1;0.8;1.9;0;397;97;113;63;97310;0.51;0;0.36;0.34
2002;2;13;44;15.5;6.9;-0.1;6.3;3.3;-0.9;0;0;0.1;0.8;1.9;0;413;102;118;63;97304;0.53;0.18;0.36;0.34
2002;2;14;45;5.3;4;1.1;4;1.7;-1.8;-1;-1.3;0.1;0.8;1.9;0.02;114;23;22;13;97995;0.88;4.46;0.36;0.34
2002;2;15;46;4.4;1.3;-0.7;-2.5;-4.4;-6.2;-1.2;-1.1;0.12;0.8;1.9;0.77;350;73;114;48;98836;0.5;0.73;0.36;0.34
2002;2;16;47;3.8;1.1;-1.1;-0.4;-2.6;-4.5;-0.2;-0.8;0.12;0.8;1.9;0.99;158;38;42;25;98918;0.17;2.24;0.36;0.34
2002;2;17;48;5.8;2.6;-0.2;2.8;1.1;-0.6;0.1;0.3;0.14;0.8;1.9;2.41;256;46;57;12;98356;0.33;3.11;0.36;0.34
2002;2;18;49;9.3;4.2;0;4.4;2.3;-0.4;0.4;0.1;0.13;0.8;1.9;1.8;288;64;84;37;97594;0.35;4.51;0.36;0.34
2002;2;19;50;9.6;3.9;-1.5;1.8;-0.4;-2.8;1.2;0.6;0.12;0.8;1.9;1.19;362;95;107;66;97674;0.59;0.24;0.36;0.34
2002;2;20;51;8.5;3.8;-1.2;2.1;-0.2;-2.2;1.5;1.9;0.12;0.8;1.9;0.78;187;49;75;47;96576;0.29;0.01;0.36;0.34
2002;2;21;52;7.4;4;0.1;3.8;-0.7;-8.5;0.7;-1.4;0.12;0.9;1.9;0.5;220;46;73;43;96197;0.59;3.2;0.37;0.34
2002;2;22;53;3.8;0.4;-2.8;-5.8;-8.4;-9.6;0;0.8;0.11;0.9;1.9;0.4;488;126;132;87;97398;0.62;0.02;0.37;0.34
2002;2;23;54;10.5;4.1;-0.6;0.7;-2.4;-5.5;0.2;0.7;0.11;0.9;1.9;0.34;406;100;99;61;96332;0.54;0.11;0.37;0.34
2002;2;24;55;6.9;2.6;-1.2;-0.3;-6.5;-10.5;2.1;-1.4;0.11;0.9;1.9;0.25;477;120;130;84;96462;0.83;1.04;0.37;0.34
2002;2;25;56;8.6;3.1;-1.6;-4.9;-6.5;-8.4;1.5;1.3;0.12;0.9;1.9;0.25;391;83;98;65;96938;0.61;0.11;0.36;0.34
2002;2;26;57;12.3;6;-0.3;1.4;-1.1;-4.7;2;1.8;0.12;0.9;1.9;0.2;477;121;113;69;96807;0.77;0;0.36;0.34
2002;2;27;58;13.4;8.1;3;5.4;3.6;0.7;1.9;1.6;0.11;0.9;1.9;0.09;396;102;89;52;96588;0.66;0.32;0.36;0.34
2002;2;28;59;10.2;7.1;4.3;7.3;5.3;3.3;0.4;0.4;0.11;0.9;1.9;0;201;37;45;18;96724;0.77;8.87;0.36;0.34
2002;3;1;60;7.3;4.7;2.9;3;2.5;1.7;0.2;1.2;0.12;0.9;1.9;0;230;53;49;27;97264;0.64;1.68;0.37;0.34
2002;3;2;61;8;5.4;3;5.1;3.8;2.4;-0.5;-0.4;0.12;0.9;1.9;0;110;32;23;14;96844;0.34;2.08;0.37;0.34
2002;3;3;62;6;4.4;2;3.6;2.9;1.6;-0.4;0.4;0.12;0.9;1.9;0;185;40;57;22;97370;0.64;3.41;0.37;0.34
2002;3;4;63;10;4.1;-1.4;1.5;-0.2;-1.9;0;1;0.12;1;1.9;0;522;139;124;77;97981;0.85;0.04;0.37;0.34
2002;3;5;64;13.1;5.8;0.1;4.4;1;-2.5;0.1;1.5;0.12;1;1.9;0;507;143;120;83;97371;0.79;0;0.37;0.34
2002;3;6;65;17.4;9;1.2;7.2;4.5;0.6;1.2;1.9;0.12;1;1.9;0;484;121;117;66;96975;0.98;0.58;0.37;0.34
2002;3;7;66;17;10.7;5.1;6.1;5.3;3.9;1.8;1;0.12;1;1.9;0;532;143;122;77;97132;1.08;0;0.37;0.34
2002;3;8;67;12.3;8.2;4.2;4.5;0.4;-2.5;-0.5;-0.9;0.12;1;1.9;0;532;143;136;80;98281;1.11;0.03;0.37;0.34
2002;3;9;68;12.4;6.2;0.5;0.3;-0.8;-2.2;0.2;1.3;0.12;1;1.9;0;564;161;144;97;97644;1.03;0;0.37;0.34
2002;3;10;69;12.3;6.3;0.4;2.4;-1.5;-4.2;0.3;-1.3;0.12;1;1.9;0;460;129;133;77;97674;0.97;0;0.37;0.34
2002;3;11;70;10.7;6;1.3;-0.8;-3.1;-4.2;-0.1;0.5;0.12;1;1.9;0;572;165;146;99;98363;1.03;0;0.36;0.34
2002;3;12;71;12.3;4.9;-1.9;0.3;-2.1;-4.3;0.2;1.4;0.12;1;1.9;0;581;169;147;99;98012;1.07;0;0.36;0.34
2002;3;13;72;15.4;6.9;-0.9;4.8;1.1;-2.8;0.1;0.5;0.13;1;1.9;0;513;143;120;79;97496;0.96;0;0.36;0.35
2002;3;14;73;17.3;8.5;-0.5;3.6;1.5;-2;1.5;1.6;0.13;1.1;1.9;0;572;167;135;87;96961;1.3;0.01;0.36;0.35
2002;3;15;74;16.7;10.3;3.3;6.9;5;1.9;0.3;0.2;0.13;1.1;1.9;0;535;143;114;74;97167;1.09;0.02;0.36;0.35
2002;3;16;75;13.7;9.1;5.5;6.3;5.4;4;-0.6;-0.6;0.13;1.1;1.9;0;446;105;91;58;97625;0.74;0.02;0.36;0.35
2002;3;17;76;13.5;8.8;4.7;7.7;6;4;-0.6;0.4;0.13;1.1;1.9;0;300;81;56;36;97598;0.58;0.06;0.36;0.35
2002;3;18;77;15.4;9.1;3.4;6.8;5.2;2.6;-0.7;0;0.13;1.1;1.9;0;535;150;118;76;97155;1.07;0;0.35;0.35
2002;3;19;78;15.9;8.9;2.5;7.5;5.2;1.9;1.6;0.5;0.13;1.1;1.9;0;418;92;79;53;96534;0.82;0.56;0.35;0.35
2002;3;20;79;14.1;9.2;5;9.8;6.5;2.7;0.5;0.1;0.13;1.2;1.9;0;264;69;72;40;97101;0.96;5.89;0.35;0.35
2002;3;21;80;17.7;11.4;6.4;9.7;7.8;6;0.8;0;0.13;1.2;1.9;0;436;122;98;46;97371;1.28;4.25;0.36;0.35
2002;3;22;81;14.2;9.7;3.9;8.8;3.4;-0.5;0.9;-1.8;0.13;1.2;1.9;0;565;151;116;69;97226;1.82;5.12;0.36;0.35
2002;3;23;82;6.6;3.8;0.8;-1.9;-4.5;-6;1.1;-3.8;0.13;1.2;1.9;0;520;160;104;88;97472;1.37;0.36;0.36;0.35
2002;3;24;83;6;2.8;0.8;-2.7;-4.7;-6.1;-0.2;-4.9;0.14;1.2;1.9;0.06;506;149;104;78;97843;1.26;1.03;0.36;0.35
2002;3;25;84;6.7;2.9;0;-5.5;-6.1;-6.8;0.2;-4.8;0.14;1.2;1.9;0.08;582;164;108;75;98055;1.24;0;0.36;0.35
2002;3;26;85;8.2;3.5;-0.6;-3;-4.2;-5.9;-0.5;-3;0.14;1.3;1.9;0.07;533;153;97;73;98170;1.16;0;0.36;0.35
2002;3;27;86;6.2;2.8;-0.4;-4.1;-5.2;-6.3;-0.8;-2.9;0.14;1.3;1.9;0.07;415;130;100;76;98493;1.02;0;0.36;0.35
2002;3;28;87;9.5;3.9;-1.3;-0.9;-3.1;-5.1;-0.5;-1.2;0.14;1.3;1.9;0.02;649;199;140;100;98677;1.28;0;0.36;0.35
2002;3;29;88;12;5.3;-1.3;2.8;-2;-3.7;0.6;-0.2;0.14;1.3;1.9;0;639;198;144;96;98542;1.45;0;0.35;0.35
2002;3;30;89;15.4;7.7;-1.7;3.1;-0.7;-3.7;0.1;0.4;0.14;1.3;1.9;0;649;203;149;96;98161;1.7;0;0.35;0.35
2002;3;31;90;16.6;8.8;-1.1;3.3;0.9;-2;0.2;0.5;0.14;1.4;1.9;0;650;204;147;97;97755;1.79;0;0.35;0.35
2002;4;1;91;17.3;10;0;4.8;2;-0.9;-0.2;-0.1;0.14;1.4;1.9;0;643;202;145;95;97615;1.85;0;0.35;0.35
2002;4;2;92;17.2;10.5;1.8;5.4;3.7;0.5;-0.4;-0.9;0.14;1.4;1.9;0;596;191;128;88;97708;1.78;0.12;0.35;0.35
2002;4;3;93;15;9.9;4.5;5.5;3.4;0.3;-1.6;-1.4;0.14;1.4;1.9;0;557;179;114;80;97350;1.86;0.84;0.35;0.35
2002;4;4;94;11.7;7.7;3;2.3;0.1;-1.3;-1.5;-1.4;0.14;1.4;1.9;0;667;200;137;87;96921;1.6;0.02;0.34;0.35
2002;4;5;95;12;6.9;2.1;3.3;-0.9;-8.5;-0.8;-2.3;0.14;1.4;1.9;0;583;167;116;73;96451;1.74;0.85;0.34;0.35
2002;4;6;96;8.2;3.6;-0.5;-3.5;-6.3;-8.4;-1;-1.1;0.14;1.5;1.9;0;515;164;115;85;97163;1.45;0.27;0.34;0.35
2002;4;7;97;8.6;3.1;-2.5;-4.3;-5.4;-6.8;-0.7;0.2;0.14;1.5;1.9;0;563;190;132;93;97946;1.44;0.06;0.34;0.35
2002;4;8;98;9.3;4.3;-0.8;-2.2;-3.8;-5.8;-1.3;0.2;0.14;1.5;1.9;0;569;176;104;73;97862;1.34;0;0.34;0.35
2002;4;9;99;7.5;4.7;1.1;1.1;-1;-3.3;-0.4;-0.2;0.15;1.5;1.9;0;339;101;62;41;97541;1.1;2.44;0.34;0.35
2002;4;10;100;4.8;3.4;2.6;2;1.3;0.1;-1.1;-1.6;0.15;1.5;1.9;0;190;50;23;16;97257;1.31;3.7;0.34;0.35
2002;4;11;101;9.1;5.9;3.1;5.3;3.7;1.8;-0.5;0.4;0.15;1.6;1.9;0;241;70;31;16;97207;0.66;2.54;0.34;0.35
2002;4;12;102;7;6;5.1;6.2;5.3;4.6;0;-1;0.15;1.6;1.9;0;62;20;13;7;96207;0.45;10.5;0.35;0.35
2002;4;13;103;15.1;9.5;5.3;10;7.5;4.9;-0.4;1.6;0.15;1.6;1.9;0;374;111;94;39;95941;1.39;1.7;0.35;0.35
2002;4;14;104;14.6;9.5;3.9;7.9;6;3.4;0.4;-0.4;0.15;1.6;1.9;0;421;124;73;52;96269;1.25;2.04;0.35;0.35
2002;4;15;105;8.9;7.4;5.2;6.9;5.9;4.3;0.2;-0.8;0.15;1.6;1.9;0;129;40;41;22;96975;0.8;7.3;0.36;0.35
2002;4;16;106;12.2;8.4;4.2;5.7;3.9;2.9;0.4;-0.9;0.15;1.7;1.9;0;392;96;60;38;97248;1.16;0.06;0.36;0.35
2002;4;17;107;13.4;9.6;6.8;6;4.1;2.8;-0.1;-1.7;0.15;1.7;1.9;0;446;124;73;41;97307;1.64;7.31;0.36;0.35
2002;4;18;108;13.4;9.9;6;8;6;3.5;0.8;-1.6;0.15;1.7;1.9;0;375;102;69;39;97539;2.04;4.85;0.37;0.35
2002;4;19;109;15.5;10.7;7.1;8;7;5.6;0.3;-0.8;0.15;1.8;1.9;0;463;130;108;46;97760;1.78;3.23;0.37;0.35
2002;4;20;110;12.5;9.5;6.4;9.1;7.2;4.4;0.3;-1.8;0.15;1.8;1.9;0;291;82;53;34;98118;1.84;7.89;0.37;0.35
2002;4;21;111;17.1;11.6;5.7;9.4;7;3.8;0.2;-2.2;0.15;1.8;1.9;0;496;181;102;70;98714;2.58;4.87;0.37;0.35
2002;4;22;112;18.6;12.5;7.4;8.4;7.2;5.6;0.3;-1.5;0.16;1.8;1.9;0;702;210;126;79;98708;2.47;1.28;0.37;0.35
2002;4;23;113;17.6;12.4;5.7;7.1;5.7;4;0.6;-1.6;0.16;1.9;1.9;0;614;205;112;78;98389;2.52;0.54;0.37;0.35
2002;4;24;114;15.8;11.9;8.6;8.9;6.7;4.9;0.6;-2.1;0.16;1.9;1.9;0;608;191;112;65;97961;2.65;3.4;0.37;0.35
2002;4;25;115;16.4;11.6;5.9;7;4.6;3;0;-0.6;0.16;1.9;1.9;0;530;197;114;84;97906;2.36;0.13;0.37;0.35
2002;4;26;116;19.6;13.8;8;9.4;6.7;4.4;0.8;1.2;0.16;2;1.9;0;574;178;110;65;97122;2.42;0.25;0.37;0.35
2002;4;27;117;11.5;9.7;4.3;9.1;5.6;3.5;1.2;0.5;0.16;2;1.9;0;239;51;82;46;96968;1.05;15.82;0.38;0.35
2002;4;28;118;16;10;1.7;5.5;2.7;0.2;0.8;2.2;0.16;2;1.9;0;711;228;131;87;97236;2.75;0;0.38;0.35
2002;4;29;119;18.4;12.9;5.3;7.2;4.5;-0.3;1.9;1.2;0.16;2.1;1.9;0;656;215;124;85;97000;2.85;0.28;0.37;0.35
2002;4;30;120;16.2;12.5;8.5;7.8;6.1;3.6;0.6;1.7;0.16;2.1;1.9;0;359;112;93;57;97628;1.61;0.04;0.37;0.35
2002;5;1;121;21.4;14.9;7.6;10;7.7;5.7;1;2.6;0.16;2.1;1.9;0;675;241;127;95;97134;3.2;0;0.37;0.35
2002;5;2;122;22.9;16.8;9.1;10.9;8.8;6.3;1.1;2.6;0.16;2.1;1.9;0;723;245;128;96;96966;3.48;0;0.37;0.35
2002;5;3;123;23.5;17.5;10.4;12.2;10.4;8.1;0.2;2.1;0.16;2.2;1.9;0;693;228;122;83;97059;3.3;0;0.36;0.35
2002;5;4;124;22.6;17;11.9;12.3;10.7;9.4;0;2.1;0.16;2.2;1.9;0;560;200;100;72;96971;3.02;0.73;0.36;0.35
2002;5;5;125;18.5;13.8;8.9;10.4;8.1;6;0.2;1.3;0.17;2.2;1.9;0;604;186;118;75;97159;2.74;0.42;0.36;0.35
2002;5;6;126;18.5;13.3;6.7;10.1;7.5;5.8;-0.3;-0.1;0.17;2.3;1.9;0;604;211;114;83;97767;2.83;0.46;0.35;0.35
2002;5;7;127;18.9;14.2;7.1;11.3;9.2;6.4;-0.9;-0.4;0.17;2.3;1.9;0;564;184;100;70;97985;2.53;0.58;0.35;0.35
2002;5;8;128;22.2;15.9;8.6;10.3;8.5;6.8;-2;-0.2;0.17;2.3;1.9;0;700;237;124;84;97631;3.29;0;0.35;0.35
2002;5;9;129;20.2;15.2;10.4;13.2;10.2;7.2;-1;0.6;0.17;2.4;1.9;0;549;168;89;59;97316;2.35;1.23;0.35;0.35
2002;5;10;130;21.7;16.1;11.1;13.4;10.3;7.9;0.7;2.1;0.17;2.4;1.9;0;587;198;113;70;96962;3.23;1.17;0.35;0.35
2002;5;11;131;22.4;16.2;9.1;10.8;9.6;7.5;0.6;1.8;0.17;2.4;1.9;0;707;237;123;91;96816;3.32;0.05;0.34;0.35
2002;5;12;132;21.3;15.8;9.7;13.2;11.1;8.6;-0.1;0;0.17;2.5;1.9;0;627;207;109;78;97111;2.87;3.91;0.34;0.35
2002;5;13;133;19.7;15.2;10.2;13.4;11.9;9.4;0.6;-0.1;0.17;2.5;1.9;0;496;148;94;59;97571;2.36;5.13;0.34;0.35
2002;5;14;134;23;16.7;10.2;13.6;11.7;9.1;1;-0.1;0.17;2.5;1.9;0;670;214;111;70;97777;3.39;3.84;0.34;0.35
2002;5;15;135;21.8;16.5;9.8;11.7;8.8;6.3;0.4;-0.3;0.17;2.5;1.9;0;527;207;117;83;98401;3.37;0.02;0.34;0.35
2002;5;16;136;22.3;17.3;10;12.4;10.4;8.1;-0.1;0.6;0.17;2.6;1.9;0;551;203;103;75;98309;3.11;0;0.34;0.35
2002;5;17;137;26.7;19.6;11.7;14.6;12.1;10.1;1;1.5;0.17;2.6;1.9;0;716;247;123;91;97421;3.9;0.06;0.34;0.35
2002;5;18;138;25.8;19.8;13.4;16.6;13.4;10.4;0;-0.1;0.17;2.6;1.9;0;660;216;115;78;97154;3.44;1.17;0.33;0.35
2002;5;19;139;22;17.4;13.2;14.1;12.5;10.6;-0.1;-1.7;0.17;2.6;1.9;0;559;186;90;58;97450;3.52;9.99;0.33;0.35
2002;5;20;140;17.3;15;12.1;12.3;10.9;10.4;0;-1.5;0.17;2.7;1.9;0;301;91;51;34;97510;2.11;1.77;0.34;0.35
2002;5;21;141;20.4;15.6;9.4;13.4;12;9.4;-0.3;0.9;0.17;2.7;1.9;0;613;196;97;63;97231;2.94;2.28;0.34;0.35
2002;5;22;142;22.1;17.1;11.7;13;12.2;11.4;-0.5;2.2;0.17;2.7;1.9;0;460;156;92;56;97005;2.88;0.31;0.34;0.35
2002;5;23;143;24.5;19.1;13.8;13.1;12;10.9;1.7;3;0.17;2.7;1.9;0;678;229;97;78;96659;3.81;0.01;0.33;0.35
2002;5;24;144;22.8;18.2;13.3;14.7;12.9;11.7;-0.2;-0.5;0.17;2.7;1.9;0;516;155;76;49;96834;2.86;2.83;0.33;0.34
2002;5;25;145;21.1;17.6;15;14.2;12.9;11.9;-0.2;-0.5;0.17;2.8;1.9;0;408;112;56;32;97229;2.09;8.92;0.33;0.34
2002;5;26;146;18;15.5;13.7;13.9;13;12.2;-0.1;-0.6;0.17;2.8;1.9;0;270;75;56;26;96935;1.83;32.8;0.36;0.34
2002;5;27;147;20.6;16.6;13.1;14.1;12.6;10.5;-0.8;1.2;0.17;2.8;1.9;0;556;173;89;57;96654;2.82;0.8;0.36;0.34
2002;5;28;148;15.9;14;11.7;12.9;10.1;6.7;1.2;-1;0.17;2.8;1.9;0;240;91;61;43;96531;2.32;12.63;0.37;0.34
2002;5;29;149;20.6;16.6;12.9;8.5;7.5;6.8;2;-2.6;0.17;2.9;1.9;0;562;199;102;77;97169;3.8;0;0.37;0.34
2002;5;30;150;21.7;17.1;12.5;9;7.1;5.7;0.6;-1.8;0.17;2.9;1.9;0;728;262;130;97;97992;4.51;0;0.37;0.34
2002;5;31;151;21.2;16.8;10.7;12;9;6.7;0.1;-0.1;0.17;2.9;1.9;0;591;198;109;71;98192;3.3;0.01;0.36;0.34
2002;6;1;152;21.5;17.3;11.3;11.5;9.3;8.1;-0.1;-0.5;0.17;2.9;1.9;0;566;202;106;71;98055;3.5;0.06;0.36;0.34
2002;6;2;153;19.8;15.7;10.8;8.9;6.3;4.4;-0.8;-1.2;0.17;2.9;1.9;0;627;213;115;76;97908;3.85;0.09;0.36;0.34
2002;6;3;154;21.8;16.3;8;11.3;8.4;6.5;-0.1;-0.2;0.17;3;1.9;0;677;234;118;85;97401;3.85;0;0.35;0.34
2002;6;4;155;23.4;18.3;10.5;14.1;11.4;9.1;-0.1;0.1;0.17;3;1.9;0;657;235;119;80;97099;3.75;0.03;0.35;0.34
2002;6;5;156;21.2;18.3;13.7;15.7;14.2;12;-0.5;2.6;0.17;3;1.9;0;386;143;63;51;96776;2.33;0.3;0.34;0.34
2002;6;6;157;22.9;18.3;15.1;17.2;15.1;13.8;-1;1.7;0.17;3;1.9;0;493;133;70;39;96331;2.8;13.81;0.34;0.34
2002;6;7;158;17.9;15.3;13.3;14.2;11.9;10.8;1.5;3.2;0.17;3;1.9;0;287;100;62;38;96149;3.29;8.05;0.36;0.34
2002;6;8;159;21.4;17.1;12.4;15.2;13;10.9;0.3;0.4;0.17;3.1;1.9;0;570;190;91;61;96716;3.39;4.16;0.36;0.34
2002;6;9;160;19.3;16.5;13.8;15.1;13.7;12.8;-0.1;-0.2;0.17;3.1;1.9;0;424;140;67;41;96677;2.74;6;0.36;0.34
2002;6;10;161;20;16.2;13.3;13.3;10.5;7.1;1.7;-2.1;0.17;3.1;1.9;0;351;119;92;52;96619;2.77;1.53;0.36;0.34
2002;6;11;162;22.2;17.1;12.3;10.2;7.3;4.9;0.9;-1.8;0.17;3.1;1.9;0;728;255;124;96;97525;4.7;0;0.36;0.34
2002;6;12;163;22.6;17.8;10.5;13.5;10.6;8.6;0.3;0.8;0.17;3.2;1.9;0;684;219;118;75;97976;3.82;0;0.35;0.34
2002;6;13;164;26.6;20.4;11.8;16.2;14;10.7;0.5;1.3;0.17;3.2;1.9;0;696;242;112;81;97796;4.28;0.01;0.35;0.34
2002;6;14;165;28.1;22.1;13.8;18.6;15.9;13.1;0.4;0.1;0.17;3.2;1.9;0;671;240;103;73;97764;4.22;0.13;0.35;0.34
2002;6;15;166;29.8;22.6;15.4;19.5;17.8;14.8;0.5;0.1;0.17;3.2;1.9;0;710;246;101;69;97743;4.51;1.94;0.34;0.34
2002;6;16;167;28.6;22.5;15.7;20.5;17.7;15;0.6;-0.5;0.17;3.2;1.9;0;665;211;97;64;97744;3.88;0.46;0.34;0.34
2002;6;17;168;27.6;22.8;16.8;19;17.5;16.6;-0.4;0.3;0.17;3.2;1.9;0;565;222;91;65;98037;4.07;0.11;0.34;0.34
2002;6;18;169;29;23.9;17.7;18.8;16.9;15.6;-0.7;0.4;0.17;3.3;1.9;0;665;236;100;70;98090;4.4;0;0.33;0.34
2002;6;19;170;29.8;24.6;18.9;18.7;16.4;14.9;-0.3;1.3;0.17;3.3;1.9;0;718;255;111;79;98018;4.72;0;0.33;0.34
2002;6;20;171;30;25.1;19.7;18;16.1;14.9;-0.3;1.5;0.17;3.3;1.9;0;711;268;121;86;97944;4.91;0;0.32;0.34
2002;6;21;172;30.1;25;18.2;20;18.2;16.5;0.3;-0.4;0.17;3.3;1.9;0;683;216;87;62;97909;4.11;0.36;0.32;0.34
2002;6;22;173;29.8;25.4;19.3;20.6;17.6;16.1;0;-0.3;0.17;3.3;1.9;0;650;230;102;69;97986;4.25;0.06;0.32;0.34
2002;6;23;174;32.4;26.2;19.7;21.6;18.1;16.2;0.9;0.3;0.17;3.3;1.9;0;694;237;106;73;97837;4.32;0.33;0.31;0.34
2002;6;24;175;28.7;23.8;18.8;20.1;18.3;15.4;0.1;-1.2;0.17;3.3;1.9;0;663;213;93;63;97691;4.24;6.4;0.31;0.34
2002;6;25;176;22.7;18.5;16.2;14.3;11.5;9;-0.6;-0.9;0.17;3.4;1.9;0;411;128;99;54;98290;3.21;3.58;0.31;0.34
2002;6;26;177;24;19.2;13.2;12.1;9.1;7.3;-0.2;-0.6;0.17;3.4;1.9;0;673;260;136;94;98162;4.39;0;0.31;0.34
2002;6;27;178;26;20.5;13.2;13.3;11.2;9.9;0.3;2;0.17;3.4;1.9;0;723;262;122;90;97510;4.52;0;0.31;0.34
2002;6;28;179;21.9;17.9;15;17.2;14;8.6;0.9;-0.6;0.17;3.4;1.9;0;336;98;63;42;97060;2.68;16.86;0.31;0.34
2002;6;29;180;20.4;16.5;12.1;10.2;7.4;5.6;1.3;-0.9;0.17;3.4;1.9;0;626;232;119;87;97802;4.27;0.32;0.32;0.34
2002;6;30;181;21.8;17;11.9;10.8;9.1;7.9;0.1;1.2;0.17;3.4;1.9;0;556;197;101;76;97803;3.48;0;0.31;0.34
2002;7;1;182;25.4;19.5;11.8;13;11.8;9.3;0.1;2;0.17;3.4;1.9;0;728;260;120;93;97357;4.44;0.01;0.31;0.34
2002;7;2;183;27.1;21.6;15;15.1;13.1;10.1;2;2.6;0.17;3.5;1.9;0;634;232;96;79;96952;4.46;0.04;0.31;0.34
2002;7;3;184;28.3;22.5;16.3;17.9;16.2;14.4;0.1;1.6;0.17;3.5;1.9;0;634;205;84;62;96936;3.86;0.43;0.3;0.34
2002;7;4;185;20.4;17.9;13.7;17.4;12.6;8;1.2;-1.1;0.17;3.5;1.9;0;294;97;105;53;97253;2.76;11.47;0.31;0.34
2002;7;5;186;22.6;17.8;11.3;11.3;9.5;7.5;0.2;1;0.17;3.5;1.9;0;630;224;114;81;97831;3.91;0;0.31;0.34
2002;7;6;187;26.2;20.4;13.4;15.9;13;10.4;0.4;1.2;0.17;3.5;1.9;0;672;233;101;73;97324;4.09;1.04;0.3;0.34
2002;7;7;188;24.5;19.7;16;14.9;13.8;12.1;0.4;-1.2;0.17;3.5;1.9;0;612;161;93;58;97599;3.44;4.41;0.31;0.34
2002;7;8;189;27.2;21.5;12.7;17.3;12.9;11.7;0.2;-0.1;0.17;3.5;1.9;0;722;267;126;89;97715;4.64;0;0.3;0.34
2002;7;9;190;29;23.1;14.7;17.2;15.1;12.8;-0.2;1.4;0.17;3.6;1.9;0;664;252;108;80;97341;4.53;0;0.3;0.34
2002;7;10;191;30;24.6;18.2;18.9;17;15.4;0.1;1.2;0.17;3.6;1.9;0;647;238;100;74;97026;4.38;0.04;0.3;0.34
2002;7;11;192;27.4;22.7;18;14.5;13.2;12.1;-0.6;-1.7;0.17;3.6;1.9;0;671;215;100;74;97665;4.2;0;0.29;0.34
2002;7;12;193;26.6;22;16.1;15.6;12.6;10.9;-0.8;-1.3;0.17;3.6;1.9;0;598;215;99;72;97793;3.99;0.55;0.29;0.34
2002;7;13;194;27.1;21.6;17.5;18.7;16.9;13.9;-0.5;-0.4;0.17;3.6;1.9;0;599;183;81;53;97282;3.49;6.29;0.29;0.34
2002;7;14;195;27.6;22.2;16;17.4;16;14.6;-0.5;-1.4;0.17;3.6;1.9;0;598;184;93;54;97401;3.69;2.2;0.29;0.34
2002;7;15;196;26.6;22;17.7;18.9;17.3;15.9;-0.2;-0.6;0.17;3.6;1.9;0;561;181;80;44;97307;3.89;22.03;0.29;0.34
2002;7;16;197;25.7;21.7;18;19.3;18;16.6;0.4;0.4;0.17;3.6;1.9;0;498;160;82;47;96852;3.46;9.57;0.31;0.34
2002;7;17;198;24.9;20.5;16.2;17.1;16.1;14.9;0.6;0.7;0.17;3.6;1.9;0;591;186;78;61;96692;3.74;3.65;0.31;0.34
2002;7;18;199;24.2;20.2;16.1;16.1;13.4;10.6;1.1;-1.7;0.17;3.6;1.9;0;485;158;78;55;96967;3.61;0.27;0.31;0.34
2002;7;19;200;23.6;19.8;15.6;15.8;12;10.5;0;-0.4;0.17;3.6;1.9;0;593;170;90;59;97387;3.42;0.12;0.31;0.33
2002;7;20;201;25.6;21;14.8;16;13.3;10.9;0.2;0.1;0.17;3.6;1.9;0;611;212;101;73;97578;3.95;0.05;0.3;0.33
2002;7;21;202;29.7;22;14.4;20;16.5;13.8;0.6;0.3;0.17;3.6;1.9;0;712;246;111;67;97357;4.66;5.51;0.3;0.33
2002;7;22;203;23.6;18.4;13.8;17.7;15;12.7;0.8;-0.4;0.17;3.6;1.9;0;505;139;87;63;97500;3.05;6.45;0.3;0.33
2002;7;23;204;24.2;19.2;12.6;15.2;13.1;11.6;0.5;1.2;0.17;3.6;1.9;0;598;211;93;75;97499;3.98;0.27;0.3;0.33
2002;7;24;205;25.4;19.7;14.2;16.6;14.7;13.1;0.5;-0.2;0.17;3.6;1.9;0;530;173;82;57;97143;3.36;5.86;0.3;0.33
2002;7;25;206;22.7;18.4;13.6;13.6;11;7.3;0.5;-1.9;0.17;3.6;1.9;0;610;212;103;76;97227;4.31;0.07;0.3;0.33
2002;7;26;207;21.7;17.7;12.8;11.9;10.7;9.8;0.1;-1.9;0.17;3.6;1.9;0;622;211;103;76;97600;3.7;0.21;0.3;0.33
2002;7;27;208;24;19.5;14.5;12;10.2;9;-0.6;-2.4;0.17;3.6;1.9;0;609;214;102;78;97858;4.28;0.19;0.3;0.33
2002;7;28;209;26.5;21.3;16.3;16.8;14.2;10;-0.4;-1.4;0.17;3.6;1.9;0;583;178;95;58;97919;3.49;0.64;0.29;0.33
2002;7;29;210;27.8;22;17.5;18.5;16.9;14.5;0.4;-1.3;0.17;3.6;1.9;0;592;182;82;53;97617;3.79;11.7;0.29;0.33
2002;7;30;211;28.4;22.8;16.4;19.3;17.1;15.4;0.4;-0.3;0.17;3.6;1.9;0;642;208;96;65;97035;4.05;1.14;0.3;0.33
2002;7;31;212;23.4;21;18.5;19.5;18.4;16.8;-0.1;0.1;0.17;3.6;1.9;0;395;130;61;48;96776;2.58;6.05;0.3;0.33
2002;8;1;213;26.4;21.5;16.3;19.5;17.7;16.2;0.5;0.3;0.17;3.6;1.9;0;531;161;77;48;96888;3.11;0.63;0.3;0.33
2002;8;2;214;25.3;21.3;16.2;18;16.4;15.4;0.1;-0.4;0.17;3.6;1.9;0;527;171;82;56;97296;3.31;0.99;0.3;0.33
2002;8;3;215;28;22.6;17;18.6;17;15.9;0.3;0.4;0.17;3.6;1.9;0;563;201;90;60;97382;3.83;0.49;0.3;0.33
2002;8;4;216;25.5;21.2;17.2;18.6;17.5;16;0.4;-0.2;0.17;3.6;1.9;0;418;142;68;48;97108;2.79;8.09;0.29;0.33
2002;8;5;217;25.7;21.3;16.3;17.2;15.7;13.8;0.7;0;0.17;3.6;1.9;0;569;178;85;54;97207;3.55;3.14;0.3;0.33
2002;8;6;218;19.3;17.8;16.3;16.9;16.4;15.4;0.4;-0.4;0.17;3.6;1.9;0;277;71;41;27;96980;1.7;32.38;0.31;0.33
2002;8;7;219;21.4;18.6;16.3;16.3;12.8;10.3;1.8;-2.3;0.17;3.5;1.9;0;435;126;69;36;96597;3.51;8.3;0.33;0.33
2002;8;8;220;22.8;19.4;16.4;15.2;13;10.4;0.9;-1.2;0.17;3.5;1.9;0;369;138;82;47;96972;3.15;2.25;0.33;0.33
2002;8;9;221;23.8;18.7;14.1;16.5;14.7;12.8;0;0.9;0.17;3.5;1.9;0;585;187;89;66;96736;3.24;4.08;0.33;0.33
2002;8;10;222;23.4;18.9;14.4;15.7;14.4;13;0;1.9;0.17;3.5;1.9;0;477;158;76;57;96445;3.21;0.36;0.33;0.33
2002;8;11;223;19.5;17.2;15.4;17.9;16;14.3;-1.2;0.1;0.17;3.5;1.9;0;144;39;52;22;95987;1.23;31.08;0.34;0.33
2002;8;12;224;18.6;16.3;15;15.7;12.7;9.2;2.2;1.4;0.17;3.5;1.9;0;285;63;49;28;96091;2.74;29.13;0.37;0.33
2002;8;13;225;23.1;18.4;14.5;12.8;10.6;9.4;2.8;-0.6;0.17;3.5;1.9;0;370;137;102;53;97016;4.02;1.56;0.38;0.33
2002;8;14;226;23.4;18.8;14.5;12.6;11.2;9.6;1.7;-1.1;0.17;3.5;1.9;0;513;164;85;65;97518;3.48;0;0.37;0.33
2002;8;15;227;23.8;19.3;14.5;14.8;12.9;10.8;1.2;-1.5;0.17;3.5;1.9;0;472;156;80;57;97471;3.22;0.09;0.37;0.33
2002;8;16;228;25.1;20.4;15.5;16.3;14.7;12.6;0.7;-1.9;0.17;3.5;1.9;0;631;192;94;62;97458;3.72;0.28;0.37;0.33
2002;8;17;229;25.5;21.1;16.6;16;14.8;13.4;0.2;-2;0.17;3.5;1.9;0;603;194;97;67;97418;3.9;0.06;0.36;0.33
2002;8;18;230;25.8;21;16.1;16.9;15.5;13.9;-0.2;-1.2;0.16;3.4;1.9;0;638;207;98;69;97489;3.83;0.12;0.36;0.33
2002;8;19;231;25.9;20.1;15.6;18.1;15.9;14;0.2;-0.8;0.16;3.4;1.9;0;600;189;98;68;97769;3.44;1.01;0.35;0.33
2002;8;20;232;25;20;14.3;17.4;14.8;13.5;-0.4;0;0.16;3.4;1.9;0;613;187;100;67;97737;3.39;0.09;0.35;0.33
2002;8;21;233;21.4;17.9;15.1;17.3;15.8;14.3;-0.2;-0.3;0.16;3.4;1.9;0;441;120;71;47;97459;2.19;13.39;0.35;0.33
2002;8;22;234;20.1;16.8;14.5;15.4;14.7;13.8;0.5;-0.9;0.16;3.4;1.9;0;316;76;70;36;97532;1.61;16.92;0.37;0.33
2002;8;23;235;23.2;19.5;14.6;16.9;15.5;13.5;0.2;0.2;0.16;3.3;1.9;0;546;170;81;51;97714;2.98;0.36;0.37;0.33
2002;8;24;236;24.5;20.4;14.6;18.3;16.3;14.6;-0.2;0.4;0.16;3.3;1.9;0;545;174;95;56;97871;3.05;0.36;0.37;0.33
2002;8;25;237;25.3;20.9;15.1;17.9;16.3;14.3;-0.3;0.2;0.16;3.3;1.9;0;502;174;89;63;98011;3;0.17;0.37;0.33
2002;8;26;238;25.4;20.6;15.9;17.7;16.4;15;0;0.1;0.16;3.3;1.9;0;566;161;83;54;97842;2.9;1.65;0.37;0.33
2002;8;27;239;21.6;18.6;14.9;17.6;16.4;14.3;0.2;0.4;0.16;3.2;1.9;0;339;96;61;39;97503;1.89;5.22;0.37;0.33
2002;8;28;240;22.6;18.3;13.8;18.1;16.1;13.6;-0.2;-0.4;0.16;3.2;1.9;0;463;141;81;44;97363;2.53;2.09;0.37;0.33
2002;8;29;241;22;18.7;16.4;16.4;15.5;14.4;-0.1;-1.7;0.16;3.2;1.9;0;360;107;54;39;97434;2.63;3.6;0.37;0.33
2002;8;30;242;24.8;19.7;14.6;16.7;15.1;13;0.4;-1.1;0.16;3.2;1.9;0;592;175;96;66;97743;3.2;0.48;0.37;0.33
2002;8;31;243;25;19.8;14.2;16.8;14.8;13.2;0.2;-0.9;0.16;3.1;1.9;0;555;173;95;64;97652;3.13;0.32;0.36;0.33
2002;9;1;244;23;19.2;15.7;15.5;14.3;13.4;-0.3;-1.6;0.16;3.1;1.9;0;532;144;85;58;97810;2.63;0.56;0.36;0.33
2002;9;2;245;21.7;18.1;15.3;13.8;11.2;8.6;-0.6;-2.4;0.16;3.1;1.9;0;522;172;103;71;98273;3.32;0.03;0.36;0.33
2002;9;3;246;22.4;18;12.9;15.6;12.4;8.9;0;-0.4;0.16;3.1;1.9;0;529;164;94;61;98064;2.79;0.43;0.35;0.33
2002;9;4;247;23.1;18.4;12.5;16.2;14.5;12.1;-0.1;0.4;0.16;3.1;1.9;0;555;158;94;61;97642;2.59;1.25;0.35;0.33
2002;9;5;248;23.1;18.5;12.9;16.5;14.6;12.7;0.3;0.1;0.16;3;1.9;0;492;150;87;58;97372;2.52;2.14;0.35;0.33
2002;9;6;249;21.9;17.7;13.3;14.6;13.2;12;0;-0.7;0.16;3;1.9;0;463;138;87;59;97506;2.44;0.55;0.35;0.33
2002;9;7;250;22.7;17.7;12.1;13.4;11.7;10.6;0.2;-0.8;0.16;3;1.9;0;548;164;98;71;97479;2.73;0.04;0.35;0.33
2002;9;8;251;24;18.3;12.1;15.9;13.3;10.8;0.5;0.1;0.16;3;1.9;0;580;165;104;66;97460;2.66;0.08;0.34;0.33
2002;9;9;252;23.9;18.4;12.4;17.1;15.1;12.1;0;0.9;0.15;2.9;1.9;0;563;161;97;62;97472;2.54;2.56;0.34;0.33
2002;9;10;253;22.1;17.6;13;16.5;14.7;10.9;0.4;-1;0.15;2.9;1.9;0;460;121;72;51;97404;2.54;14.47;0.34;0.33
2002;9;11;254;21.9;17.4;14;11.8;10.8;9.7;0.5;-2;0.15;2.9;1.9;0;554;158;101;64;97758;3.06;0.2;0.35;0.33
2002;9;12;255;17.9;14.9;10.8;10.8;5.5;2.1;-1.3;-2.8;0.15;2.9;1.9;0;551;181;128;93;97937;3.33;0.01;0.35;0.33
2002;9;13;256;17.1;13.3;8.2;9;5.4;2;-0.2;-1;0.15;2.9;1.9;0;553;161;112;76;97971;2.46;0;0.35;0.33
2002;9;14;257;18.5;14;9.7;9.1;7.3;5.4;0.8;-0.2;0.15;2.8;1.9;0;449;140;104;74;97584;2.1;0.01;0.34;0.33
2002;9;15;258;16.3;12.9;9.7;9.3;6.2;4.9;1.7;-1.5;0.15;2.8;1.9;0;502;135;105;71;97251;2.24;0.13;0.34;0.33
2002;9;16;259;16.9;12.6;8;7.7;5.7;4.4;0.7;-0.6;0.15;2.8;1.9;0;545;163;112;78;97526;2.33;0.21;0.34;0.33
2002;9;17;260;18.9;13.6;8.3;9;7.4;5.8;0.1;0.1;0.15;2.7;1.9;0;554;159;116;76;97499;2.24;0;0.34;0.33
2002;9;18;261;21.3;14.7;7.4;11.2;8.9;6.4;0.5;0;0.15;2.7;1.9;0;557;171;128;84;97476;2.37;0;0.34;0.33
2002;9;19;262;20.9;15.1;7.9;13.5;11;7;-0.1;-0.5;0.15;2.6;1.9;0;431;131;89;62;97525;1.75;1.34;0.33;0.33
2002;9;20;263;21.2;16.1;12.2;15.4;13.7;11.2;0.4;-0.3;0.15;2.6;1.9;0;373;104;63;46;97495;1.58;2.96;0.33;0.33
2002;9;21;264;18;15;12.4;12.5;11.4;9.4;-0.4;0.3;0.15;2.6;1.9;0;440;99;75;40;97378;1.67;3.31;0.33;0.33
2002;9;22;265;13.5;12.6;11.1;12.1;10.8;9.8;-0.6;-0.5;0.15;2.5;1.9;0;139;35;36;22;96662;0.89;4.19;0.34;0.33
2002;9;23;266;12.3;11;10.1;10.4;9.7;9;-0.5;-1.6;0.15;2.5;1.9;0;107;29;31;22;96361;1.15;17.07;0.34;0.33
2002;9;24;267;10.3;9.3;8.5;9.4;7.7;6.2;-0.9;-1.9;0.15;2.4;1.9;0;49;15;13;10;96609;1.23;23.76;0.37;0.33
2002;9;25;268;10.4;8.6;5.4;7.7;5.9;2.5;-0.2;-0.8;0.15;2.4;1.9;0;145;38;71;28;96998;1;5.2;0.38;0.33
2002;9;26;269;13.9;9.1;2.3;6.5;3.3;0.3;0.6;-0.8;0.15;2.4;1.9;0;466;112;98;55;97215;1.51;0;0.38;0.33
2002;9;27;270;15;10.9;6.8;6.5;5.4;3.8;1.2;-1;0.15;2.3;1.9;0;432;107;87;58;97559;1.52;0.58;0.38;0.33
2002;9;28;271;12.4;8.9;4.3;4.5;2.7;1.3;0.3;-2.5;0.15;2.3;1.9;0;436;118;92;66;98262;1.61;0.07;0.37;0.33
2002;9;29;272;14.5;10.3;7;4;3;2.2;-0.5;-2.5;0.15;2.2;1.9;0;497;132;104;75;98648;1.82;0.03;0.37;0.33
2002;9;30;273;15.5;9.7;4;5.9;4.1;1.6;0.1;-1;0.15;2.2;1.9;0;540;154;127;90;98589;1.73;0;0.37;0.33
2002;10;1;274;16.6;10.3;3.6;8.1;5.4;2.9;0.2;-0.4;0.15;2.2;1.9;0;520;149;123;83;98386;1.65;0;0.37;0.33
2002;10;2;275;16.9;10.7;3.9;8.6;6.6;3.4;0.3;0.5;0.14;2.1;1.9;0;476;131;101;71;98409;1.48;0;0.37;0.33
2002;10;3;276;16.7;11;5.2;10.7;8.4;5.1;0.7;0.4;0.14;2.1;1.9;0;414;110;90;63;98172;1.09;0;0.36;0.33
2002;10;4;277;18.2;12.4;6;12.5;9.6;5.4;0.3;-0.3;0.14;2;1.9;0;290;82;73;42;97939;0.96;4.67;0.36;0.33
2002;10;5;278;16.3;12;8.1;10.6;7.8;4.7;0.5;0.2;0.14;2;1.9;0;457;114;96;65;97927;1.53;0.67;0.37;0.33
2002;10;6;279;14.5;10.4;7;8.7;7.1;5.6;0;0.5;0.14;2;1.9;0;332;82;67;48;96986;0.94;0.3;0.36;0.34
2002;10;7;280;12.6;9;5.1;6.8;1.7;-2.6;0.1;-1.4;0.14;1.9;1.9;0;500;136;121;82;97261;1.66;0;0.36;0.34
2002;10;8;281;13.9;8.6;4.8;5.1;3.3;0.5;-0.1;0.8;0.14;1.9;1.9;0;475;128;120;77;97280;1.32;0.09;0.36;0.34
2002;10;9;282;9.6;7.6;5.4;5.7;4.4;3.6;-0.9;0.1;0.14;1.8;1.9;0;163;38;61;25;97520;0.43;0.05;0.36;0.34
2002;10;10;283;12.2;9.6;7.5;9;7.4;5.6;-0.6;-0.5;0.14;1.8;1.9;0;203;48;31;15;97146;0.56;5.42;0.36;0.34
2002;10;11;284;11.2;10.1;9;10.4;9.4;8.2;-0.4;-1.3;0.14;1.8;1.9;0;83;19;9;7;96900;0.58;10;0.36;0.34
2002;10;12;285;8.9;8;6.3;8;6.8;5.1;-0.6;-0.6;0.14;1.7;1.9;0;33;8;27;13;96686;0.5;26.15;0.38;0.34
2002;10;13;286;10.7;7.1;4.4;5.7;4.7;3.4;-0.8;0.6;0.14;1.7;1.9;0;277;70;76;44;97207;0.83;0.45;0.39;0.34
2002;10;14;287;13.5;8.5;4.2;6.9;5.6;3.6;-0.4;1.3;0.14;1.6;1.9;0;438;117;107;67;97539;0.95;0.02;0.39;0.34
2002;10;15;288;17.5;11.5;6.9;10.7;8.4;5.7;-0.2;0.6;0.14;1.6;1.9;0;435;117;103;64;97463;1;0.01;0.39;0.34
2002;10;16;289;20.3;13.8;8;12;9.8;7.6;1.6;1.8;0.14;1.6;1.9;0;393;107;101;70;96925;1.11;0;0.39;0.34
2002;10;17;290;19.5;16.3;13.1;12.9;11.9;10.7;1.4;3.2;0.14;1.6;1.9;0;291;80;80;61;96273;1.07;8.52;0.38;0.34
2002;10;18;291;13.9;10;6.8;11.4;5.8;2.9;0.7;-0.3;0.14;1.6;1.9;0;275;75;102;50;96795;1.77;17.36;0.4;0.34
2002;10;19;292;13.3;8.4;4.2;5.8;3.8;1.5;0.4;-0.8;0.14;1.5;1.9;0;439;102;111;72;97524;1.17;2.19;0.4;0.34
2002;10;20;293;11.5;7.1;3;5;3.7;2.1;0.4;1.2;0.13;1.5;1.9;0;297;76;94;62;97908;0.66;0.01;0.4;0.34
2002;10;21;294;16.6;10.2;2.9;8.1;5.9;2.6;1.6;1.6;0.13;1.5;1.9;0;405;100;93;66;97085;0.98;0;0.4;0.34
2002;10;22;295;17.9;12.6;8.8;13.2;10.2;6.9;1.2;1.3;0.13;1.5;1.9;0;259;52;64;43;96253;0.44;0.13;0.39;0.34
2002;10;23;296;19.2;13;8.6;10.1;8.9;4.4;1.7;0.8;0.13;1.5;1.9;0;404;98;103;59;96285;1.23;0.39;0.39;0.34
2002;10;24;297;13.3;9.4;5.7;7;4.1;1;0.9;0.5;0.13;1.5;1.9;0;376;75;114;64;97359;1.13;2.27;0.39;0.34
2002;10;25;298;14.7;9.6;4.9;7.9;5.4;3.1;0.3;2.1;0.13;1.5;1.9;0;397;95;106;56;97347;1;0.85;0.39;0.35
2002;10;26;299;18.2;12;6.4;10.2;8.4;6;1.1;0.2;0.13;1.4;1.9;0;436;105;110;79;97383;1.02;0.04;0.39;0.35
2002;10;27;300;15.7;10.3;3.8;10.5;7.7;3.5;1.4;1.4;0.13;1.4;1.9;0;304;65;90;58;97650;0.57;0.15;0.38;0.35
2002;10;28;301;12.3;9.4;5.2;7.6;0.6;-1.5;2.6;-0.8;0.13;1.4;1.9;0;407;99;114;87;98190;1.18;0;0.38;0.35
2002;10;29;302;12.8;7.1;1.1;2.8;1;-1.1;0.5;0.5;0.13;1.4;1.9;0;410;104;125;84;98367;0.85;0;0.38;0.35
2002;10;30;303;14.8;8.4;3.6;8.9;5.4;2;0.5;0.5;0.13;1.4;1.9;0;279;67;83;49;97478;0.57;0.32;0.38;0.35
2002;10;31;304;8.6;7.8;7.2;7;6.1;5;-1.1;0.2;0.13;1.4;1.9;0;96;22;18;10;97915;0.62;2.14;0.38;0.35
2002;11;1;305;13.8;9.5;6.5;8.9;7.7;6.4;-0.4;0.4;0.12;1.4;1.9;0;315;67;86;43;98001;0.62;0.04;0.38;0.35
2002;11;2;306;13.8;8.8;4.5;9.7;6.9;4.4;1.3;-0.1;0.12;1.4;1.9;0;221;52;67;44;97315;0.43;0.75;0.38;0.35
2002;11;3;307;8.8;7.5;6.3;6.4;4.8;3.1;-1.2;0.1;0.12;1.3;1.9;0;209;47;52;24;97186;0.64;3.03;0.38;0.35
2002;11;4;308;8.8;6.7;5.1;6.7;5.9;4.9;-0.5;0;0.12;1.3;1.9;0;149;31;49;26;96967;0.51;4.93;0.38;0.35
2002;11;5;309;6.1;3.7;0.4;4.6;-0.8;-6;-1.2;-1.6;0.12;1.3;1.9;0;291;57;95;53;97787;0.88;2.44;0.38;0.35
2002;11;6;310;2.8;0.2;-2.3;-4;-5.5;-6.5;-1.2;-0.6;0.12;1.3;1.9;0;303;78;101;75;98302;0.49;0.04;0.38;0.35
2002;11;7;311;3.8;0.8;-1;-2.4;-3.4;-4.5;-0.2;0.2;0.12;1.3;1.9;0.03;282;62;75;54;97226;0.39;0.03;0.38;0.35
2002;11;8;312;6.7;2.1;-1.3;0.3;-1.7;-3.3;0.4;0.4;0.12;1.3;1.9;0.01;304;61;89;51;97325;0.38;0;0.38;0.35
2002;11;9;313;6.5;2.2;-1.6;0.6;-0.9;-3.3;0.8;1.4;0.12;1.3;1.9;0;273;64;75;54;96326;0.35;0.53;0.38;0.35
2002;11;10;314;8.6;3.5;-0.2;0.3;-2;-3.6;0.9;-0.5;0.12;1.2;1.9;0;336;75;104;76;96879;0.66;0.01;0.38;0.35
2002;11;11;315;11;4.9;0;4.2;2;-1.8;1.3;1.2;0.12;1.2;1.9;0;249;49;82;46;96651;0.33;0.32;0.38;0.35
2002;11;12;316;12.9;6.1;-0.9;6.1;3.1;-1.9;0.4;1.2;0.12;1.2;1.9;0;356;84;115;68;97509;0.55;0;0.37;0.35
2002;11;13;317;13.6;7.8;1.7;7.5;5.3;1.2;0.9;1.6;0.11;1.2;1.9;0;329;69;96;66;96799;0.32;0.01;0.37;0.35
2002;11;14;318;16.3;12.4;8.1;10.6;9.1;7;0.3;3.5;0.11;1.2;1.9;0;294;58;82;56;96162;0.51;0.02;0.37;0.35
2002;11;15;319;18.9;14.7;11.6;11.5;10.4;9.4;-0.4;3.7;0.11;1.2;1.9;0;308;65;90;69;96138;0.64;0;0.37;0.35
2002;11;16;320;19.7;16;13.2;11.9;10.6;9.6;-0.1;4.4;0.11;1.2;1.9;0;322;72;105;70;96442;1.3;2.01;0.37;0.35
2002;11;17;321;16.9;13.2;9.7;10.9;8.1;6.9;1.1;2.1;0.11;1.2;1.9;0;342;73;113;78;97238;0.77;0.99;0.37;0.35
2002;11;18;322;12.5;10.3;8.9;10.9;9.2;7.5;0.1;-0.7;0.11;1.2;1.9;0;74;17;33;16;97340;0.3;6.98;0.37;0.35
2002;11;19;323;14.2;10.5;7.8;9.4;6.8;4.3;0.8;2.4;0.11;1.2;1.9;0;297;65;112;58;96735;0.75;0.34;0.38;0.35
2002;11;20;324;11.1;7.1;3.1;6;4.7;2.6;-0.1;-0.1;0.11;1.2;1.9;0;259;51;89;61;97380;0.3;0.02;0.37;0.35
2002;11;21;325;14.6;8.2;2.3;8.2;5.5;1.9;0.6;2;0.11;1.2;1.9;0;291;66;92;63;96792;0.46;0.56;0.37;0.35
2002;11;22;326;11.1;9;6.9;10.1;7.7;5.3;-0.1;0.7;0.11;1.2;1.9;0;90;17;45;19;96101;0.42;8.59;0.37;0.35
2002;11;23;327;12.1;7.2;3.7;6.3;4.6;2.2;0.7;0.8;0.11;1.2;1.9;0;261;60;115;65;97085;0.47;0.15;0.38;0.35
2002;11;24;328;13.5;7.3;2;7.9;5;1.5;0.3;1.6;0.11;1.2;1.9;0;262;61;97;65;97418;0.3;0;0.38;0.36
2002;11;25;329;13.6;8.8;5;9.4;7;4.1;0;1.3;0.11;1.2;1.9;0;225;48;76;47;97194;0.22;0;0.38;0.36
2002;11;26;330;13.8;9.7;6.8;11.8;8.9;6.4;-0.1;0.5;0.11;1.2;1.9;0;172;40;63;30;97297;0.27;0.65;0.38;0.36
2002;11;27;331;9.9;8.2;7.2;8.5;7.8;7.1;-0.5;0.2;0.11;1.2;1.9;0;126;26;41;15;97674;0.25;0.28;0.38;0.36
2002;11;28;332;9.8;7.3;5.8;7.9;6.9;5.8;-0.6;0.6;0.11;1.2;1.9;0;154;32;60;26;97701;0.2;0.37;0.38;0.36
2002;11;29;333;11.7;8.1;5.7;9;7.2;5.6;-0.6;0.5;0.11;1.2;1.9;0;185;36;44;16;97310;0.36;11.73;0.38;0.36
2002;11;30;334;10.2;7.2;2.3;7.1;4.9;1.8;0.2;-0.2;0.11;1.2;1.9;0;196;37;75;39;97535;0.48;0.41;0.39;0.36
2002;12;1;335;8.2;4;0.1;4;2.4;-0.1;0;-0.2;0.11;1.2;1.9;0;221;44;77;43;97614;0.25;0.08;0.39;0.36
2002;12;2;336;5.8;4.1;1.3;4.4;3.4;1.1;-1.1;-0.7;0.11;1.2;1.9;0.06;70;13;20;11;96704;0.38;6.25;0.38;0.36
2002;12;3;337;5.5;3.8;1.4;3.8;2.8;1.1;-0.1;-1.6;0.15;1.2;1.9;2.55;61;12;15;8;96775;0.33;9.44;0.39;0.36
2002;12;4;338;6.7;6;5.3;5.8;5.1;4.2;-0.8;-2.1;0.13;1.2;1.9;1.71;36;7;13;6;97090;0.41;13.87;0.4;0.36
2002;12;5;339;6.6;5.8;5.1;5.2;4.5;3.9;-1.1;-2.1;0.12;1.2;1.9;0.7;47;9;13;8;97148;0.78;21.61;0.42;0.36
2002;12;6;340;5;4.1;3.4;3.6;2.7;2.1;-1;-1.3;0.11;1.2;1.9;0.32;41;8;13;8;97653;0.72;17.17;0.43;0.36
2002;12;7;341;3.2;1.5;0.2;1.9;0.6;-1.4;-1.1;-1.3;0.12;1.2;1.9;1.46;39;9;17;11;97996;0.53;10.08;0.43;0.37
2002;12;8;342;-0.1;-1.3;-2.3;-2;-6.5;-9.2;-1.6;-1.6;0.2;1.2;1.9;5.94;116;22;54;36;98488;0.46;1.08;0.42;0.37
2002;12;9;343;-2.6;-3.9;-4.9;-6.6;-8.8;-11;-2.1;-0.6;0.21;1.2;1.9;6.46;123;22;56;36;98788;0.3;0.78;0.41;0.37
2002;12;10;344;-4.8;-5.6;-6.3;-9.7;-11.8;-12.6;-1.2;0.9;0.21;1.2;1.9;6.85;137;31;58;37;98881;0.15;0.12;0.41;0.38
2002;12;11;345;-3.6;-5.2;-6.8;-9.4;-10.3;-12.1;-1;0.5;0.21;1.2;1.9;6.83;153;33;53;34;98805;0.1;0.14;0.41;0.38
2002;12;12;346;-2.2;-3.9;-5.2;-6.9;-7.9;-9.6;-1;1;0.21;1.2;1.9;6.93;134;26;46;24;98744;0.1;0.14;0.4;0.38
2002;12;13;347;-1.4;-3.2;-5.1;-4.6;-5.8;-7.4;-0.6;-0.2;0.21;1.2;1.9;7.08;100;21;31;19;98491;0.11;0.67;0.4;0.38
2002;12;14;348;0.3;-2.2;-3.5;-3.5;-4.5;-5.2;-0.7;0.5;0.22;1.2;1.9;7.74;199;45;77;35;98440;0.09;0.7;0.4;0.38
2002;12;15;349;-1.3;-2.2;-2.8;-2.8;-3.6;-4.4;-1.2;0.5;0.23;1.2;1.9;8.58;53;12;19;11;98179;0.07;3.39;0.39;0.38
2002;12;16;350;1.1;-1.8;-3.1;-2.3;-3.5;-4.3;-0.6;0.4;0.27;1.2;1.9;10.78;202;38;86;32;98033;0.11;0.28;0.39;0.38
2002;12;17;351;1.6;-1;-2.8;-0.7;-2.2;-3.7;-0.5;0.4;0.27;1.2;1.9;10.83;186;37;82;34;97751;0.1;0.94;0.39;0.38
2002;12;18;352;4;0.4;-1.5;0.2;-1.7;-4;-0.5;-0.3;0.26;1.2;1.9;10.13;177;37;86;38;98130;0.08;0.15;0.39;0.38
2002;12;19;353;3.6;-0.5;-4.2;-3.3;-4.9;-6.3;-0.2;-0.2;0.24;1.2;1.9;9.1;188;39;107;52;98807;0.2;0;0.39;0.38
2002;12;20;354;1.1;-1.9;-3.7;-3.4;-4.7;-5.9;-0.2;1.1;0.23;1.1;1.9;8.55;228;49;107;57;98343;0.16;0;0.39;0.38
2002;12;21;355;3.8;-0.3;-2.8;-1.2;-3;-4.8;0.8;0.4;0.22;1.1;1.9;8.08;168;32;71;27;97706;0.09;0.14;0.39;0.38
2002;12;22;356;4.1;0.7;-1.9;1.2;-0.7;-3;0;0;0.21;1.1;1.9;7.2;187;40;73;30;97629;0.06;1.91;0.39;0.38
2002;12;23;357;6.4;1.2;-0.9;4.2;0.1;-1.8;0.1;0.3;0.19;1.1;1.9;6.18;159;26;48;23;97395;0.06;0.83;0.39;0.39
2002;12;24;358;-0.4;-1.7;-3.6;-2.1;-4.2;-7.4;-1.6;-0.1;0.19;1.1;1.9;6.4;67;14;19;10;98022;0.34;1.87;0.39;0.39
2002;12;25;359;-2.4;-3.5;-4.2;-7.2;-8.2;-9.3;-1.1;0.1;0.21;1.1;1.9;7.37;95;20;28;15;98262;0.21;0.21;0.39;0.39
2002;12;26;360;-0.2;-2.6;-4;-4;-5.4;-7.1;-0.8;1.2;0.21;1.1;1.9;7.45;173;34;70;30;98022;0.12;0.04;0.39;0.39
2002;12;27;361;5.7;0.6;-3.4;2.5;-1.3;-5.3;0.1;1.2;0.2;1.1;1.9;6.7;232;45;82;46;97038;-0.06;0;0.39;0.39
2002;12;28;362;6.2;2.6;0.1;5.1;2;-0.5;1.1;0.6;0.18;1.1;1.9;5.22;111;22;36;18;96211;-0.15;2.35;0.39;0.39
2002;12;29;363;9.4;3.4;-0.8;5.4;2.1;-1.3;0.5;0.3;0.16;1.1;1.9;3.89;250;52;96;42;96699;0.14;0.27;0.39;0.39
2002;12;30;364;9.5;3.8;0.3;5.5;2.2;-0.4;1.8;0.7;0.14;1.1;1.9;2.8;199;39;64;38;96373;0.08;0;0.39;0.39
2002;12;31;365;6.9;2.9;-1.5;6.1;1.6;-6.3;-0.1;-0.6;0.13;1.1;1.9;2.01;86;16;25;16;96564;0.32;6.16;0.39;0.39
2003;1;1;1;0.9;-1.4;-3.4;-4.9;-6.9;-9.1;-0.5;0.8;0.13;1.1;1.9;1.9;231;49;78;53;97366;0.29;0.04;0.39;0.39
2003;1;2;2;5.8;2;-2;2.9;-0.7;-5;0.8;1.4;0.13;1.1;1.9;1.67;215;41;70;41;96163;0.08;1.42;0.39;0.39
2003;1;3;3;9.7;4.1;-0.2;6.1;2.3;-1.1;1.1;0.2;0.12;1.1;1.9;1.19;263;56;106;66;95907;0.14;0;0.39;0.39
2003;1;4;4;6.6;1.6;-1.6;3.8;0.4;-2.6;0.2;0;0.11;1;1.9;0.91;188;37;73;41;96003;0.07;0.61;0.39;0.39
2003;1;5;5;1.9;-0.3;-2.9;1.3;-5.1;-9.3;-1.3;-1.7;0.13;1;1.9;2;209;39;67;32;96279;0.52;2.97;0.39;0.39
2003;1;6;6;-0.1;-2.3;-4.1;-5.8;-7.2;-9.4;-1.2;1.3;0.14;1;1.9;2.76;225;45;76;51;96925;0.08;1.65;0.39;0.39
2003;1;7;7;-3.4;-5.8;-10.2;-5.7;-8.8;-13;-0.3;-1.9;0.3;1;1.9;14.03;48;10;50;21;96659;0.2;15.14;0.39;0.39
2003;1;8;8;-6.8;-12.8;-21.8;-11.2;-15.5;-24.2;-0.1;-0.4;0.35;1;1.9;19.15;213;47;98;50;97352;0.17;0.24;0.39;0.39
2003;1;9;9;-8.3;-9.6;-10.9;-11;-12;-12.8;-0.3;-0.9;0.35;1;1.9;22.56;77;15;24;11;97257;0.13;5.29;0.39;0.39
2003;1;10;10;-4.4;-8.3;-13.1;-8;-10.7;-14.5;0.4;0;0.35;1;1.9;24.53;140;32;69;31;97365;0.15;0.39;0.39;0.39
2003;1;11;11;-4;-10;-17.1;-10.2;-13.4;-19;0;-1.6;0.35;1;1.9;24.67;197;44;101;54;98524;0.2;0.16;0.38;0.39
2003;1;12;12;-9.3;-17.1;-23.5;-14.2;-20.2;-25.7;1.3;-0.1;0.35;1;1.9;24.53;238;52;112;59;98858;0.17;0;0.38;0.39
2003;1;13;13;-3.7;-11.4;-21.1;-7.7;-14.9;-24.2;1.1;0.4;0.35;1;1.9;24.36;220;47;82;36;98588;0.2;0.05;0.38;0.39
2003;1;14;14;2.5;-2.6;-6.7;-1.1;-4.8;-8.3;1.3;0.3;0.35;1;1.9;24.11;146;26;75;28;98704;0.11;0.01;0.38;0.39
2003;1;15;15;4.4;-3.2;-9.6;-0.7;-5.8;-10.6;0.9;-0.3;0.35;1;1.9;22.59;230;51;101;54;98659;0.07;0;0.38;0.39
2003;1;16;16;3;-5.7;-13;-1.8;-8.4;-14.5;1.2;-0.1;0.34;1;1.9;20.59;233;52;101;51;98453;0.16;0;0.38;0.39
2003;1;17;17;2.9;-4.4;-11.8;-0.8;-6.5;-13.3;0.4;0.7;0.34;1;1.9;18.91;232;52;105;57;98720;0.08;0;0.38;0.39
2003;1;18;18;0.7;-4.8;-10.5;-2.2;-6.2;-11.7;0.2;0;0.34;1;1.9;17.83;200;42;77;33;98101;0.2;0;0.38;0.39
2003;1;19;19;-0.2;-5.3;-9.6;-3;-6.7;-10.6;-0.2;0.7;0.33;0.9;1.9;17.53;224;49;88;40;97708;0.16;0.06;0.38;0.39
2003;1;20;20;0.9;-4.9;-9.1;-2.6;-6.6;-10.2;0;0.5;0.33;0.9;1.9;17.3;199;42;89;37;97430;0.2;0.04;0.38;0.39
2003;1;21;21;2.2;-2.7;-8.8;0.5;-4.2;-9.9;-0.2;1.2;0.32;0.9;1.9;17.09;165;40;74;25;96462;0.17;0.48;0.38;0.39
2003;1;22;22;1.9;0.8;-1.9;0.6;0;-2.5;0;-0.1;0.31;0.9;1.9;16.38;57;12;32;11;96197;0;6.01;0.38;0.39
2003;1;23;23;5.6;-1.5;-7.4;-0.5;-3.8;-8.3;1;-0.2;0.29;0.9;1.9;14.82;253;55;96;48;97180;0.17;0.03;0.39;0.39
2003;1;24;24;5.1;-0.6;-6.2;0;-3.5;-8.1;0.1;-1;0.26;0.9;1.9;12.57;247;50;83;40;98458;0.15;0.04;0.39;0.39
2003;1;25;25;3.5;0;-2.7;-0.7;-2.1;-3.9;0.1;-0.9;0.24;0.9;1.9;11.01;141;35;65;31;98997;0.11;0.22;0.39;0.39
2003;1;26;26;3.3;-0.7;-4.4;-0.4;-2.4;-4.7;0.6;-0.6;0.22;0.9;1.9;9.92;231;53;90;46;98640;0.15;0.09;0.39;0.39
2003;1;27;27;2.7;-1.7;-7.5;-0.7;-3.6;-8.7;1.1;0.6;0.22;0.9;1.9;9.29;251;45;62;27;98186;0.19;1.07;0.39;0.39
2003;1;28;28;8.3;2;-3.8;2.8;-1.8;-6.8;1.2;-0.1;0.21;0.9;1.9;8.22;253;57;93;51;96973;0.35;0.71;0.39;0.39
2003;1;29;29;4.5;-1.5;-5.8;-0.7;-4.7;-8.1;1.1;0.8;0.18;0.9;1.9;6.59;270;63;90;61;96001;0.13;0.04;0.39;0.39
2003;1;30;30;3.1;-1.7;-5.9;-2.2;-4.9;-8.5;0.1;-0.1;0.17;0.9;1.9;6;209;53;84;51;95736;0.11;0.52;0.39;0.39
2003;1;31;31;1.9;-0.9;-3.4;-2.6;-4;-8.2;-0.2;-2.2;0.21;0.9;1.9;7.83;188;41;78;42;96289;0.2;2.6;0.39;0.39
2003;2;1;32;-0.3;-3.4;-6.7;-8.1;-9.3;-11;0;-2.2;0.22;0.9;1.9;8.48;308;69;100;73;97592;0.26;0.05;0.39;0.39
2003;2;2;33;-1.8;-6.6;-11.9;-9.6;-11.8;-14.6;0.5;0.6;0.21;0.9;1.9;8.28;334;80;111;74;97505;0.18;0;0.39;0.39
2003;2;3;34;3.1;-4;-10.2;-4.8;-9.8;-15.2;1;1.7;0.21;0.9;1.9;8.06;324;71;109;66;96429;0.19;0.02;0.39;0.39
2003;2;4;35;1.2;-0.9;-3;-0.9;-2.8;-4.4;-0.1;-0.9;0.26;0.9;1.9;11.01;85;19;50;24;95041;0.15;7.15;0.38;0.39
2003;2;5;36;2.2;-1;-5.8;-4.4;-7.4;-9.1;1.6;-3.3;0.32;0.9;1.9;14.42;296;66;108;68;95447;0.72;0.05;0.38;0.39
2003;2;6;37;1.7;-4.2;-9.3;-8.2;-10.2;-13.2;2;-2.2;0.31;0.8;1.9;13.8;274;66;116;68;96763;0.54;0;0.38;0.39
2003;2;7;38;2;-4;-11.3;-7.6;-10.7;-14.9;1.6;-0.5;0.29;0.8;1.9;12.94;327;70;118;57;97908;0.41;0.03;0.38;0.39
2003;2;8;39;-0.5;-3.2;-7.3;-3.3;-6.1;-10.1;-0.1;0.3;0.29;0.8;1.9;12.65;156;34;48;27;98090;0.18;1.21;0.38;0.39
2003;2;9;40;0.6;-2.4;-5.9;-4.6;-5.7;-7.3;-0.2;0;0.29;0.8;1.9;12.54;256;64;90;47;98159;0.25;0.18;0.38;0.39
2003;2;10;41;0.9;-2.1;-7.5;-3.6;-6.1;-9.2;0.3;-0.1;0.27;0.8;1.9;11.51;283;57;86;31;98234;0.25;0.04;0.38;0.39
2003;2;11;42;-0.6;-2.2;-3.9;-5;-5.6;-6.4;-1.3;-0.8;0.28;0.8;1.9;11.72;164;40;51;27;98469;0.25;1.53;0.38;0.39
2003;2;12;43;-0.4;-2.9;-4.3;-5.7;-7;-8.6;-1.1;-1.2;0.3;0.8;1.9;12.82;241;53;72;41;98698;0.3;0.93;0.38;0.39
2003;2;13;44;-1.3;-4;-5.7;-7.2;-8.4;-9.3;-0.6;-0.4;0.3;0.8;1.9;12.64;281;58;78;41;98585;0.31;0.14;0.38;0.39
2003;2;14;45;-0.8;-5.5;-10.3;-6.3;-9.5;-12.5;0.5;0.3;0.28;0.8;1.9;12.03;366;89;127;68;98439;0.3;0;0.38;0.39
2003;2;15;46;1.7;-5.6;-12.7;-7.1;-10.9;-15.9;0.1;-0.8;0.27;0.8;1.9;11.03;372;91;119;65;98362;0.33;0.08;0.38;0.39
2003;2;16;47;0.3;-3.9;-8;-4.5;-7.4;-11.1;-1.1;-1.5;0.27;0.8;1.9;11.18;282;72;87;50;98759;0.29;2.52;0.38;0.39
2003;2;17;48;-0.4;-3.1;-5.4;-6.3;-7.4;-9.4;-0.9;-1.2;0.3;0.8;1.9;12.92;223;54;59;38;99056;0.36;0.52;0.38;0.39
2003;2;18;49;0.9;-4.3;-9.9;-7.9;-10.5;-13.1;0;-0.7;0.29;0.8;1.9;12.22;383;97;129;75;98367;0.39;0;0.38;0.39
2003;2;19;50;1.5;-3.8;-8;-4.6;-8.7;-12.8;0.2;-0.3;0.27;0.8;1.9;11.17;307;76;89;57;97854;0.28;0;0.38;0.39
2003;2;20;51;2.9;-2.7;-7.8;-2.8;-6.4;-11.2;-0.1;0.3;0.25;0.8;1.9;9.65;397;101;117;67;97643;0.18;0;0.38;0.39
2003;2;21;52;4.2;-1.7;-7.1;-2.1;-4.5;-8.2;0.1;0.1;0.22;0.9;1.9;8.09;410;99;116;52;98383;0.16;0.02;0.38;0.39
2003;2;22;53;3;0;-2.6;-2.2;-4.5;-7.1;-0.4;-0.2;0.21;0.9;1.9;7.08;235;57;71;36;99028;0.15;0.13;0.38;0.39
2003;2;23;54;2.9;-2.2;-5.7;-4;-5.8;-7.9;0.3;0.8;0.2;0.9;1.9;6.31;399;99;129;68;99316;0.14;0;0.38;0.39
2003;2;24;55;7.7;-1.3;-8.9;-3;-8.4;-12.9;0.7;0.3;0.18;0.9;1.9;5.15;474;127;147;91;98971;0.15;0;0.38;0.39
2003;2;25;56;6.4;-1.5;-8.2;-4;-7.9;-12.9;-0.2;0.8;0.17;0.9;1.9;4.02;480;129;139;90;98720;0.13;0;0.38;0.39
2003;2;26;57;7.7;-0.4;-6.5;-2.4;-5.6;-8.8;-0.1;1.3;0.15;0.9;1.9;3.17;493;134;137;93;98207;0.11;0;0.38;0.39
2003;2;27;58;9.1;1.1;-4.8;-1.7;-3.8;-6.6;1.3;1.6;0.15;0.9;1.9;2.38;509;138;138;94;97825;0.18;0;0.38;0.39
2003;2;28;59;10;1.9;-4;0.9;-2.8;-6.5;0.6;0.3;0.13;0.9;1.9;1.61;501;137;134;85;98293;0.24;0;0.38;0.39
2003;3;1;60;11.9;3;-4.2;1.1;-2.5;-6.9;0.8;0.4;0.13;0.9;1.9;1;509;139;134;84;98112;0.39;0;0.38;0.39
2003;3;2;61;10.1;3.1;-3.1;2.9;-0.9;-5.1;0.3;-0.1;0.12;0.9;1.9;0.61;417;105;90;55;97361;0.29;0.08;0.38;0.39
2003;3;3;62;7.8;3.9;0.4;3.1;1.7;-0.3;-0.2;-0.6;0.12;0.9;1.9;0.41;275;71;52;31;97359;0.51;2.67;0.38;0.39
2003;3;4;63;8.6;3.3;-1.2;2.4;0.5;-2.1;-0.5;0.1;0.12;1;1.9;0.24;405;110;94;49;98085;0.56;0.55;0.38;0.39
2003;3;5;64;8.6;3.6;0;2.3;0.8;-0.6;-0.7;0.7;0.12;1;1.9;0.16;320;87;95;41;98141;0.51;0.16;0.37;0.39
2003;3;6;65;3.4;1.3;-0.8;-0.1;-2.2;-4.4;-1.2;-0.3;0.12;1;1.9;0.17;227;55;53;27;97823;0.34;0.3;0.37;0.39
2003;3;7;66;5.8;1.9;-0.3;0.1;-0.8;-1.9;-0.8;0.5;0.13;1;1.9;0.94;287;64;54;24;98079;0.31;1.16;0.37;0.39
2003;3;8;67;10.1;4.6;-0.1;1.5;0.2;-1.4;-0.2;0.6;0.13;1;1.9;0.82;444;122;102;60;98170;0.63;0.01;0.37;0.39
2003;3;9;68;12.1;5.3;-1.7;2.1;0.5;-2.5;1.1;0.6;0.13;1;1.9;0.45;469;120;98;59;98199;0.69;0.04;0.37;0.39
2003;3;10;69;16.6;8.9;1.1;3.6;1;-1.5;0.5;-0.4;0.13;1;1.9;0.22;556;156;138;76;98310;1.17;0.11;0.37;0.39
2003;3;11;70;17.2;8;-0.6;4.2;1.6;-2.1;1.1;0.8;0.13;1;1.9;0.09;429;131;119;70;98178;0.99;0;0.37;0.39
2003;3;12;71;18.4;10;4.4;7.2;3.6;1.5;1.1;-0.6;0.13;1;1.9;0;446;108;95;53;97523;1.05;0.62;0.37;0.39
2003;3;13;72;7.4;4.1;-0.3;1.3;-3.5;-7.3;0.3;-2.7;0.13;1;1.9;0;490;135;112;81;98210;1.16;0.54;0.37;0.39
2003;3;14;73;4.8;1.5;-1.7;-2.9;-5.5;-7.4;-0.3;-3;0.13;1.1;1.9;0.16;382;105;79;57;98517;0.89;2.03;0.36;0.39
2003;3;15;74;5.1;1.9;-0.9;-3;-4.2;-5.7;-0.8;-3.4;0.14;1.1;1.9;1.17;427;115;82;61;99161;0.98;0.49;0.36;0.39
2003;3;16;75;5.5;2.8;-0.6;-2.4;-3;-3.5;-1;-3.2;0.14;1.1;1.9;1.14;329;98;79;52;99406;0.71;0.21;0.36;0.39
2003;3;17;76;11.1;4.1;-3;0.7;-2.6;-5.2;0.4;-0.6;0.14;1.1;1.9;0.8;586;172;138;92;98742;0.96;0;0.36;0.39
2003;3;18;77;9.5;4.6;0.1;-0.7;-2.5;-3.4;-0.7;-2;0.14;1.1;1.9;0.46;522;150;119;74;98549;0.98;0;0.36;0.39
2003;3;19;78;12.9;5.7;-0.6;1.9;-1.3;-3.4;1.1;-1.1;0.13;1.1;1.9;0.26;469;141;110;70;98156;1;0;0.36;0.39
2003;3;20;79;13.3;5.5;-1.5;1.6;-0.6;-2.8;-0.1;-0.7;0.13;1.2;1.9;0.14;555;161;120;82;97873;1.09;0.01;0.36;0.39
2003;3;21;80;6.1;2.3;-2.2;-2;-5.3;-9.2;-1.9;-0.9;0.13;1.2;1.9;0.12;455;133;130;80;98423;0.91;0.07;0.36;0.39
2003;3;22;81;3.6;-0.4;-4.2;-7.3;-9.1;-10.7;-1.1;-0.3;0.13;1.2;1.9;0.05;629;191;143;107;98793;0.86;0;0.35;0.39
2003;3;23;82;7.6;1.8;-3.5;-5.1;-7.9;-9.9;0.5;0.3;0.13;1.2;1.9;0;625;190;142;101;98822;0.93;0;0.35;0.39
2003;3;24;83;14.4;5.9;-2.8;1.3;-2.7;-6.2;0.5;0.4;0.13;1.2;1.9;0;622;190;140;92;98554;1.18;0;0.35;0.39
2003;3;25;84;17.6;8.4;-1.5;2.2;-0.8;-3.4;0.6;0.1;0.13;1.2;1.9;0;632;193;154;94;98089;1.58;0;0.35;0.38
2003;3;26;85;17.5;9.5;0.6;4;1.2;-1.1;-0.4;-0.2;0.14;1.3;1.9;0;621;188;141;89;97842;1.62;0;0.35;0.38
2003;3;27;86;17.9;10.3;1.5;3.9;2;-0.1;-0.1;0.6;0.14;1.3;1.9;0;632;195;148;97;97853;1.69;0;0.34;0.38
2003;3;28;87;18.8;10.9;1.6;5;2.4;-0.5;0.4;0.7;0.14;1.3;1.9;0;612;193;139;91;97402;1.71;0;0.34;0.38
2003;3;29;88;18.5;10.9;2.2;7.1;4.2;1.2;0.4;0.1;0.14;1.3;1.9;0;615;178;125;79;97255;1.69;0.33;0.34;0.38
2003;3;30;89;19.1;11.5;3.3;9.7;6.1;2.4;0.7;-0.2;0.14;1.3;1.9;0;590;164;116;73;97218;1.64;0.84;0.34;0.38
2003;3;31;90;15.6;9.4;4.3;9;4.4;-3.4;-0.4;-1.1;0.14;1.4;1.9;0;463;118;109;70;97519;1.59;7.08;0.34;0.38
2003;4;1;91;12.4;7.4;2;-0.6;-2.9;-5;0.1;1.2;0.14;1.4;1.9;0;660;208;147;108;97997;1.74;0;0.34;0.38
2003;4;2;92;14;7.1;1;6.5;1.2;-2.9;1.4;0.7;0.14;1.4;1.9;0;562;153;111;66;96326;1.58;7.98;0.34;0.38
2003;4;3;93;8.5;5.7;3.2;3.3;1.6;0.3;0.7;-1.4;0.14;1.4;1.9;0;233;58;44;32;96963;1.04;1.76;0.35;0.38
2003;4;4;94;9.7;5.4;0.9;0.9;-1.4;-3.2;-0.2;-2;0.14;1.4;1.9;0;447;125;114;62;97882;1.42;0.25;0.35;0.38
2003;4;5;95;11.5;5.6;-1.4;-1.5;-2.6;-4.6;1.9;-2;0.14;1.4;1.9;0;486;144;111;70;97119;1.39;0.06;0.35;0.38
2003;4;6;96;4.3;1.6;-1.6;-6.1;-10;-13.2;0.9;-4.1;0.14;1.5;1.9;0.03;566;181;121;95;97170;1.6;0.65;0.34;0.38
2003;4;7;97;2.6;-0.2;-2.7;-7.8;-10.2;-14.1;0.7;-3.7;0.15;1.5;1.9;0.35;565;183;105;84;97274;1.32;0.65;0.34;0.38
2003;4;8;98;7.5;2.3;-2;-6.8;-9.4;-10.7;0.8;-2.1;0.15;1.5;1.9;0.51;574;180;109;82;97623;1.58;0.02;0.34;0.38
2003;4;9;99;8.7;2.7;-2.2;-2.5;-5.3;-8.7;0.1;0.9;0.15;1.5;1.9;0.45;527;175;121;75;97187;1.34;0.32;0.34;0.38
2003;4;10;100;9.5;4.9;-0.4;5.1;0.6;-3.9;0.3;2.1;0.15;1.5;1.9;0.32;329;110;70;47;96483;0.92;3.04;0.34;0.38
2003;4;11;101;6.5;3.5;-1;2.6;0.6;-1.8;0.2;-0.4;0.15;1.6;1.9;0.2;248;76;75;46;97102;1;1.09;0.34;0.38
2003;4;12;102;7.7;4.7;0.3;6.1;3.4;-0.1;-0.1;-0.6;0.15;1.6;1.9;0.12;213;55;34;14;97620;0.91;4.89;0.34;0.38
2003;4;13;103;15.2;8.8;2;5.8;2.1;0.3;-0.3;-1.8;0.15;1.6;1.9;0.03;593;185;114;77;98017;2.03;0.09;0.34;0.38
2003;4;14;104;14.5;9.1;2.2;5.4;3.1;-0.4;-1;-0.9;0.15;1.6;1.9;0;627;158;111;62;98243;1.55;0.06;0.34;0.38
2003;4;15;105;15.4;10.1;3.3;7;4.2;2.3;-0.1;-0.8;0.15;1.6;1.9;0;458;140;91;62;98409;1.5;0.07;0.34;0.38
2003;4;16;106;17.4;11.1;3.4;5.7;3.7;2.1;-0.7;-1;0.15;1.7;1.9;0;665;205;127;86;98367;2.19;0.01;0.34;0.38
2003;4;17;107;15.4;10.6;4.8;5.6;2.9;1.1;-1;-1.7;0.15;1.7;1.9;0;607;205;120;85;98386;2.1;0.26;0.33;0.38
2003;4;18;108;15.7;10.4;5.5;2.9;1.9;0.8;-0.2;-2.6;0.15;1.7;1.9;0;627;212;124;89;97714;2.38;1.36;0.33;0.38
2003;4;19;109;13.9;9.2;3.1;3.9;2.8;1.4;-1;0.5;0.15;1.8;1.9;0;531;167;98;68;97520;1.76;0.3;0.33;0.38
2003;4;20;110;16.2;11.1;4.7;4.9;3.9;2.5;-1.4;1.7;0.15;1.8;1.9;0;645;197;118;82;97624;2.04;0.02;0.33;0.38
2003;4;21;111;16.3;10.9;5.2;3.7;2.4;1.3;-1.1;-0.5;0.15;1.8;1.9;0;557;187;125;81;97426;2.07;0;0.33;0.38
2003;4;22;112;17.7;11.4;4.2;6.4;1.3;-1.6;0.3;-1.3;0.16;1.8;1.9;0;661;219;131;93;97178;2.46;0.03;0.32;0.38
2003;4;23;113;18.4;11.4;4.1;7.6;3.8;1;1.2;-0.8;0.16;1.9;1.9;0;556;194;117;82;96988;2.3;0.77;0.32;0.38
2003;4;24;114;16.8;11.4;3.3;6.8;3;0.9;0.4;-1.8;0.16;1.9;1.9;0;612;211;122;88;97487;2.49;0.45;0.32;0.38
2003;4;25;115;18.3;12.3;3.3;6;3.8;2;-0.1;0.5;0.16;1.9;1.9;0;639;204;120;86;97856;2.32;0;0.32;0.38
2003;4;26;116;22.3;15.6;8.4;7.3;5.8;3.4;1.4;2.5;0.16;2;1.9;0;685;234;128;88;97298;2.84;0.01;0.32;0.38
2003;4;27;117;15.7;12.9;8;11.1;8.2;6.6;1.2;1.2;0.16;2;1.9;0;319;102;106;52;97278;1.69;6.15;0.32;0.38
2003;4;28;118;20.9;13.9;5.8;9.1;7.2;5;1.5;1.5;0.16;2;1.9;0;648;206;117;82;97384;2.56;0;0.32;0.38
2003;4;29;119;23;16.2;8.8;11.4;9.5;7.1;1.9;1.5;0.16;2.1;1.9;0;697;235;128;95;97389;2.83;0;0.31;0.38
2003;4;30;120;23.8;17.5;9.8;11.3;9.8;7.8;2;2.4;0.16;2.1;1.9;0;609;197;105;77;97601;2.64;0;0.31;0.38
2003;5;1;121;17.7;15.5;11.9;10.9;8.9;7.5;-0.2;-0.6;0.16;2.1;1.9;0;311;110;78;50;97997;1.8;0.97;0.31;0.38
2003;5;2;122;25.4;18.2;9.1;12.2;10.5;8;1.1;1.3;0.16;2.1;1.9;0;655;223;113;75;97598;3.01;0.05;0.31;0.38
2003;5;3;123;20;14.8;7.7;13.1;8.1;3.7;1.3;-0.5;0.16;2.2;1.9;0;500;119;95;58;97870;1.77;0.54;0.31;0.38
2003;5;4;124;21.1;14.2;5;7.9;5.9;3.5;0;1.4;0.16;2.2;1.9;0;723;252;141;103;98441;3.01;0;0.3;0.38
2003;5;5;125;24.6;17.5;9.6;9.8;8.2;5.4;-0.5;1.6;0.17;2.2;1.9;0;726;254;140;101;97965;3.1;0;0.3;0.38
2003;5;6;126;28.6;20.4;12;12.3;9.2;7;0.2;1.8;0.17;2.3;1.9;0;726;254;149;104;97713;3.35;0;0.3;0.37
2003;5;7;127;29.1;20.9;10.1;13.4;10.4;8;0;0.5;0.17;2.3;1.9;0;729;252;151;104;97770;3.26;0;0.29;0.37
2003;5;8;128;30;21.8;11.9;14.3;12;8.4;0.6;0.8;0.17;2.3;1.9;0;706;242;131;91;97590;3.3;0;0.29;0.37
2003;5;9;129;29.1;22.2;15.1;12.5;8.7;6.2;1.4;1.4;0.17;2.4;1.9;0;687;235;138;100;97385;3.44;0.11;0.29;0.37
2003;5;10;130;23.4;18.9;13.5;15.2;12.6;8.9;0.2;-0.1;0.17;2.4;1.9;0;540;172;97;65;97784;2.26;5.5;0.29;0.37
2003;5;11;131;24.7;19.6;15.1;15.8;13.5;11.1;0;0.2;0.17;2.4;1.9;0;531;191;104;70;97741;2.9;1.48;0.29;0.37
2003;5;12;132;26.6;19.6;13.8;14.8;13.4;10.9;-0.1;-0.2;0.17;2.5;1.9;0;685;222;119;76;97578;3.21;1.06;0.29;0.37
2003;5;13;133;25.7;18.9;12.5;14.8;11.3;7.1;0.8;0.2;0.17;2.5;1.9;0;662;223;123;80;97152;3.38;1.02;0.29;0.37
2003;5;14;134;12.3;11.1;9;6.5;3.8;2.6;1.1;-1.9;0.17;2.5;1.9;0;252;59;48;33;97724;1.45;0.74;0.28;0.37
2003;5;15;135;16.1;12;7.2;2.4;1.1;-0.4;0.8;-1.9;0.17;2.5;1.9;0;644;233;137;91;97904;2.85;0.22;0.28;0.37
2003;5;16;136;16.4;11.8;6.7;3.6;1.7;0.2;-0.5;0.6;0.17;2.6;1.9;0;634;220;129;95;97862;2.47;0;0.28;0.37
2003;5;17;137;20.3;14.5;7.5;6.1;4.2;1.9;-0.2;1.6;0.17;2.6;1.9;0;698;246;136;95;97620;2.83;0;0.28;0.37
2003;5;18;138;22.1;16.3;7.6;10.6;7.9;4.8;0.4;-0.5;0.17;2.6;1.9;0;586;217;112;84;97624;2.63;0.16;0.28;0.37
2003;5;19;139;26.3;19.2;9.6;12;10.2;8.7;0.9;1.6;0.17;2.6;1.9;0;651;246;124;90;97516;3.13;0;0.27;0.37
2003;5;20;140;16.4;13.5;9.8;11.3;9.4;7.3;0.9;-1.4;0.17;2.7;1.9;0;231;67;70;35;97527;2.02;10.49;0.27;0.37
2003;5;21;141;15.4;12.6;9.9;7.3;5.1;3;1.5;-2.6;0.17;2.7;1.9;0;441;137;87;51;97756;2.58;0.9;0.28;0.37
2003;5;22;142;17.4;13.8;10.8;5.8;4.5;3.4;1.3;-3.9;0.17;2.7;1.9;0;470;146;85;62;97989;2.27;0;0.28;0.37
2003;5;23;143;21.5;16.6;9.6;9.5;6.4;4.6;0;-1.2;0.17;2.7;1.9;0;605;206;112;84;97825;2.82;0;0.28;0.37
2003;5;24;144;23.4;17.9;9.7;11.9;9.8;7.2;-0.3;1.2;0.17;2.7;1.9;0;641;206;110;76;97342;2.78;0;0.27;0.37
2003;5;25;145;25.2;20.2;12.8;15.4;12.1;10.2;-0.3;0.9;0.17;2.8;1.9;0;620;226;107;79;97121;2.96;0.04;0.27;0.37
2003;5;26;146;25.9;19.1;13.2;16.5;14.5;11.5;0.5;-1;0.17;2.8;1.9;0;663;182;111;63;97424;2.57;12.19;0.27;0.37
2003;5;27;147;24.9;19.7;14.1;16.2;15;13.2;0;-1.7;0.17;2.8;1.9;0;634;205;101;66;97659;3.38;1.98;0.28;0.37
2003;5;28;148;25.8;20.5;15.7;15.8;14.7;13.5;-0.1;-1.9;0.17;2.8;1.9;0;691;229;111;78;97594;3.54;1.79;0.28;0.37
2003;5;29;149;25;20.6;16.5;15.6;14.6;13.7;-0.5;-1.8;0.17;2.9;1.9;0;631;211;97;71;97464;3.35;0.86;0.28;0.37
2003;5;30;150;24.2;20.1;14.5;16.4;13.2;11.8;-0.6;0.2;0.17;2.9;1.9;0;586;206;97;69;97463;3.15;0.44;0.27;0.37
2003;5;31;151;26.6;21.2;16.4;15.4;13.4;11.9;0.3;0.7;0.17;2.9;1.9;0;633;219;104;72;97259;3.31;1.23;0.27;0.36
2003;6;1;152;23.6;18.7;14.2;15.7;14.4;13;0.3;-0.3;0.17;2.9;1.9;0;602;176;100;64;97196;2.93;4.89;0.27;0.36
2003;6;2;153;23.9;18.7;11.8;15;13.3;11.6;0.2;0.2;0.17;2.9;1.9;0;586;190;93;65;97258;3.03;1.18;0.27;0.36
2003;6;3;154;25.1;20.2;12.6;15.6;13.9;12;-0.4;0.1;0.17;3;1.9;0;669;223;106;72;97505;3.39;0.09;0.27;0.36
2003;6;4;155;26.7;21.9;15.5;16.7;14.4;13.5;-0.4;0.9;0.17;3;1.9;0;587;223;103;79;97778;3.36;0.07;0.27;0.36
2003;6;5;156;29.6;23.5;15.6;18.6;15.1;12.8;0.3;1.1;0.17;3;1.9;0;669;237;118;84;97818;3.58;0.01;0.26;0.36
2003;6;6;157;29.7;23.2;15.3;17.4;15.5;13.7;0.4;-0.2;0.17;3;1.9;0;632;223;101;74;97726;3.44;0.48;0.26;0.36
2003;6;7;158;27.2;22.3;16.5;19;17.2;15.5;0;-0.9;0.17;3;1.9;0;587;205;91;63;97781;3.36;3.03;0.26;0.36
2003;6;8;159;30;24.2;16.3;19.1;16.8;14.9;0.1;1.1;0.17;3.1;1.9;0;623;226;96;71;97551;3.68;0.32;0.26;0.36
2003;6;9;160;29;23.8;17.6;17.4;16.1;15.2;-0.2;-0.9;0.17;3.1;1.9;0;624;220;104;72;97725;3.56;1.62;0.26;0.36
2003;6;10;161;29.9;24.3;16.9;18.6;16.8;15.6;0.1;0.7;0.17;3.1;1.9;0;611;227;101;69;97844;3.56;0.13;0.25;0.36
2003;6;11;162;32.7;25;18;20.1;18;15.4;0.8;-0.1;0.17;3.1;1.9;0;668;215;107;70;97799;3.38;2.01;0.25;0.36
2003;6;12;163;32.2;26.3;18.7;18.9;17;13.3;-0.1;0.3;0.17;3.2;1.9;0;698;251;119;77;97906;3.88;0;0.25;0.36
2003;6;13;164;32.3;25.3;19.9;20;17.4;14.3;0.3;-0.4;0.17;3.2;1.9;0;663;212;112;68;97807;3.38;4.47;0.25;0.36
2003;6;14;165;28.2;23.4;17.3;19;17.5;16.2;-0.3;-0.1;0.17;3.2;1.9;0;593;200;89;64;97860;3.36;1.11;0.25;0.36
2003;6;15;166;25.9;21.3;17.8;18.3;17.2;16.1;-0.4;-0.8;0.17;3.2;1.9;0;599;181;90;56;97526;3.23;6.12;0.25;0.36
2003;6;16;167;26.4;20.2;15.3;17.4;15.2;13.5;-0.1;-0.8;0.17;3.2;1.9;0;652;194;93;64;97298;3.35;1.46;0.25;0.36
2003;6;17;168;26;21.4;15.4;14.6;13.7;12.8;-0.5;0.4;0.17;3.2;1.9;0;555;205;98;66;97356;3.2;0.12;0.25;0.36
2003;6;18;169;22.2;19.4;16;17.5;15.7;13.1;0.3;0.6;0.17;3.3;1.9;0;350;108;66;52;97451;1.95;7.81;0.25;0.36
2003;6;19;170;25;20;14.2;14.1;12.3;10.2;1.1;-2.2;0.17;3.3;1.9;0;584;214;99;71;97804;3.63;0.04;0.25;0.36
2003;6;20;171;27.1;21.5;15.3;16.2;13.7;12.3;0.7;-0.1;0.17;3.3;1.9;0;522;196;97;64;97501;3.18;0.22;0.25;0.36
2003;6;21;172;22.6;19.3;16.6;15.4;12.1;10.3;-0.4;0.2;0.17;3.3;1.9;0;437;168;102;64;97514;2.62;0.26;0.25;0.36
2003;6;22;173;26.2;20.7;14.5;15.2;12.1;10;-0.6;0.1;0.17;3.3;1.9;0;600;235;120;79;97457;3.36;0.02;0.25;0.35
2003;6;23;174;31.7;23.9;15.3;18.4;15.9;12.6;0.4;0.4;0.17;3.3;1.9;0;721;255;118;79;97290;3.76;0.37;0.24;0.35
2003;6;24;175;31.2;24.2;18.7;19.2;17.8;15.9;1.1;-0.1;0.17;3.3;1.9;0;656;222;113;80;97469;3.53;3.04;0.24;0.35
2003;6;25;176;30.3;24.1;16.9;18.7;15.9;11.8;0.1;-0.6;0.17;3.4;1.9;0;634;230;109;81;97518;3.64;0.08;0.24;0.35
2003;6;26;177;25.6;21.3;15.9;13.5;11.4;8.7;-1;-0.2;0.17;3.4;1.9;0;674;215;108;78;97490;3.18;0.01;0.24;0.35
2003;6;27;178;24.7;20.5;17.3;14.5;12.4;10.3;-0.7;-0.8;0.17;3.4;1.9;0;572;190;100;63;97388;3.07;2.13;0.24;0.35
2003;6;28;179;25.2;21.1;15.1;15.8;13;10.4;0;0;0.17;3.4;1.9;0;616;206;104;67;97392;3.15;0.61;0.24;0.35
2003;6;29;180;22.6;19.5;16.7;17.8;16.2;13.8;-0.4;0.8;0.17;3.4;1.9;0;479;143;65;46;97137;2.89;12.76;0.24;0.35
2003;6;30;181;30.3;22.8;14.4;17.5;16.1;14.1;0.6;1.6;0.17;3.4;1.9;0;693;251;113;80;96756;4.05;0;0.24;0.35
2003;7;1;182;31.3;24.6;17.1;19;15.6;11.6;2;0.8;0.17;3.4;1.9;0;709;260;124;82;96156;4.42;2.71;0.24;0.35
2003;7;2;183;23.2;19.4;15.5;14.1;11.9;9.8;0;0.9;0.17;3.5;1.9;0;501;151;108;55;96755;2.96;0.91;0.24;0.35
2003;7;3;184;25.2;19.5;15.1;16.4;14.8;12.1;0.4;0.1;0.17;3.5;1.9;0;542;191;86;58;96966;3.49;8.19;0.24;0.35
2003;7;4;185;18.3;16.3;13.6;14.9;12.8;9.3;0.7;-1;0.17;3.5;1.9;0;277;106;68;48;97223;2.89;18.97;0.25;0.35
2003;7;5;186;22.3;17.6;11.6;12.2;10.1;8.7;1.6;-0.7;0.17;3.5;1.9;0;653;208;104;74;97288;3.75;0.51;0.26;0.35
2003;7;6;187;24;19.1;11.9;13.1;11;9.8;0.6;-0.5;0.17;3.5;1.9;0;572;222;106;80;97588;3.74;0.09;0.26;0.35
2003;7;7;188;24.6;19.5;15;14.1;12.5;10.9;-0.6;-0.1;0.17;3.5;1.9;0;629;219;107;79;97913;3.5;1.47;0.25;0.35
2003;7;8;189;24.1;19.4;14.4;14.4;10.9;9.3;-0.1;-0.6;0.17;3.5;1.9;0;493;178;92;70;97799;3.14;0.41;0.25;0.35
2003;7;9;190;25.6;20.1;12.7;13.6;11.4;9.4;0.6;-0.5;0.17;3.6;1.9;0;549;192;101;72;97560;3.2;0.45;0.25;0.35
2003;7;10;191;24.8;20;14.2;15.3;12.6;10;0.4;-0.4;0.17;3.6;1.9;0;549;200;102;71;97566;3.21;0.77;0.25;0.35
2003;7;11;192;26.2;20.6;14.9;13.4;11;6.9;-1;-0.5;0.17;3.6;1.9;0;646;237;125;80;97688;3.92;0.11;0.25;0.35
2003;7;12;193;28.1;22.5;15.2;16.9;13.7;11;0.2;-0.1;0.17;3.6;1.9;0;594;198;98;70;97630;3.25;0.04;0.24;0.35
2003;7;13;194;21.9;18.7;16.1;16.5;12.6;9.6;-1.3;-0.4;0.17;3.6;1.9;0;494;142;93;52;97655;3.03;4.11;0.24;0.35
2003;7;14;195;23.6;19;13.7;11.4;9.4;7.1;-0.5;-0.9;0.17;3.6;1.9;0;664;215;110;84;97658;3.31;0;0.24;0.35
2003;7;15;196;26;20.8;13.4;13.2;11.6;9.7;0.1;0.9;0.17;3.6;1.9;0;648;207;111;77;97384;3.24;0;0.24;0.34
2003;7;16;197;30.1;24;16.6;19.4;15.5;11.8;0.1;0.9;0.17;3.6;1.9;0;656;224;100;71;97185;3.43;0;0.24;0.34
2003;7;17;198;29.8;24.2;19;18.5;17.5;15.3;0.5;-1;0.17;3.6;1.9;0;620;202;91;58;97353;3.68;9.46;0.23;0.34
2003;7;18;199;27;22.2;17.6;13.9;11.3;9.1;1.1;-2.5;0.17;3.6;1.9;0;712;240;119;79;97896;4.77;0.45;0.24;0.34
2003;7;19;200;27.5;22;15;15;11.9;10.1;-0.4;-1.6;0.17;3.6;1.9;0;730;242;124;87;98024;3.85;0;0.24;0.34
2003;7;20;201;28.8;23.3;15.4;16.3;14.1;12.8;-0.2;0.2;0.17;3.6;1.9;0;667;240;119;84;97791;3.7;0;0.23;0.34
2003;7;21;202;32.6;26.7;19;18.2;15.3;13.4;0;0.9;0.17;3.6;1.9;0;701;248;121;80;97632;3.79;0.23;0.23;0.34
2003;7;22;203;32;25.4;19.3;17.8;16.1;14;0.5;-0.6;0.17;3.6;1.9;0;668;220;113;73;97712;3.7;2.44;0.23;0.34
2003;7;23;204;27;22;18;18.3;16.6;15.5;0.3;-1;0.17;3.6;1.9;0;587;174;89;61;97676;3.14;3.55;0.23;0.34
2003;7;24;205;29.1;22.7;14.8;16.9;14.9;12.2;0.2;0.7;0.17;3.6;1.9;0;721;246;131;76;97423;3.84;0.73;0.23;0.34
2003;7;25;206;25.6;21.7;18.4;16.6;13.8;11.2;0.1;0;0.17;3.6;1.9;0;638;172;95;60;97364;3.34;5.12;0.23;0.34
2003;7;26;207;28.3;23.1;16.4;17.1;15.3;14;-0.1;0.5;0.17;3.6;1.9;0;606;216;103;75;97450;3.25;0.03;0.23;0.34
2003;7;27;208;32.5;26.2;19.1;18;15;13.2;-0.3;2;0.17;3.6;1.9;0;706;253;128;88;97411;3.83;0;0.23;0.34
2003;7;28;209;29;23.6;18.7;17.9;15.9;14.1;-0.1;-1.1;0.17;3.6;1.9;0;610;202;106;66;97612;3.44;20.3;0.22;0.34
2003;7;29;210;24.2;20.5;18;17.3;13.8;10.3;0.8;-2.3;0.17;3.6;1.9;0;624;174;94;61;97893;3.75;5.1;0.24;0.34
2003;7;30;211;23.4;20.1;16.3;14.1;11.4;9.3;0.6;-1.9;0.17;3.6;1.9;0;426;143;74;56;97605;2.87;0.12;0.24;0.34
2003;7;31;212;23.3;20;17.2;17.4;14.6;12.1;0.2;-1.3;0.17;3.6;1.9;0;395;135;72;42;97195;2.87;8.91;0.24;0.34
2003;8;1;213;26.4;21.5;16.8;17.7;16.2;15.3;0.1;-2;0.17;3.6;1.9;0;575;169;89;51;97470;3.69;4.92;0.25;0.34
2003;8;2;214;28;23.3;17.9;18.8;16.8;15.3;0.1;-1.2;0.17;3.6;1.9;0;649;208;93;67;97849;3.7;0.27;0.25;0.34
2003;8;3;215;30.3;24.7;17.3;19.5;17;15.2;0.6;-0.3;0.17;3.6;1.9;0;610;218;104;70;98053;3.81;0;0.24;0.34
2003;8;4;216;31.4;25;18.6;20.9;18.2;16.4;0.9;-0.4;0.17;3.6;1.9;0;626;201;98;66;98142;3.68;1.47;0.24;0.34
2003;8;5;217;31.4;25.2;18.4;20.5;18.8;17;0.3;-0.9;0.17;3.6;1.9;0;616;207;96;67;98125;3.72;0.82;0.24;0.34
2003;8;6;218;28.6;23.8;20;19.4;18.5;17.7;0.4;-1.2;0.17;3.6;1.9;0;595;182;91;59;98060;3.35;2.31;0.24;0.33
2003;8;7;219;28;23.6;17.6;17.4;14;10.9;-0.1;-1;0.17;3.5;1.9;0;646;216;121;80;98044;3.77;0;0.24;0.33
2003;8;8;220;29.8;24.1;16.4;16.9;14.7;12.4;0.8;-0.3;0.17;3.5;1.9;0;657;222;122;83;97864;3.56;0;0.23;0.33
2003;8;9;221;30.5;24.7;17.3;16.8;14.1;11.2;-0.1;-1;0.17;3.5;1.9;0;595;208;128;82;97731;3.4;0;0.23;0.33
2003;8;10;222;31.4;25;17.7;17.9;14.8;12.4;0.4;-0.3;0.17;3.5;1.9;0;653;225;122;85;97553;3.42;0;0.23;0.33
2003;8;11;223;29.1;23.9;19.5;16.4;11.3;9.4;-1.3;-0.9;0.17;3.5;1.9;0;690;235;132;93;97827;3.62;0;0.23;0.33
2003;8;12;224;29.2;23.4;17.4;16.6;12.8;8.7;0.1;0.4;0.17;3.5;1.9;0;658;219;123;87;98189;3.13;0;0.22;0.33
2003;8;13;225;34.5;26.9;17.8;18.3;14.7;11.3;0.8;0.1;0.17;3.5;1.9;0;614;212;128;82;97805;3.01;0.04;0.22;0.33
2003;8;14;226;32.3;25.4;19.8;18.8;16.1;13.9;0.8;-0.1;0.17;3.5;1.9;0;566;160;108;64;97394;2.95;4.66;0.22;0.33
2003;8;15;227;28.4;22.7;17.5;18.3;16.9;14.6;0.1;0;0.17;3.5;1.9;0;562;176;102;64;97326;3.04;3.69;0.22;0.33
2003;8;16;228;26.4;22.3;17.9;18.9;17.5;16.7;-0.1;0.8;0.17;3.5;1.9;0;568;182;89;61;97625;2.99;2.44;0.22;0.33
2003;8;17;229;29.8;23.2;18.1;19.6;17.7;15.9;0.3;0.6;0.17;3.5;1.9;0;648;200;103;68;97681;3.08;6.43;0.22;0.33
2003;8;18;230;32.5;25;16.8;19.2;17;14.2;1.2;0.9;0.16;3.4;1.9;0;650;204;105;77;97551;3.57;0.01;0.23;0.33
2003;8;19;231;28.7;23.9;18.5;16.9;14.5;12.6;0.3;-0.4;0.16;3.4;1.9;0;613;195;118;82;97794;3.1;0.37;0.22;0.33
2003;8;20;232;26.8;22.9;18.1;16.8;14.8;13.5;0.2;0.6;0.16;3.4;1.9;0;549;178;106;73;97794;2.66;0.13;0.22;0.33
2003;8;21;233;28.1;23.4;17;17.2;15.3;14;0.2;0;0.16;3.4;1.9;0;540;177;101;68;97568;2.62;0.42;0.22;0.33
2003;8;22;234;30;24.4;16.8;18.2;15.5;14;0.6;-0.1;0.16;3.4;1.9;0;637;187;111;72;97567;2.68;0.05;0.22;0.33
2003;8;23;235;29.8;24.4;18.2;18.7;17;15.8;0.6;-0.4;0.16;3.3;1.9;0;568;178;105;67;97595;2.65;0.65;0.22;0.33
2003;8;24;236;27.7;23.5;18.7;18.3;15.4;12.6;-0.3;-0.2;0.16;3.3;1.9;0;587;182;105;72;97427;2.53;0.08;0.21;0.33
2003;8;25;237;23.8;20.1;16.7;13.7;11.9;9.6;-0.5;-0.4;0.16;3.3;1.9;0;415;124;97;64;97336;1.98;1.29;0.21;0.33
2003;8;26;238;26;20.5;13.8;13.5;11.2;8.9;0.6;0.3;0.16;3.3;1.9;0;578;185;122;84;97175;2.31;0;0.21;0.33
2003;8;27;239;29.8;22.9;14.9;14.2;11.4;8.9;1.2;0.5;0.16;3.2;1.9;0;609;190;124;84;96886;2.37;0;0.21;0.33
2003;8;28;240;28.1;22.7;16.9;15.2;11.9;8.8;-0.7;1;0.16;3.2;1.9;0;603;190;113;78;97023;2.3;0;0.21;0.33
2003;8;29;241;29.7;24.6;20.8;17.9;16;13.8;2;2.9;0.16;3.2;1.9;0;594;119;90;65;96594;1.69;1.4;0.21;0.33
2003;8;30;242;25;20.6;16.5;17.3;14.3;10.6;0.1;0.5;0.16;3.2;1.9;0;480;137;96;60;97039;2.04;9.47;0.21;0.33
2003;8;31;243;17.4;14.7;10.6;16.1;11.9;7;0.6;-0.5;0.16;3.1;1.9;0;181;45;92;46;97361;1.8;24.57;0.23;0.33
2003;9;1;244;19.2;14.4;7.8;9.9;7.4;6;0.5;0.1;0.16;3.1;1.9;0;570;176;107;79;97593;2.46;0.02;0.24;0.32
2003;9;2;245;17.8;14.4;10.3;9.5;6.1;2.4;0.8;-1.8;0.16;3.1;1.9;0;582;164;112;78;97904;2.45;0.26;0.24;0.32
2003;9;3;246;17.3;12.8;7.8;6.1;3.5;0.3;-0.1;-1.5;0.16;3.1;1.9;0;472;161;122;87;98575;2.19;0.06;0.23;0.32
2003;9;4;247;19.4;13.9;6.4;9.3;5.6;3.3;0.6;0.2;0.16;3.1;1.9;0;584;175;115;83;98705;2.21;0;0.23;0.32
2003;9;5;248;20.8;15.6;9.5;9.7;8.5;6.6;-0.6;0;0.16;3;1.9;0;576;180;117;81;98354;2.21;0;0.23;0.32
2003;9;6;249;20.7;16.5;11.7;11.9;10.1;8;-0.9;0;0.16;3;1.9;0;438;111;84;50;98004;1.45;0.1;0.23;0.32
2003;9;7;250;22.5;17.6;13.2;11.2;9.6;8.6;-1.1;1.1;0.16;3;1.9;0;531;173;108;73;97801;2.17;0;0.23;0.32
2003;9;8;251;21.6;16.9;12.1;11.5;9.2;7.1;-0.5;-0.2;0.16;3;1.9;0;445;131;90;59;97035;1.74;0.09;0.23;0.32
2003;9;9;252;17.2;15.8;14.4;14.8;12.6;10.3;0.7;-1.3;0.15;2.9;1.9;0;189;52;35;27;96700;1.4;20.9;0.23;0.32
2003;9;10;253;17.9;15.5;14;13.3;11.8;8.9;0.8;-2.1;0.15;2.9;1.9;0;220;46;53;26;97051;1.82;11.79;0.25;0.32
2003;9;11;254;21.1;13.8;9.6;11.1;8.9;7.6;1.5;-0.4;0.15;2.9;1.9;0;523;132;102;62;97279;2.58;5.35;0.25;0.32
2003;9;12;255;17.8;13.4;7.8;9.1;7.1;5.8;1;-1.9;0.15;2.9;1.9;0;402;122;72;54;97811;2.28;0.27;0.26;0.32
2003;9;13;256;16;13.8;12.3;11.7;10.2;8.1;0.7;-2.3;0.15;2.9;1.9;0;246;47;33;23;98182;2.17;6.73;0.26;0.32
2003;9;14;257;18;14.4;11.4;9.8;7.3;5.9;-0.8;-2.7;0.15;2.8;1.9;0;512;146;96;66;98578;2.52;0.13;0.26;0.32
2003;9;15;258;19.1;14.5;10.2;10.2;7.4;6.3;-0.1;-1.3;0.15;2.8;1.9;0;599;179;127;89;98607;2.39;0;0.26;0.32
2003;9;16;259;20.3;14.1;7;11;8.2;5.9;0.7;0.1;0.15;2.8;1.9;0;597;178;132;86;98332;2.26;0;0.26;0.32
2003;9;17;260;22.8;15.7;7.8;12.1;9.3;6.7;0.7;0;0.15;2.7;1.9;0;587;185;130;87;98250;2.33;0;0.25;0.32
2003;9;18;261;23.9;17.3;9.6;13.3;11.2;8.4;0.2;0.3;0.15;2.7;1.9;0;576;174;123;81;98251;2.29;0;0.25;0.32
2003;9;19;262;25;18.1;10.2;14.7;12.8;9.7;0.1;0.7;0.15;2.6;1.9;0;578;175;123;84;98277;2.21;0;0.25;0.32
2003;9;20;263;25.4;18.6;10.9;15.5;13.3;10.3;0;0.9;0.15;2.6;1.9;0;573;172;123;84;98421;2.19;0;0.25;0.32
2003;9;21;264;26.3;19;11.1;15.7;13.5;10.4;0.2;0.7;0.15;2.6;1.9;0;573;170;125;85;98203;2.1;0;0.25;0.32
2003;9;22;265;26.2;18.5;10.5;13.8;9.8;6.5;0.7;1.7;0.15;2.5;1.9;0;579;173;142;97;97662;2.37;0;0.24;0.32
2003;9;23;266;25.2;19.1;12.9;13.6;10.8;7.9;1.5;1.6;0.15;2.5;1.9;0;555;163;112;86;97235;2.26;1.4;0.24;0.32
2003;9;24;267;15.5;12.9;9.2;12.1;8.4;4.1;0;-2;0.15;2.4;1.9;0;148;44;83;40;98406;1.78;3.35;0.24;0.32
2003;9;25;268;16.1;11.6;6.9;5.8;4.1;2.9;-0.2;-1.6;0.15;2.4;1.9;0;558;161;121;90;98917;1.69;0;0.24;0.32
2003;9;26;269;17.1;11.8;6.7;6.8;5.5;3.3;0.1;0.6;0.15;2.4;1.9;0;549;155;127;89;98391;1.51;0;0.24;0.32
2003;9;27;270;20.6;13;5.6;9.2;7.5;4.5;0.2;0.9;0.15;2.3;1.9;0;547;153;117;85;97810;1.55;0;0.24;0.32
2003;9;28;271;20.7;14.2;7.4;11;8.5;5.6;0.7;1.8;0.15;2.3;1.9;0;552;158;131;87;97375;1.57;0;0.24;0.32
2003;9;29;272;13.9;12.3;10.5;12.1;10.5;7.3;1;-0.6;0.15;2.2;1.9;0;52;17;65;28;97106;0.65;20.42;0.25;0.32
2003;9;30;273;17.4;11.9;4.8;8.8;7;4;0.2;0.3;0.15;2.2;1.9;0;489;137;106;74;97605;1.66;0;0.26;0.32
2003;10;1;274;18.6;13.7;8.6;11.2;9.5;6.6;-0.1;1.2;0.15;2.2;1.9;0;386;95;72;57;97495;1.08;0.02;0.26;0.32
2003;10;2;275;23.3;16.1;9.4;15.1;11.7;8.5;1.3;0.5;0.14;2.1;1.9;0;512;138;112;69;97294;1.57;0;0.26;0.32
2003;10;3;276;23.4;16.8;10.9;14.8;13;10.4;1.3;0.3;0.14;2.1;1.9;0;427;110;85;50;97017;1.31;1.88;0.26;0.32
2003;10;4;277;19.8;15.7;13.1;14.4;12.4;9.8;0.3;0.2;0.14;2;1.9;0;290;75;91;43;96534;1.19;10;0.26;0.32
2003;10;5;278;18.1;13.9;9.4;13.6;10.2;3.9;0.5;0.8;0.14;2;1.9;0;358;83;90;38;95897;1.87;16.75;0.28;0.32
2003;10;6;279;14.5;10.7;8.2;3.7;1.9;-1.6;1.2;-0.1;0.14;2;1.9;0;458;124;108;80;97103;1.74;0.13;0.28;0.32
2003;10;7;280;15.2;10.8;6.8;8;5.7;3;0.8;1.4;0.14;1.9;1.9;0;233;67;83;58;96588;0.82;1.88;0.28;0.32
2003;10;8;281;12.5;9;6.4;5.9;1.1;-0.6;1.8;-1.7;0.14;1.9;1.9;0;438;104;105;68;96607;1.73;0.92;0.28;0.32
2003;10;9;282;13.6;9.5;6.3;5.5;2.9;0.9;2.1;-1.1;0.14;1.8;1.9;0;444;128;119;70;97012;1.62;0.74;0.28;0.32
2003;10;10;283;17.6;11.9;7.7;9.1;6.6;3.4;0.7;0.7;0.14;1.8;1.9;0;327;78;101;49;97773;0.94;0.01;0.28;0.32
2003;10;11;284;18.5;12.3;5.9;11.2;8.8;5.4;0.6;0.1;0.14;1.8;1.9;0;438;110;106;68;98093;1.06;0.02;0.28;0.32
2003;10;12;285;14.8;10.6;6.7;10.2;7.7;5.7;-0.4;-0.1;0.14;1.7;1.9;0;218;58;59;36;98235;0.77;1.38;0.28;0.32
2003;10;13;286;10.8;9.1;8.1;5.4;4.2;3.2;-0.8;-0.3;0.14;1.7;1.9;0;207;50;59;32;98359;0.71;0.01;0.28;0.32
2003;10;14;287;10;7.8;5.5;3.9;1.8;-0.3;-1.2;-1.1;0.14;1.6;1.9;0;248;59;76;49;98540;0.62;0;0.28;0.32
2003;10;15;288;11;6.6;2.8;2.6;0.8;-0.6;-0.4;-1.4;0.14;1.6;1.9;0;373;99;96;74;98813;0.85;0;0.28;0.32
2003;10;16;289;8.9;5.6;3.1;2.6;-0.1;-2;-0.6;-1.9;0.14;1.6;1.9;0;258;71;96;63;98703;0.67;0.06;0.28;0.32
2003;10;17;290;8;4.5;0.7;-0.2;-1.1;-2.1;-0.7;-1.1;0.14;1.6;1.9;0;440;113;119;73;98729;0.74;0;0.27;0.32
2003;10;18;291;7.9;5;1.9;1.6;0.7;-1;-0.6;0.4;0.14;1.6;1.9;0;311;76;71;48;98121;0.52;0.04;0.27;0.32
2003;10;19;292;9.2;5.6;3.2;3.4;2.6;1.7;-0.8;0.9;0.14;1.5;1.9;0;312;78;83;53;97116;0.49;0;0.27;0.32
2003;10;20;293;15.1;9.2;3.5;10.3;6.8;2.6;0.6;1.6;0.13;1.5;1.9;0;343;74;62;37;96080;0.55;0.59;0.27;0.32
2003;10;21;294;15.6;9.9;6.4;8.8;6.8;4.2;0.1;-0.2;0.13;1.5;1.9;0;226;61;80;39;96290;0.79;0.95;0.27;0.32
2003;10;22;295;7;6;5;3.8;2.3;1.4;-1.2;-0.1;0.13;1.5;1.9;0;143;30;42;26;97172;0.66;1.16;0.27;0.32
2003;10;23;296;6.1;3.7;1.1;2.1;1.4;0.4;-0.8;-1.3;0.15;1.5;1.9;1.24;237;50;52;27;96714;0.71;13.14;0.27;0.32
2003;10;24;297;3.5;1.3;-0.6;0.5;-4.2;-7.4;-0.3;-1.7;0.25;1.5;1.9;8.06;237;57;82;44;97156;0.89;2.71;0.28;0.32
2003;10;25;298;5.4;0.6;-2.8;-4.9;-6.2;-8.6;1;0.6;0.24;1.5;1.9;7.31;392;101;125;82;97897;0.61;0;0.28;0.32
2003;10;26;299;8.6;2.2;-2.8;-2.1;-3.9;-6.2;0.8;0.6;0.21;1.4;1.9;5.78;397;102;128;76;97490;0.6;0;0.28;0.32
2003;10;27;300;8.5;3.8;-0.1;-0.1;-1.6;-3.3;-0.1;-0.4;0.19;1.4;1.9;4.31;370;76;99;58;97684;0.47;0.01;0.28;0.32
2003;10;28;301;5.7;2;0.1;1.1;-0.8;-1.7;-0.4;1;0.17;1.4;1.9;3.25;252;62;88;55;98117;0.31;0.02;0.28;0.32
2003;10;29;302;10.2;4.4;-0.3;4.6;2;-1;-0.6;1.7;0.16;1.4;1.9;2.24;362;82;91;36;96831;0.58;2.14;0.28;0.32
2003;10;30;303;10.5;6.3;2.7;6.3;4.4;2;0.3;0.3;0.14;1.4;1.9;1.06;231;46;75;25;95572;0.53;9.49;0.29;0.32
2003;10;31;304;13.2;7.5;0;6.6;4;-0.2;1.4;2.6;0.13;1.4;1.9;0.57;338;76;85;60;95821;0.69;0;0.3;0.32
2003;11;1;305;18.2;13.9;10.8;10.8;9.8;7.2;-0.1;3.1;0.13;1.4;1.9;0.06;267;64;78;51;95801;0.62;2.16;0.3;0.32
2003;11;2;306;12;8.8;4.2;10.2;6.2;3.4;0.9;-0.3;0.12;1.4;1.9;0;198;38;96;40;96737;0.92;14.27;0.31;0.32
2003;11;3;307;13.2;6.5;1.8;8.8;4.3;1.2;0.7;0.2;0.12;1.3;1.9;0;392;90;116;70;97785;0.57;0;0.31;0.32
2003;11;4;308;15.1;7;0;5.8;2.9;-0.7;1;-0.4;0.12;1.3;1.9;0;393;96;123;76;98791;0.68;0;0.31;0.32
2003;11;5;309;11.3;5.8;1.4;4.7;2.3;0.5;0;-1;0.12;1.3;1.9;0;359;85;109;70;99273;0.56;0;0.31;0.31
2003;11;6;310;8.6;3.9;-1.2;2.8;1.2;-1.7;-0.3;-1;0.12;1.3;1.9;0;278;65;80;55;98975;0.46;2.35;0.31;0.31
2003;11;7;311;6.8;4.7;3.1;3.9;3;2;-1.2;-1.4;0.12;1.3;1.9;0;177;42;49;29;98930;0.9;6.62;0.31;0.31
2003;11;8;312;6.8;5.7;4.3;4.9;4.4;4;-1;-0.2;0.12;1.3;1.9;0;83;20;25;13;98968;0.29;0.38;0.32;0.31
2003;11;9;313;11.8;7.3;4.1;7.1;5.5;3.6;-0.4;0.2;0.12;1.3;1.9;0;326;79;108;52;98577;0.45;0.01;0.32;0.31
2003;11;10;314;5.5;4.7;3.6;4.9;3;1.4;-1.4;-0.7;0.12;1.2;1.9;0;154;32;28;13;98702;0.46;0.68;0.32;0.31
2003;11;11;315;5.4;3.3;1.3;1.4;-0.2;-1.6;-1;-0.9;0.12;1.2;1.9;0;234;50;66;45;98677;0.44;0.29;0.32;0.31
2003;11;12;316;4.5;2.3;0.3;0.2;-1.2;-2.5;-0.9;0.4;0.12;1.2;1.9;0;163;35;55;36;98592;0.33;0.22;0.32;0.31
2003;11;13;317;6;2.3;-0.5;-0.7;-1.8;-3.1;-0.6;0.5;0.11;1.2;1.9;0;328;81;110;71;98527;0.38;0;0.32;0.31
2003;11;14;318;5.2;2.3;-0.2;1.3;0;-1.9;-0.5;0.2;0.11;1.2;1.9;0.04;278;60;72;53;98420;0.58;2.08;0.32;0.31
2003;11;15;319;8.3;2.5;-2.3;3.3;0.8;-2.5;-0.2;0.4;0.11;1.2;1.9;0.02;338;73;113;60;98026;0.35;0;0.32;0.31
2003;11;16;320;9.3;4.2;0.1;5.1;2.5;-0.3;0.2;0.2;0.11;1.2;1.9;0;312;70;96;54;97673;0.29;0;0.32;0.31
2003;11;17;321;7.9;4.9;0.2;6.4;4.1;-0.2;0.6;0.5;0.11;1.2;1.9;0;61;13;68;32;97917;-0.06;3.28;0.32;0.31
2003;11;18;322;9.1;3.5;-1.3;5;1.9;-1.6;1;0.4;0.11;1.2;1.9;0;231;41;66;39;98393;0.3;0;0.32;0.31
2003;11;19;323;14.8;6.6;1;8.8;4.2;0.2;1.2;0;0.11;1.2;1.9;0;325;74;104;61;98107;0.32;0;0.32;0.31
2003;11;20;324;12.8;6.4;1.4;7.6;4.5;0.8;0.4;0;0.11;1.2;1.9;0;326;73;104;65;97984;0.38;0;0.32;0.31
2003;11;21;325;11.5;5.1;0.1;7.1;3.6;-0.2;0.5;0.2;0.11;1.2;1.9;0;292;63;97;53;97744;0.3;0;0.32;0.31
2003;11;22;326;13.5;6.1;0.8;7.4;3.9;0.3;1.1;1.1;0.11;1.2;1.9;0;324;72;111;69;97546;0.32;0;0.32;0.31
2003;11;23;327;14.6;9;4.5;8.9;6.4;3.9;1.3;2.4;0.11;1.2;1.9;0;304;66;96;70;97326;0.36;0;0.32;0.31
2003;11;24;328;14.8;10;6.1;9.8;7.7;5.8;0.9;1.9;0.11;1.2;1.9;0;227;50;81;56;97080;0.24;0;0.32;0.31
2003;11;25;329;14.7;9.6;6;8.5;7.3;5.5;0.7;1.2;0.11;1.2;1.9;0;278;57;95;55;97145;0.29;0;0.32;0.31
2003;11;26;330;9;7.1;4.3;8.6;6.7;4.2;0.4;0.1;0.11;1.2;1.9;0;77;12;50;17;96874;0.1;5.94;0.32;0.31
2003;11;27;331;13.2;9.2;6.5;9.6;8.1;6.5;0;1.9;0.11;1.2;1.9;0;171;38;77;32;96326;0.29;0.27;0.32;0.31
2003;11;28;332;11.7;8.8;5.9;9.8;7.8;5;-0.9;0.4;0.11;1.2;1.9;0;188;30;47;28;96251;0.42;6.63;0.32;0.31
2003;11;29;333;8.1;6.6;5.5;5;4.3;3.8;0.1;-1;0.11;1.2;1.9;0;103;23;35;21;97214;0.46;0.94;0.33;0.31
2003;11;30;334;8.7;6.1;3.7;5;4.3;3.4;0;0.5;0.11;1.2;1.9;0;140;33;77;36;97562;0.16;0.05;0.33;0.31
2003;12;1;335;7.4;4.9;3.4;4.4;3.8;2.8;-0.6;2.1;0.11;1.2;1.9;0;112;24;60;35;97662;0.22;0.16;0.33;0.31
2003;12;2;336;8.5;4.3;1.8;5.6;3.4;1.7;-0.6;1;0.11;1.2;1.9;0;201;38;66;39;98138;0.16;0.05;0.33;0.31
2003;12;3;337;5.9;3.7;2.1;4.9;3.4;2;-0.4;0.6;0.11;1.2;1.9;0;125;26;34;16;98467;0.16;0.21;0.33;0.31
2003;12;4;338;7.2;3.6;0;4.3;2.8;-0.2;-0.4;0.7;0.11;1.2;1.9;0;195;43;88;45;98416;0.22;0.13;0.33;0.31
2003;12;5;339;5.5;1.9;-0.9;2.9;1.2;-1.1;0.3;0.2;0.11;1.2;1.9;0;217;46;92;48;98312;0.2;0.07;0.33;0.31
2003;12;6;340;8;2.6;-0.7;3.3;-0.9;-6.7;0.7;-1.1;0.1;1.2;1.9;0;287;54;98;52;97359;0.42;0.25;0.33;0.31
2003;12;7;341;2.4;-0.1;-2.1;-5.9;-6.8;-7.7;-0.5;-2.2;0.1;1.2;1.9;0;290;63;117;93;98557;0.36;0;0.33;0.31
2003;12;8;342;1;-1.5;-3.5;-5.4;-7.1;-7.7;0;-0.2;0.1;1.2;1.9;0;291;63;118;86;98664;0.07;0;0.33;0.31
2003;12;9;343;1.8;-1.8;-4.2;-6.5;-7.6;-8.8;-0.1;-0.4;0.1;1.2;1.9;0;282;61;105;77;98449;0.04;0;0.33;0.31
2003;12;10;344;-0.8;-2.6;-3.9;-4.5;-5.1;-6.5;-0.5;-0.2;0.1;1.2;1.9;0;148;31;67;46;98472;0;0.02;0.33;0.31
2003;12;11;345;3.3;-0.2;-3.2;-0.9;-2.6;-4.8;-0.2;0.8;0.1;1.2;1.9;0;252;51;79;44;98130;0.01;0.01;0.33;0.31
2003;12;12;346;7;2.2;-1.2;3.1;0.3;-1.9;0.4;0;0.1;1.2;1.9;0;246;43;93;43;98061;0.03;0.01;0.33;0.31
2003;12;13;347;3.2;0.4;-3;1.6;-0.5;-3.3;0.4;1;0.1;1.2;1.9;0;203;41;69;37;98211;0.05;0.08;0.33;0.31
2003;12;14;348;6;1.3;-1.9;2.5;-0.8;-4.3;0.9;0.4;0.1;1.2;1.9;0;252;44;81;42;96596;0.19;0.85;0.33;0.31
2003;12;15;349;4.5;0.8;-1.9;-0.8;-6.2;-9.9;2.1;-0.7;0.1;1.2;1.9;0.01;235;46;110;71;96710;0.56;0.41;0.33;0.31
2003;12;16;350;2.7;0.7;-0.5;-6.5;-7.9;-10;2.5;-2.8;0.11;1.2;1.9;0.28;214;44;87;73;97465;0.4;0.16;0.33;0.31
2003;12;17;351;2.1;-0.5;-2.6;-3.6;-5.2;-7.5;0.1;0.5;0.11;1.2;1.9;0.33;181;38;88;59;98494;0.12;0.06;0.33;0.31
2003;12;18;352;5.9;0.6;-2.3;0.2;-2.7;-4.7;0.4;0.2;0.11;1.2;1.9;0.36;268;57;106;71;98486;0.07;0;0.33;0.31
2003;12;19;353;4.9;-0.1;-2.8;-0.5;-2.9;-4.1;0.4;0.1;0.11;1.2;1.9;0.32;270;57;106;69;98185;0.04;0;0.33;0.31
2003;12;20;354;5.7;-0.2;-3.5;0.7;-2.5;-4.9;0.6;0.5;0.11;1.1;1.9;0.27;278;59;106;71;98167;0.04;0;0.33;0.31
2003;12;21;355;7.5;2.8;-1.9;3.4;0.8;-3;1.1;1.6;0.1;1.1;1.9;0.24;188;41;66;36;96850;0.05;4.65;0.33;0.31
2003;12;22;356;4.2;1.3;-0.3;1.3;-1;-6.3;0.7;-0.7;0.1;1.1;1.9;0.25;137;27;69;34;96822;0.24;2.28;0.33;0.31
2003;12;23;357;0;-1.9;-4.3;-6.7;-10.9;-13.6;0;-4;0.1;1.1;1.9;0.25;265;56;113;89;98041;0.31;0;0.33;0.31
2003;12;24;358;-1.3;-3.8;-5.3;-12.8;-14.8;-16;-0.2;-2.5;0.1;1.1;1.9;0.24;289;62;128;107;98934;0.05;0;0.33;0.31
2003;12;25;359;-0.5;-4.1;-6.6;-13.3;-15.1;-16.4;0.4;0.3;0.1;1.1;1.9;0.23;292;63;138;99;98793;0;0;0.33;0.31
2003;12;26;360;3.4;-2.6;-5.8;-7.7;-12.5;-17.3;0.1;0.8;0.1;1.1;1.9;0.23;273;58;107;72;98026;0;0;0.33;0.31
2003;12;27;361;4.6;-1.6;-5.6;-4.5;-6.6;-8.2;0.5;0.4;0.1;1.1;1.9;0.19;251;52;91;61;97185;0;0;0.33;0.32
2003;12;28;362;7;2.8;-1.7;3.4;0.7;-4.7;0.4;2.7;0.1;1.1;1.9;0.15;174;36;68;41;96783;0.01;0;0.33;0.32
2003;12;29;363;4.2;2.6;0.5;3.6;1.9;0.2;-0.3;-0.3;0.1;1.1;1.9;0.11;51;10;38;9;97028;-0.08;6.04;0.33;0.32
2003;12;30;364;4.6;2.2;0.8;3.8;1.8;0.5;0.1;-0.9;0.1;1.1;1.9;0.09;88;15;16;3;97070;0.04;9.18;0.34;0.32
2003;12;31;365;3.4;1.9;0.3;2.6;1.4;-0.4;0.4;-0.8;0.1;1.1;1.9;0.21;46;8;20;4;97207;0.02;16.26;0.35;0.32
2004;1;1;1;2.4;0.4;-1.6;-0.8;-2.5;-4;-0.3;-0.2;0.12;1.1;1.9;1.58;121;25;73;28;97161;0.21;0.54;0.36;0.32
2004;1;2;2;0.2;-1.4;-3.4;-3.9;-6.8;-8.9;-1.3;-1.1;0.13;1.1;1.9;1.75;185;37;96;52;97053;0.17;0.2;0.36;0.32
2004;1;3;3;-0.3;-3;-5;-8.5;-9.9;-11;-1.3;-1.2;0.13;1.1;1.9;1.77;227;50;94;79;97644;0.07;0;0.36;0.32
2004;1;4;4;-2.7;-4.4;-6;-10.8;-11.2;-12.2;-0.8;0.9;0.13;1;1.9;1.76;215;48;80;70;97536;0.03;0.01;0.36;0.32
2004;1;5;5;3.2;-2.8;-5.4;-4.7;-8.8;-11.2;-0.1;0.2;0.13;1;1.9;1.92;239;50;97;61;97489;0.05;0.62;0.36;0.32
2004;1;6;6;-2.4;-5.2;-8.1;-10;-11.5;-13.3;-0.9;0.7;0.13;1;1.9;2.26;278;59;120;77;98441;0.03;0.07;0.36;0.32
2004;1;7;7;2.1;-1.8;-4.2;-4.8;-7.2;-10.7;-0.1;0.9;0.14;1;1.9;2.78;214;45;98;43;97882;0.05;0.66;0.36;0.32
2004;1;8;8;3.1;-1.2;-4.3;-1.9;-3.6;-5.5;-0.4;0.4;0.14;1;1.9;2.71;273;56;104;55;97692;0.02;0.01;0.36;0.32
2004;1;9;9;0.7;-0.7;-2.3;-0.7;-2.1;-3.3;-0.3;0.7;0.15;1;1.9;3.26;91;18;43;23;96844;0.01;1.46;0.36;0.32
2004;1;10;10;4.1;-0.8;-2.9;0.5;-2.7;-4.3;0.9;-0.1;0.17;1;1.9;4.4;192;33;77;39;97045;0.14;2.09;0.36;0.32
2004;1;11;11;6;0.1;-4.3;-0.8;-3;-6.3;0.8;1;0.16;1;1.9;4.23;244;55;102;55;97578;0.19;1.72;0.36;0.32
2004;1;12;12;6;1.5;-3;2.7;-0.6;-4.3;0.6;1.2;0.16;1;1.9;3.98;233;50;91;44;96652;0.09;2.65;0.36;0.32
2004;1;13;13;5.1;2.2;-0.2;3.4;0.9;-1.3;1.1;0.9;0.15;1;1.9;3.11;112;25;68;43;95746;-0.14;0.28;0.36;0.32
2004;1;14;14;10.1;3;-1.8;3.9;-0.6;-4.2;0.8;0.3;0.14;1;1.9;2.54;295;65;121;60;95840;0.18;1.35;0.36;0.32
2004;1;15;15;4.8;1.6;-0.7;1.2;-1.4;-5.3;1.2;-0.5;0.13;1;1.9;2.34;172;33;74;38;96035;0.25;2.49;0.37;0.32
2004;1;16;16;6.5;1.6;-3;-2.8;-5.1;-7.1;1.4;1.9;0.13;1;1.9;2.1;280;62;104;78;96692;0.2;0;0.37;0.32
2004;1;17;17;6.7;2;-2.1;4.5;0.4;-3.3;1;0.3;0.13;1;1.9;2.12;96;19;70;29;96116;-0.03;10.8;0.37;0.32
2004;1;18;18;3.2;-0.1;-3.2;0.7;-1.2;-3.8;0.2;-0.8;0.14;1;1.9;2.65;147;30;63;31;97118;0.17;3.04;0.37;0.32
2004;1;19;19;2.7;-0.6;-2.9;-0.9;-3.5;-4.7;0.1;0.2;0.14;0.9;1.9;3.1;289;64;114;68;97491;0.29;0.26;0.38;0.32
2004;1;20;20;5.2;0.3;-2.6;-1.2;-3.6;-6.2;0.3;-0.2;0.14;0.9;1.9;2.95;180;38;60;39;96263;0.14;0.42;0.38;0.32
2004;1;21;21;1.3;-1.9;-4.3;-7.1;-9.2;-10.7;0.4;-2.2;0.14;0.9;1.9;2.84;266;61;107;77;97179;0.18;0.18;0.38;0.32
2004;1;22;22;-1.6;-3.4;-5.8;-9.4;-12.1;-14.7;-0.7;-2.1;0.15;0.9;1.9;3.14;255;59;103;74;97736;0.12;0.47;0.37;0.32
2004;1;23;23;-2.1;-4.9;-6.7;-12.8;-13.9;-14.7;-0.4;-0.9;0.15;0.9;1.9;3.18;321;74;120;89;97943;0.07;0;0.37;0.32
2004;1;24;24;0;-4.8;-9.4;-13.7;-15.1;-16.3;0.5;-0.3;0.14;0.9;1.9;3.02;340;79;134;93;97558;0.06;0;0.37;0.32
2004;1;25;25;0.3;-3.4;-7.5;-6.9;-11.5;-14.8;0.2;0.1;0.14;0.9;1.9;2.96;227;51;76;49;97081;0.04;0.35;0.37;0.32
2004;1;26;26;3.2;-0.9;-3.6;-5;-5.9;-6.8;-0.5;1.6;0.14;0.9;1.9;2.94;341;74;123;62;96797;0.05;0.03;0.37;0.32
2004;1;27;27;3;-0.2;-1.9;-1.2;-2.9;-5.3;-0.7;0.8;0.15;0.9;1.9;3.24;258;53;77;35;95900;0.06;3.43;0.37;0.32
2004;1;28;28;1.2;-2.9;-8.8;-2;-5.5;-10.1;-0.2;-0.3;0.22;0.9;1.9;7.65;268;57;98;49;95882;0.21;2.42;0.37;0.32
2004;1;29;29;1.3;-5.5;-10.6;-4.5;-8.6;-12.1;0.9;0.4;0.22;0.9;1.9;7.54;313;72;123;63;96258;0.17;0.06;0.37;0.32
2004;1;30;30;3.7;-3.7;-9.8;-6.7;-10.1;-14.3;1.3;1.1;0.21;0.9;1.9;7.15;297;71;120;79;97646;0.18;0.01;0.37;0.32
2004;1;31;31;5.8;-0.9;-5.6;-4.2;-7.3;-10.6;1.3;1.4;0.2;0.9;1.9;6.51;339;77;122;75;97920;0.15;0;0.37;0.32
2004;2;1;32;8.7;0.9;-2.7;1.3;-3.6;-5.5;1.8;0.4;0.18;0.9;1.9;5.44;345;82;124;71;97954;0.07;0;0.37;0.32
2004;2;2;33;7.4;1;-3.2;2.1;-2.2;-4.9;1.3;0;0.17;0.9;1.9;4.33;286;56;80;41;98231;0.08;0.77;0.37;0.32
2004;2;3;34;12.1;3.7;-1.8;5.4;1;-3;0.8;0;0.15;0.9;1.9;3.37;301;71;108;39;98757;0.17;0.4;0.37;0.32
2004;2;4;35;12.1;3.5;-0.8;6.7;0.8;-2.1;1.5;-0.3;0.13;0.9;1.9;2.19;295;66;97;50;98865;0.11;0;0.37;0.32
2004;2;5;36;15.2;4.9;-0.9;7.3;0;-4;1.6;-0.2;0.12;0.9;1.9;1.44;326;80;112;54;98457;0.2;0;0.37;0.32
2004;2;6;37;12.1;4.4;-0.2;4.7;0.5;-2.4;1.2;-0.1;0.12;0.8;1.9;0.99;192;48;81;37;98209;0.06;0;0.37;0.33
2004;2;7;38;10.7;4.2;-1;3;0.4;-2.9;2;0.9;0.11;0.8;1.9;0.68;343;84;99;57;97387;0.3;0;0.37;0.33
2004;2;8;39;9.3;2.8;-2;2.1;-0.2;-2.7;1.7;0.8;0.11;0.8;1.9;0.42;347;82;102;63;97236;0.31;0.02;0.37;0.33
2004;2;9;40;5.4;1.6;-1.2;-2.5;-6.5;-9.9;3.2;-1.5;0.11;0.8;1.9;0.38;376;94;115;85;97789;0.48;0.05;0.37;0.33
2004;2;10;41;5.1;0.3;-2.2;-4.2;-5.8;-8.6;0.7;0.8;0.11;0.8;1.9;0.6;329;77;94;67;98658;0.22;0.42;0.37;0.33
2004;2;11;42;7.2;1.6;-2.3;-1.3;-4.2;-10.2;0.6;-1.3;0.11;0.8;1.9;0.66;321;64;74;46;97511;0.32;0.51;0.37;0.33
2004;2;12;43;-0.3;-2.6;-4.4;-9.7;-11.6;-13.8;-1.2;-2.8;0.12;0.8;1.9;1.09;349;84;90;76;98526;0.2;0.42;0.37;0.33
2004;2;13;44;1.8;-1.6;-5;-3.1;-7.4;-12.1;0.4;1;0.13;0.8;1.9;1.8;222;55;73;39;98593;0.08;0.92;0.37;0.33
2004;2;14;45;5.8;1.8;-1.8;0.5;-1.7;-3.4;1;0.2;0.13;0.8;1.9;1.9;208;52;85;41;97933;0.08;0;0.37;0.33
2004;2;15;46;5.3;1.4;-1.4;1.3;-1.2;-3.2;0.4;0.2;0.13;0.8;1.9;1.53;225;54;67;38;97692;0.35;2.29;0.37;0.33
2004;2;16;47;5;1.5;-0.9;0.9;-1.5;-3.7;-0.2;-0.5;0.12;0.8;1.9;1.29;247;54;90;46;98162;0.51;1.08;0.37;0.33
2004;2;17;48;6.6;1.5;-2.3;-0.9;-2.5;-4.3;0.5;0.8;0.12;0.8;1.9;0.99;450;111;126;80;98339;0.24;0;0.37;0.33
2004;2;18;49;7;2;-2.8;0;-2;-4.6;0.2;-0.2;0.12;0.8;1.9;0.76;365;92;96;59;97568;0.2;1.12;0.37;0.33
2004;2;19;50;3.4;0.5;-1.6;-1.4;-4.3;-6.6;-1.6;-1.5;0.12;0.8;1.9;1.17;262;64;61;43;97842;0.45;0.7;0.37;0.33
2004;2;20;51;1.9;-0.4;-2.2;-4.7;-5.9;-8.1;-1.3;-0.1;0.13;0.8;1.9;1.35;252;56;70;46;98699;0.18;0.1;0.37;0.33
2004;2;21;52;3.1;-0.9;-4.2;-7.2;-9.4;-10.7;-1.2;1.5;0.13;0.8;1.9;1.33;422;99;97;58;98530;0.23;0.35;0.37;0.33
2004;2;22;53;5.6;1.1;-2;2.4;-1;-6.2;-0.4;1.2;0.13;0.9;1.9;1.21;208;47;49;17;96823;0.41;0.7;0.37;0.33
2004;2;23;54;1.4;0.5;-0.9;1;-0.2;-3.5;-0.4;-0.9;0.13;0.9;1.9;1.79;49;13;34;12;96319;0.13;10.5;0.37;0.33
2004;2;24;55;2.6;-0.5;-2.3;-3.9;-5.3;-7.3;-0.5;-1.3;0.17;0.9;1.9;4.29;251;58;54;35;97067;0.44;3.18;0.37;0.33
2004;2;25;56;4.5;-0.1;-4.1;-4.5;-6.2;-7.6;0.9;1.8;0.19;0.9;1.9;5.7;454;118;126;78;96942;0.4;0;0.37;0.33
2004;2;26;57;2;0;-1.7;0.2;-2.3;-5.5;-0.4;-0.3;0.21;0.9;1.9;7.11;120;33;47;21;96121;0.08;9.99;0.37;0.33
2004;2;27;58;2.5;-0.2;-2.5;-1.3;-2.5;-3.6;-0.6;-0.3;0.35;0.9;1.9;17.89;231;52;50;30;95490;0.3;6.55;0.37;0.33
2004;2;28;59;1.2;-1.1;-3.5;-2.7;-3.7;-4.5;-1.2;-1.2;0.35;0.9;1.9;21.18;230;52;60;27;96079;0.46;5.92;0.37;0.33
2004;2;29;60;2.4;-1.6;-10.2;-4.6;-6.8;-12.4;0.6;-2.1;0.35;0.9;1.9;24.79;307;83;97;56;96731;0.76;1.22;0.37;0.33
2004;3;1;61;1.1;-6.4;-16.6;-6;-11;-18.6;0;-1.7;0.35;0.9;1.9;23.75;343;86;90;58;97905;0.53;0.09;0.37;0.33
2004;3;2;62;3.4;-5.5;-18.2;-3.8;-10;-20.1;1.2;-0.1;0.34;0.9;1.9;22.03;358;94;100;54;98300;0.39;0.05;0.37;0.33
2004;3;3;63;5.6;-1.5;-9.1;-3.2;-6.5;-10.8;1.6;-0.7;0.34;1;1.9;19.24;346;92;98;57;98294;0.45;0;0.38;0.33
2004;3;4;64;2.7;-1.2;-4.1;-3.4;-5.3;-8.1;-1;-0.4;0.33;1;1.9;16.58;353;92;99;49;98266;0.41;1.04;0.38;0.33
2004;3;5;65;0.3;-3.2;-6.7;-6.8;-8.3;-10.7;-0.8;-0.5;0.32;1;1.9;15.5;264;74;101;50;98263;0.49;0.32;0.38;0.33
2004;3;6;66;1.2;-2.8;-6.1;-6.7;-8.6;-11.2;-0.8;1.4;0.31;1;1.9;14.59;356;102;107;59;98320;0.53;0;0.38;0.33
2004;3;7;67;1.6;-1;-2.6;-0.9;-3.9;-7.5;-0.5;-0.2;0.32;1;1.9;14.72;198;52;40;22;98183;0.2;5.13;0.38;0.33
2004;3;8;68;0.7;-0.7;-2.3;-1.9;-3.1;-3.9;-0.5;-2.8;0.35;1;1.9;24.27;121;32;29;18;97874;0.34;11.61;0.38;0.33
2004;3;9;69;2.3;-0.2;-4.3;-3.6;-5;-6.3;1;-2.1;0.35;1;1.9;30.1;188;53;54;36;97790;0.63;2.03;0.38;0.33
2004;3;10;70;3.9;-2.6;-11.7;-3.4;-6.4;-13.2;0;0.8;0.35;1;1.9;28.23;407;107;122;67;98105;0.32;0;0.38;0.33
2004;3;11;71;3.1;-1.2;-6.2;-1.1;-3.8;-7.5;-0.7;-0.4;0.34;1;1.9;24.72;334;90;78;36;98132;0.28;0.85;0.38;0.33
2004;3;12;72;4.8;1.5;-1.6;0.3;-0.6;-2.4;-0.6;0.5;0.34;1;1.9;21.02;337;88;74;39;98201;0.02;0.29;0.38;0.34
2004;3;13;73;9.1;3.1;-1.4;2.1;0;-2.3;0.2;1.4;0.3;1;1.9;14.89;360;98;91;52;98264;0.19;0;0.39;0.34
2004;3;14;74;12.6;5.1;-1.1;4.9;1.5;-1.8;0.3;-0.1;0.23;1.1;1.9;8.72;414;119;106;57;98696;0.48;0;0.39;0.34
2004;3;15;75;14;5.2;-2.6;6.7;1.8;-3.1;0.4;-0.2;0.18;1.1;1.9;4.48;545;155;125;67;99167;0.75;0;0.4;0.34
2004;3;16;76;17.5;7.4;-1.9;6.8;1.9;-2.9;1.1;0;0.15;1.1;1.9;2.03;566;164;132;76;99151;1.06;0;0.4;0.34
2004;3;17;77;20.2;10.2;0;9.4;3;-1.5;0.7;-0.1;0.14;1.1;1.9;0.82;576;169;136;78;98898;1.29;0;0.39;0.34
2004;3;18;78;21.5;11;0.4;6.7;3;-1.6;0.8;0.8;0.13;1.1;1.9;0.3;603;179;153;95;98491;1.49;0;0.39;0.34
2004;3;19;79;21.1;11.8;2.3;7.3;3.4;-0.5;1.2;0.6;0.13;1.1;1.9;0.09;586;166;135;89;97964;1.48;0;0.39;0.34
2004;3;20;80;17.9;11.5;4.3;8.4;5.6;2.7;1.4;0.8;0.13;1.2;1.9;0;466;122;96;61;97591;1.11;0;0.39;0.34
2004;3;21;81;16.2;11.6;6.7;7.3;6.3;5.1;2.4;1.5;0.13;1.2;1.9;0;490;147;109;71;96956;1.22;1.95;0.38;0.34
2004;3;22;82;9.1;6.4;3.8;7.5;4.1;2.5;0.6;-0.2;0.13;1.2;1.9;0;164;38;46;26;97198;0.88;14.25;0.4;0.34
2004;3;23;83;4;3.5;2.9;3;2.4;1.8;0.4;-1.7;0.14;1.2;1.9;0.49;72;20;39;14;96562;0.67;21.72;0.4;0.34
2004;3;24;84;6.5;4.5;3.3;4.6;2.7;1.6;1.8;-0.9;0.14;1.2;1.9;0.54;109;34;22;14;95876;1.21;21.25;0.42;0.34
2004;3;25;85;6;4.1;1.8;2;-0.3;-3.3;2.1;-0.8;0.14;1.2;1.9;0.32;200;65;56;33;96559;1.49;4.44;0.43;0.35
2004;3;26;86;4.8;2.5;-0.1;-1.9;-3.2;-5.6;-0.6;-1.3;0.14;1.3;1.9;0.36;283;91;88;48;97075;0.89;0.78;0.42;0.35
2004;3;27;87;5.4;2;-0.9;-1.6;-3.7;-5.9;-0.1;-0.8;0.15;1.3;1.9;0.87;296;87;81;47;97259;0.7;0.93;0.41;0.35
2004;3;28;88;8.5;3.4;-1.6;-0.2;-1.7;-3;-0.6;0;0.15;1.3;1.9;0.81;378;117;105;60;97758;0.91;0.48;0.41;0.36
2004;3;29;89;11.2;5.4;0.2;0.7;-0.5;-2.4;-0.5;0.2;0.14;1.3;1.9;0.47;546;164;114;67;98141;1.22;0;0.4;0.36
2004;3;30;90;8.3;5.2;1.8;0.8;-0.2;-0.9;-1.2;0.3;0.14;1.3;1.9;0.23;359;103;62;44;98222;0.84;0.06;0.4;0.36
2004;3;31;91;12.2;6.4;0.9;3.6;1.2;-1.6;-0.9;1.4;0.14;1.4;1.9;0.13;560;167;100;72;97736;1.21;0;0.4;0.36
2004;4;1;92;14.9;9.1;1.8;7.9;5;0.8;-0.9;-0.6;0.14;1.4;1.9;0.03;536;140;94;48;97400;1.13;0.01;0.39;0.36
2004;4;2;93;14.9;10;4.9;6.3;4.8;3.8;-1.3;0.4;0.14;1.4;1.9;0;498;138;94;54;97817;1.3;0;0.39;0.36
2004;4;3;94;17.5;11.7;5.7;9;6.4;3.1;-0.7;-0.5;0.14;1.4;1.9;0;587;162;106;66;98006;1.52;0.23;0.39;0.36
2004;4;4;95;18.6;12.3;6.2;10;7.8;5.4;0.6;0;0.14;1.4;1.9;0;549;165;112;64;98028;1.74;2.97;0.38;0.36
2004;4;5;96;13.5;8.8;4.4;9;6.8;3.3;1;0.6;0.14;1.4;1.9;0;274;75;85;45;97385;1.28;9.83;0.39;0.36
2004;4;6;97;6.5;4.8;3.6;4.6;3.8;3;0.6;0.3;0.14;1.5;1.9;0.07;181;52;38;24;96746;1.08;16.16;0.4;0.36
2004;4;7;98;7.3;4.2;-0.2;3.8;1.9;-1.2;1.3;0.1;0.15;1.5;1.9;0.12;263;75;89;49;96481;1.13;2.65;0.4;0.36
2004;4;8;99;12.5;5.5;-3.3;1.3;-1.7;-4.4;0.8;0.8;0.15;1.5;1.9;0.04;656;206;137;91;97101;1.88;0.48;0.4;0.37
2004;4;9;100;11;5.9;-0.2;4.1;1.1;-2.3;-0.3;-0.6;0.15;1.5;1.9;0;465;114;78;46;97107;1.09;2.89;0.4;0.37
2004;4;10;101;9.4;6.7;4.4;5.1;4;3.3;-0.1;-0.1;0.15;1.5;1.9;0;211;64;55;27;96858;0.88;1.12;0.4;0.37
2004;4;11;102;14;7.8;-0.2;6;2;-0.3;0.4;-0.8;0.15;1.6;1.9;0;515;163;102;69;97192;1.67;0.07;0.4;0.37
2004;4;12;103;10.6;7.3;3.8;3.8;1;-1.4;-0.9;-2.2;0.15;1.6;1.9;0;411;118;70;48;97686;1.66;2.55;0.4;0.37
2004;4;13;104;11.4;7.5;4.6;4.6;2.5;0.2;0.4;-2.9;0.15;1.6;1.9;0;370;90;63;31;97227;2.49;11.48;0.4;0.37
2004;4;14;105;9.5;7.2;5;5.4;3.5;2.1;0.1;-2;0.15;1.6;1.9;0;204;60;31;22;97700;1.71;5.83;0.41;0.37
2004;4;15;106;12.8;9;4.4;5.7;4.1;2.4;-0.9;1.3;0.15;1.6;1.9;0;435;127;91;50;98307;1.46;0.46;0.4;0.37
2004;4;16;107;15.8;10.9;5.2;6.6;5.3;4.2;0.6;2.1;0.15;1.7;1.9;0;568;154;87;55;97706;1.7;0.19;0.4;0.37
2004;4;17;108;13.9;10.8;7.6;8.4;7.4;5.9;-0.5;1.3;0.15;1.7;1.9;0;336;98;56;36;96628;1.38;2.07;0.4;0.37
2004;4;18;109;17.1;11.6;6.2;9.8;8.4;6.1;-0.5;1.3;0.15;1.7;1.9;0;547;163;105;52;95926;1.81;0.75;0.4;0.37
2004;4;19;110;16.3;10.9;6.5;9.4;8.1;5.9;-0.2;1.3;0.15;1.8;1.9;0;588;161;89;57;95719;1.87;6.54;0.39;0.37
2004;4;20;111;10.1;9;7.8;8.2;7.3;6.1;0.4;-1.8;0.15;1.8;1.9;0;147;42;34;14;96616;1.44;14.62;0.41;0.37
2004;4;21;112;17.7;13;7.4;9.7;7.1;6.2;0.3;-0.1;0.15;1.8;1.9;0;588;190;113;66;97560;2.39;0.89;0.41;0.37
2004;4;22;113;20.6;14;4.7;9.9;7.6;4.2;0;0.2;0.16;1.8;1.9;0;674;212;130;79;97370;2.57;0;0.4;0.38
2004;4;23;114;21.1;15.3;8.1;10.9;8.6;6.9;0;-1.1;0.16;1.9;1.9;0;583;204;117;76;97313;2.66;0.25;0.4;0.38
2004;4;24;115;14.2;11;7.8;10.8;5.9;1.7;0.4;-2.3;0.16;1.9;1.9;0;375;106;68;51;97495;1.92;3.57;0.4;0.38
2004;4;25;116;13.6;9.5;5.1;4;2.7;1.8;-0.7;-2.6;0.16;1.9;1.9;0;556;176;93;74;97845;2.09;0.33;0.39;0.38
2004;4;26;117;14.1;10.4;6.4;7;4.8;2.6;-0.6;-1.4;0.16;2;1.9;0;281;105;85;47;97884;1.39;0.14;0.39;0.38
2004;4;27;118;16;11.4;5.1;7.2;5.6;3.2;-0.6;0.5;0.16;2;1.9;0;574;173;111;68;97462;2.06;0.27;0.39;0.38
2004;4;28;119;19.1;13.7;7.8;8.7;6.7;4.2;-0.5;1.4;0.16;2;1.9;0;610;217;116;86;97156;2.67;0.06;0.39;0.38
2004;4;29;120;21.1;14.9;8.4;8.8;7.5;5.6;1.1;2.3;0.16;2.1;1.9;0;702;239;128;94;96715;3.14;0;0.38;0.38
2004;4;30;121;18.5;13.7;8.7;9.4;7.8;6.4;-0.1;2.2;0.16;2.1;1.9;0;515;168;87;70;96557;2.23;0.15;0.38;0.38
2004;5;1;122;18.6;14.6;11;11.4;10.1;8.3;-0.1;1.3;0.16;2.1;1.9;0;514;181;93;65;96628;2.36;1.65;0.38;0.38
2004;5;2;123;19.6;14;7.5;11.4;9;6.4;0.4;0.7;0.16;2.1;1.9;0;565;189;109;75;96726;2.71;1.71;0.37;0.38
2004;5;3;124;19.4;13.6;6.2;9.3;7.4;4.7;1.1;1.6;0.16;2.2;1.9;0;591;186;96;77;96671;2.57;0.08;0.37;0.38
2004;5;4;125;16.9;12.9;7.4;11.7;9.6;6.3;-0.4;2;0.16;2.2;1.9;0;404;131;75;57;96003;2.01;2.85;0.37;0.38
2004;5;5;126;17.2;13.1;9.4;11.4;9.5;7.6;-0.4;2.9;0.17;2.2;1.9;0;626;182;93;63;95355;2.5;3.39;0.37;0.38
2004;5;6;127;16.1;11.6;7.3;10.5;7;3.1;0.3;1.7;0.17;2.3;1.9;0;507;113;116;56;95140;2.15;6.2;0.37;0.38
2004;5;7;128;13.9;9.6;5.8;7.8;5.6;4;0.6;0.6;0.17;2.3;1.9;0;485;152;87;62;95889;2.02;4.54;0.37;0.38
2004;5;8;129;11.7;8.1;3.7;8.3;5.6;3.1;0.8;0.2;0.17;2.3;1.9;0;398;124;83;57;96339;1.94;4.73;0.38;0.38
2004;5;9;130;15.7;9.7;2;6.7;4.9;1.8;1.3;0.6;0.17;2.4;1.9;0;595;201;102;72;96462;2.6;0.62;0.38;0.38
2004;5;10;131;15.9;11.2;5.9;7.7;5.8;4;1;-0.2;0.17;2.4;1.9;0;623;210;113;76;96900;2.79;0.63;0.37;0.38
2004;5;11;132;18.6;13.1;4.8;9.7;6.8;4;0.6;-0.5;0.17;2.4;1.9;0;582;213;115;84;97362;2.91;0.73;0.37;0.38
2004;5;12;133;19.2;14.2;6.3;11.2;8;5;-0.2;-0.1;0.17;2.5;1.9;0;627;228;113;76;97206;3.21;0.76;0.37;0.38
2004;5;13;134;17.2;13;9.7;11.4;8.7;5.8;-0.2;-2.8;0.17;2.5;1.9;0;539;157;89;60;96806;2.85;7.22;0.37;0.38
2004;5;14;135;15.9;11.8;8.4;5.6;2.8;0.6;-1.2;-2.4;0.17;2.5;1.9;0;644;225;121;88;97753;3.27;0;0.37;0.38
2004;5;15;136;17.3;12.4;4.8;8.4;4.9;1;0.3;-0.3;0.17;2.5;1.9;0;561;189;106;68;98104;2.65;0.19;0.37;0.38
2004;5;16;137;14.9;11.7;8.3;8.8;4.9;2.4;0.3;-2.5;0.17;2.6;1.9;0;658;179;102;65;97873;3.05;6.11;0.37;0.38
2004;5;17;138;15.4;11.5;6.9;9.2;6.8;3.1;0.5;-1.4;0.17;2.6;1.9;0;395;154;85;62;98199;2.14;1.11;0.37;0.38
2004;5;18;139;20.3;14.4;6.3;10.6;8.4;5.6;0.5;0.8;0.17;2.6;1.9;0;571;209;102;70;98170;3.07;0;0.36;0.38
2004;5;19;140;21.7;16.2;8.8;14.3;11.3;8.2;0.8;0.1;0.17;2.6;1.9;0;545;190;96;66;98014;2.8;0.32;0.36;0.38
2004;5;20;141;24.2;17.9;8.7;13.6;10.9;8;0.7;0.9;0.17;2.7;1.9;0;633;233;117;85;97688;3.71;0;0.36;0.38
2004;5;21;142;23.4;17.6;10.8;14.4;12.4;10;0.6;0.7;0.17;2.7;1.9;0;633;219;105;79;97047;3.39;3.04;0.35;0.38
2004;5;22;143;13.2;11.2;8.7;12;9.3;7.1;-0.4;-1.4;0.17;2.7;1.9;0;424;84;52;34;97329;2.2;13.44;0.36;0.38
2004;5;23;144;12.8;9.9;6.4;6.7;2.2;-3.2;1.3;-1.3;0.17;2.7;1.9;0;540;191;126;79;97671;3.17;1.08;0.36;0.38
2004;5;24;145;15.1;10.2;3.9;3.6;0.9;-0.8;0.6;-0.6;0.17;2.7;1.9;0;648;238;118;94;98064;3.34;0.26;0.36;0.38
2004;5;25;146;16.9;11.8;3.9;7.3;4.7;2.5;-0.1;0.2;0.17;2.8;1.9;0;566;206;111;82;97910;2.94;0.03;0.36;0.38
2004;5;26;147;20.7;14.5;5.4;10.7;7.4;4.4;0.3;1.1;0.17;2.8;1.9;0;689;249;123;91;97605;3.65;0.09;0.35;0.38
2004;5;27;148;19.1;14.1;7.6;10.4;8.8;5.9;-1;-0.9;0.17;2.8;1.9;0;628;205;96;68;97730;3.05;1.43;0.35;0.38
2004;5;28;149;12;10.7;9.4;10.2;8.4;6.1;0.1;-1.9;0.17;2.8;1.9;0;128;49;44;27;98056;1.75;8.96;0.36;0.38
2004;5;29;150;16.7;13.1;8.9;8.5;6.5;5.1;-0.3;-2.5;0.17;2.9;1.9;0;548;160;74;53;98182;2.98;0.14;0.36;0.38
2004;5;30;151;20;15.4;9.9;10.1;6.8;5.3;0.1;-1.1;0.17;2.9;1.9;0;722;232;122;80;98097;3.68;0;0.35;0.37
2004;5;31;152;21.6;16;7.2;12.5;8.8;6;0;0;0.17;2.9;1.9;0;648;246;120;85;97668;3.78;0.07;0.35;0.37
2004;6;1;153;18.8;15.2;10.7;13.5;11.8;9.4;-0.2;-0.3;0.17;2.9;1.9;0;509;152;78;49;97521;2.52;5.71;0.35;0.37
2004;6;2;154;18;14.3;10.4;12.5;11;8.5;0.5;-0.9;0.17;2.9;1.9;0;492;112;79;47;97337;2.04;3.75;0.35;0.37
2004;6;3;155;17.4;13.8;7.7;11.7;9.8;6.9;0.1;-1.4;0.17;3;1.9;0;433;169;78;50;97369;2.63;1.82;0.35;0.37
2004;6;4;156;17.2;14.3;13;13.3;12.5;11.7;-0.6;-1.6;0.17;3;1.9;0;261;64;61;22;97546;1.53;10.78;0.36;0.37
2004;6;5;157;16.7;14.3;11.4;12.7;11.6;10.3;0.3;0.1;0.17;3;1.9;0;313;100;75;39;97260;1.69;4.13;0.36;0.37
2004;6;6;158;19.3;15.4;11.5;10.7;9.4;8.1;0.5;-2;0.17;3;1.9;0;519;184;86;58;97565;3.46;0.86;0.36;0.37
2004;6;7;159;21.5;17.1;10.4;13.7;9.8;7.5;0.1;-0.6;0.17;3;1.9;0;589;222;106;79;98027;3.6;0.03;0.36;0.37
2004;6;8;160;24.7;19.2;11;15.1;12.3;9.7;0.7;-0.2;0.17;3.1;1.9;0;700;251;124;81;98096;4.16;0.09;0.35;0.37
2004;6;9;161;28.9;21.6;12.3;17.1;13.7;11.1;1;-0.1;0.17;3.1;1.9;0;667;251;120;81;98016;4.5;0.19;0.35;0.37
2004;6;10;162;29.2;21.5;14.2;19.1;16.5;13.4;0.5;0.1;0.17;3.1;1.9;0;692;229;107;72;97913;4.02;1.99;0.34;0.37
2004;6;11;163;26.6;20.1;15.1;18.8;17.2;14.6;0.5;-0.2;0.17;3.1;1.9;0;642;166;94;52;97626;2.84;31.53;0.35;0.37
2004;6;12;164;22.2;18.1;15.1;17.4;15.7;13.7;0.3;-0.2;0.17;3.2;1.9;0;481;138;76;40;97577;2.85;28.58;0.37;0.37
2004;6;13;165;16.5;14.8;13.3;12.1;10;8.1;1.3;-1.4;0.17;3.2;1.9;0;289;87;52;40;97980;2.52;3.02;0.39;0.37
2004;6;14;166;20.4;17;13;12.1;10;8.2;-0.3;-1.5;0.17;3.2;1.9;0;502;191;93;63;98328;3.58;0.33;0.39;0.37
2004;6;15;167;23.5;17.9;10;14.2;11.6;8.8;0.9;0.6;0.17;3.2;1.9;0;670;244;111;81;97667;4.19;0;0.38;0.37
2004;6;16;168;20.8;17.1;13.1;15.6;13.2;9.9;-0.2;-0.6;0.17;3.2;1.9;0;381;148;82;58;97213;2.71;4.57;0.38;0.37
2004;6;17;169;21.3;16.2;10.2;11.5;9.6;7.9;0.1;1.5;0.17;3.2;1.9;0;499;195;100;73;97313;3.46;0;0.38;0.37
2004;6;18;170;23.4;17.5;10.8;15.2;12.9;9.7;0.2;0.3;0.17;3.3;1.9;0;606;216;101;71;96676;3.71;5.5;0.38;0.37
2004;6;19;171;22.6;17.2;10.9;17;14.1;10.6;0.1;0.3;0.17;3.3;1.9;0;631;188;86;56;96540;3.37;5.43;0.38;0.37
2004;6;20;172;17.6;15.6;13.4;15.1;13;11.1;-0.1;-0.5;0.17;3.3;1.9;0;251;84;56;27;96541;2.22;13.15;0.38;0.37
2004;6;21;173;19.5;15.9;10.9;13.3;10.7;9.1;0.1;0.2;0.17;3.3;1.9;0;478;178;90;57;97295;3.11;1.62;0.39;0.37
2004;6;22;174;22.5;17.2;10.9;15.7;13.3;10.7;0.4;0.4;0.17;3.3;1.9;0;608;203;85;60;97742;3.56;1.2;0.38;0.37
2004;6;23;175;25.3;18.8;10.9;15.3;13.5;10.7;0.6;1.1;0.17;3.3;1.9;0;694;247;107;72;97338;4.43;0.01;0.38;0.37
2004;6;24;176;22.8;19.5;16.1;15.4;14.2;12.9;0.1;0.7;0.17;3.3;1.9;0;481;156;83;49;97210;2.91;2.9;0.38;0.37
2004;6;25;177;16.2;14.7;10.1;15;12.5;8.9;0.4;-0.8;0.17;3.4;1.9;0;173;54;87;35;97664;1.71;23.98;0.39;0.37
2004;6;26;178;21.8;16.2;8;13.6;10.7;7.1;0;0.3;0.17;3.4;1.9;0;663;237;113;79;98089;3.93;0.03;0.39;0.37
2004;6;27;179;25.4;19;12.1;17.4;14.3;11;0.2;0.3;0.17;3.4;1.9;0;697;203;106;59;97977;3.56;0.03;0.39;0.37
2004;6;28;180;26.7;20.8;15.1;19.2;17;14.5;0.5;-0.5;0.17;3.4;1.9;0;653;205;92;58;97950;3.73;6.92;0.39;0.37
2004;6;29;181;19.2;16.5;13.4;14.4;12.9;11.5;-0.4;0.2;0.17;3.4;1.9;0;380;114;67;44;98114;2.54;5.75;0.39;0.37
2004;6;30;182;22.7;17.7;10.5;14.7;12.9;10.4;0.2;1;0.17;3.4;1.9;0;572;212;94;70;97892;3.74;0.15;0.39;0.37
2004;7;1;183;27.4;20.1;13.9;17.4;15;11.9;0.2;0.7;0.17;3.4;1.9;0;728;250;110;67;97306;4.84;8.78;0.39;0.37
2004;7;2;184;17.3;15.6;13.6;14;13.4;12.2;0.6;0.1;0.17;3.5;1.9;0;163;49;42;29;97469;1.25;7.1;0.39;0.37
2004;7;3;185;22.1;17.3;10.1;14.1;11.3;9.4;0.2;0.7;0.17;3.5;1.9;0;683;231;115;81;97673;4.17;0.01;0.39;0.37
2004;7;4;186;22;18;13.8;16;13;11.6;-0.6;0.1;0.17;3.5;1.9;0;506;164;85;54;97894;2.93;0.5;0.39;0.37
2004;7;5;187;27.9;21.1;12.3;18.4;15.5;11.6;0.2;0.4;0.17;3.5;1.9;0;729;261;117;77;97675;4.58;0.16;0.38;0.37
2004;7;6;188;24.2;19.4;15.6;17.5;15.5;12.8;-0.3;-1.3;0.17;3.5;1.9;0;472;159;64;42;97748;3.37;6.03;0.38;0.37
2004;7;7;189;21.4;17.8;14.3;16.2;13.7;11.7;-0.2;0.4;0.17;3.5;1.9;0;429;129;61;38;97861;2.64;1.57;0.38;0.37
2004;7;8;190;29.3;22.4;15.4;17.8;15.7;12.3;0.9;2.1;0.17;3.5;1.9;0;669;226;98;71;97252;4.65;0.01;0.38;0.37
2004;7;9;191;25.8;20.3;15.9;17.7;14.8;12.4;0.4;-0.1;0.17;3.6;1.9;0;559;197;84;65;97133;3.93;2.8;0.38;0.37
2004;7;10;192;20.8;16.9;11.5;13.2;10.9;8.5;0.3;-1;0.17;3.6;1.9;0;507;156;77;54;97402;3.28;0.99;0.37;0.37
2004;7;11;193;14.5;12.6;9.8;10.9;9.1;8.1;1.1;-0.7;0.17;3.6;1.9;0;335;98;80;51;97245;1.95;1.53;0.37;0.37
2004;7;12;194;19.4;14.3;7.1;10.4;8.6;6.3;0.9;-0.3;0.17;3.6;1.9;0;647;202;105;74;96947;3.4;0.29;0.37;0.37
2004;7;13;195;19.6;15;8.9;10;9.1;7.5;1.3;-1.5;0.17;3.6;1.9;0;610;221;104;78;97172;3.79;0.24;0.37;0.37
2004;7;14;196;20.4;15.5;10.5;11.2;9.3;7.3;0.7;-0.8;0.17;3.6;1.9;0;647;208;103;73;97644;3.61;0.09;0.36;0.37
2004;7;15;197;20.9;16.8;11.9;13.7;12;10.4;0.9;-0.2;0.17;3.6;1.9;0;360;117;83;41;97580;2.17;0.49;0.36;0.37
2004;7;16;198;24.6;19.7;14.1;18.3;15.7;12.6;0.5;0.4;0.17;3.6;1.9;0;572;196;87;57;97672;3.27;0.56;0.36;0.37
2004;7;17;199;25.3;20.1;13.6;19.4;16.7;13.5;0.3;0.6;0.17;3.6;1.9;0;630;207;89;56;97799;3.69;1.68;0.35;0.37
2004;7;18;200;28.5;22.3;13.7;18;15.4;13.1;0.6;0.9;0.17;3.6;1.9;0;663;237;102;77;97742;4.54;0;0.35;0.37
2004;7;19;201;28.1;21.8;14.8;18.9;16.3;13.3;0.7;-0.4;0.17;3.6;1.9;0;631;206;92;68;97732;3.95;1.6;0.35;0.37
2004;7;20;202;29;22.6;15.2;18.9;17.5;15;0.5;1.3;0.17;3.6;1.9;0;653;232;93;65;97577;4.41;0.04;0.34;0.37
2004;7;21;203;28.9;23.6;16.6;20.3;17.3;15.5;0;-0.5;0.17;3.6;1.9;0;696;231;100;70;97658;4.31;0;0.34;0.37
2004;7;22;204;29.8;23.3;17.6;20.9;19.2;16.8;0.8;-0.4;0.17;3.6;1.9;0;648;208;92;63;97786;3.83;3.6;0.34;0.37
2004;7;23;205;27.2;21.8;15.8;21;19;15.4;0.4;-0.3;0.17;3.6;1.9;0;618;187;83;63;97813;3.24;1.12;0.33;0.37
2004;7;24;206;25.4;20.8;16.1;19;17.7;15.1;0.5;-1;0.17;3.6;1.9;0;528;161;76;48;97613;3.49;6.53;0.33;0.37
2004;7;25;207;25;21.1;17.8;15.9;15.2;14;-0.2;-2.4;0.17;3.6;1.9;0;624;193;90;60;97427;4.13;0.18;0.34;0.37
2004;7;26;208;23.3;19.7;15.9;15.4;13.3;11.7;0.3;-1.5;0.17;3.6;1.9;0;482;166;82;62;97102;3.3;0.53;0.33;0.37
2004;7;27;209;21.1;17.4;14.6;11.3;9.4;7.4;0.8;-2.6;0.17;3.6;1.9;0;417;125;84;56;97354;2.98;0.48;0.33;0.37
2004;7;28;210;20.4;16.9;13.1;9.8;8.5;7.2;0.9;-2.3;0.17;3.6;1.9;0;589;163;100;65;97623;3.28;0.2;0.33;0.37
2004;7;29;211;20.1;17.3;15.8;14.3;10.9;8;0.5;-1.3;0.17;3.6;1.9;0;273;81;60;34;97563;1.9;0.56;0.32;0.37
2004;7;30;212;24.9;19;11.2;16.1;13.7;10.6;0.1;-0.9;0.17;3.6;1.9;0;538;173;82;55;97668;3.17;0.3;0.32;0.37
2004;7;31;213;26.8;21.3;13;16.4;13.7;12.3;0.2;-0.9;0.17;3.6;1.9;0;705;246;117;82;97773;4.2;0.03;0.32;0.37
2004;8;1;214;27.2;20.8;14.1;17.8;16;13.3;0.8;-0.6;0.17;3.6;1.9;0;610;200;100;66;97525;3.51;2.4;0.32;0.37
2004;8;2;215;25.4;20.5;14.9;17.3;15.9;14.3;0.3;-0.3;0.17;3.6;1.9;0;532;183;86;64;97350;3.09;1.08;0.31;0.37
2004;8;3;216;25.2;20;14.7;18;16.6;14.2;0.3;0.1;0.17;3.6;1.9;0;574;183;91;61;97120;3.29;7.19;0.31;0.37
2004;8;4;217;25;20.3;14.5;17.6;16.1;13.9;0.3;-0.5;0.17;3.6;1.9;0;494;186;88;62;97159;3.52;1.37;0.32;0.37
2004;8;5;218;25.8;21.1;14.5;18.3;15.8;13.5;-0.4;0;0.17;3.6;1.9;0;628;199;96;67;97184;3.47;0.4;0.31;0.37
2004;8;6;219;25.5;20.9;16.6;18.8;17;15.1;-0.8;-0.5;0.17;3.6;1.9;0;536;179;85;56;97317;3.09;13.22;0.31;0.37
2004;8;7;220;23;19.3;15.4;18.9;17.3;15.2;0;-0.6;0.17;3.5;1.9;0;441;149;66;51;97414;2.88;4.84;0.32;0.37
2004;8;8;221;23.1;19.3;15.3;17.9;16.3;15.1;-0.5;-0.7;0.17;3.5;1.9;0;505;157;79;47;97289;2.93;2.26;0.32;0.37
2004;8;9;222;24.1;19.3;14.9;17.3;15.9;13.9;0.1;-0.9;0.17;3.5;1.9;0;584;186;93;66;97324;3.4;2.34;0.32;0.37
2004;8;10;223;24.9;19.8;12.6;16.8;14.9;12.3;0;0;0.17;3.5;1.9;0;619;212;101;74;97495;3.72;0.09;0.32;0.37
2004;8;11;224;26.1;21.8;16.2;18.6;16.6;14.4;0;0.9;0.17;3.5;1.9;0;591;176;88;58;97294;3.17;0.05;0.32;0.37
2004;8;12;225;27.1;22.6;16.7;20.9;18.7;15.6;0.1;1;0.17;3.5;1.9;0;547;180;78;55;97004;3.27;0.91;0.31;0.37
2004;8;13;226;22;20;16.3;18;14.2;10.5;1.1;0.3;0.17;3.5;1.9;0;273;90;72;50;96917;1.96;0.04;0.31;0.37
2004;8;14;227;23.3;18.7;14.7;14.6;12.6;10.5;1;-0.2;0.17;3.5;1.9;0;533;184;101;64;97286;3.33;2.65;0.31;0.37
2004;8;15;228;22.8;18.6;14.5;15.5;13.5;10.8;0.4;-0.9;0.17;3.5;1.9;0;559;181;93;65;97816;3.34;0.38;0.31;0.37
2004;8;16;229;23.7;19;12.9;15.9;13.6;12.2;0.3;1.4;0.17;3.5;1.9;0;522;171;92;65;97571;3.09;0.17;0.31;0.37
2004;8;17;230;26.4;21;15.4;16.1;14.4;11.9;0.2;1.9;0.17;3.5;1.9;0;603;188;93;69;97289;3.38;0;0.3;0.37
2004;8;18;231;28.7;22.6;16;16;14.7;13;2.1;1.9;0.16;3.4;1.9;0;651;219;104;84;97246;4.07;0;0.3;0.36
2004;8;19;232;30.3;23.7;17.1;17.8;16.2;13.8;1.4;1.1;0.16;3.4;1.9;0;663;219;110;81;97184;3.91;0;0.3;0.36
2004;8;20;233;27.9;21.4;17.2;19.2;16.2;13;0.9;-0.5;0.16;3.4;1.9;0;569;165;82;54;96958;3.05;1.17;0.29;0.36
2004;8;21;234;19.3;17.2;14.4;16;13.3;9.2;0.9;-1.2;0.16;3.4;1.9;0;227;65;44;29;97153;2.57;14.61;0.3;0.36
2004;8;22;235;21.5;17.6;13.5;12.2;9.6;8.4;1;-1.6;0.16;3.4;1.9;0;589;195;105;77;97882;3.71;0.01;0.3;0.36
2004;8;23;236;23.2;18.2;13.8;13.4;11.5;9.6;0.1;1.1;0.16;3.3;1.9;0;431;158;101;66;98162;2.64;0;0.3;0.36
2004;8;24;237;26.2;19.7;13.2;15.1;13.5;11.5;1.1;1.8;0.16;3.3;1.9;0;596;191;93;70;97625;3.29;0.73;0.3;0.36
2004;8;25;238;21.9;18.3;15.3;15.6;14.1;12.6;0.1;-0.9;0.16;3.3;1.9;0;330;96;66;35;97359;2.09;3.38;0.3;0.36
2004;8;26;239;15.9;14.6;12.9;14.7;12.4;9.2;1.4;-1.4;0.16;3.3;1.9;0;95;31;73;30;96976;1.62;22.36;0.31;0.36
2004;8;27;240;21.4;16.6;11.6;12.4;9.4;7.5;1.2;-0.7;0.16;3.2;1.9;0;548;186;114;80;97412;3.28;0;0.32;0.36
2004;8;28;241;24;18.3;10.9;14.6;12;8.5;0.2;0.9;0.16;3.2;1.9;0;639;207;116;80;97556;3.3;0;0.31;0.36
2004;8;29;242;24.3;19.2;13.7;16.1;14.3;11.8;-0.1;1.1;0.16;3.2;1.9;0;604;177;102;69;97563;2.87;0.03;0.31;0.36
2004;8;30;243;25.2;19.4;12.9;15.5;14.1;12.3;0.6;1;0.16;3.2;1.9;0;585;176;104;71;97410;3.03;0.02;0.31;0.36
2004;8;31;244;16;15;13.6;13.8;12.3;10.5;-0.1;-0.7;0.16;3.1;1.9;0;102;32;56;24;97635;1.13;3.74;0.31;0.36
2004;9;1;245;16.1;14.2;12.9;11.2;10.4;9.6;0.6;0;0.16;3.1;1.9;0;167;49;66;32;97917;1.06;2.29;0.31;0.36
2004;9;2;246;19;14.9;9.2;13.8;11.5;8.7;0.1;0;0.16;3.1;1.9;0;410;119;62;46;98063;1.77;0.03;0.31;0.36
2004;9;3;247;23.3;17.7;11.8;16.3;13.3;11.4;0.3;-0.1;0.16;3.1;1.9;0;544;166;96;56;98317;2.54;0;0.31;0.36
2004;9;4;248;23.6;17.8;11.6;15.7;13.8;11.3;0.8;-1.1;0.16;3.1;1.9;0;432;135;86;59;98506;2.18;0.35;0.31;0.36
2004;9;5;249;22.1;17.8;12.9;14;12.5;11.3;-0.5;-1.7;0.16;3;1.9;0;540;153;93;66;98580;2.55;0.21;0.3;0.36
2004;9;6;250;22.5;17.6;13.1;14;12.6;11.2;-0.3;-1.1;0.16;3;1.9;0;495;143;86;61;98589;2.24;0;0.3;0.36
2004;9;7;251;22.8;17.5;12.3;13.8;11.3;10;0.4;-0.5;0.16;3;1.9;0;489;153;99;65;98559;2.45;0;0.3;0.36
2004;9;8;252;23.5;17.4;11.3;13.2;10.1;6.7;0.5;-1.7;0.16;3;1.9;0;524;161;108;78;98434;2.66;0.09;0.3;0.36
2004;9;9;253;18.4;14.1;10.2;7.4;5.6;3.7;-1.1;-1.5;0.15;2.9;1.9;0;592;190;122;95;98790;2.63;0;0.3;0.36
2004;9;10;254;17.4;12.5;6.8;8.3;5.5;3.5;-0.3;0.3;0.15;2.9;1.9;0;598;198;127;95;98710;2.34;0;0.29;0.36
2004;9;11;255;20.5;14.3;8.1;9.9;7.6;4.6;0.1;1.6;0.15;2.9;1.9;0;581;181;111;84;98251;2.26;0;0.29;0.36
2004;9;12;256;23.6;16.3;9.6;15.7;12;8.2;1.2;0.4;0.15;2.9;1.9;0;549;144;91;53;97691;2.13;7.2;0.29;0.36
2004;9;13;257;20.8;15.5;9.4;13;11.7;9.2;0.8;1.1;0.15;2.9;1.9;0;505;129;87;58;97787;2.1;0.01;0.29;0.36
2004;9;14;258;23.7;17.4;10.5;14.3;12.9;10;0.7;1.4;0.15;2.8;1.9;0;565;169;113;74;97520;2.3;0;0.29;0.36
2004;9;15;259;19.9;16.9;14.2;16.4;14.6;12.4;-0.1;-0.4;0.15;2.8;1.9;0;271;59;47;27;97474;1.37;12.13;0.29;0.36
2004;9;16;260;18.2;15.1;13;11.8;9.9;6;0.2;-1.5;0.15;2.8;1.9;0;407;90;67;40;98138;1.89;0.88;0.3;0.36
2004;9;17;261;17.5;13.9;10.2;8;6.1;4.7;-0.6;-1.6;0.15;2.7;1.9;0;591;162;122;72;98528;2.52;0;0.3;0.36
2004;9;18;262;18.5;13.4;8.1;9.7;7.9;5.9;-0.3;0.3;0.15;2.7;1.9;0;582;174;126;87;98181;2.15;0;0.3;0.36
2004;9;19;263;19.3;14.2;8.9;11.9;9.5;6.6;-0.3;0.5;0.15;2.6;1.9;0;483;128;95;63;97760;1.62;0;0.3;0.36
2004;9;20;264;21.5;15.6;9.9;13.9;11.9;9.2;0.2;1.1;0.15;2.6;1.9;0;515;140;103;65;97682;1.78;0;0.29;0.36
2004;9;21;265;21.2;15.7;10.1;14.3;12.7;9.7;0.1;-0.7;0.15;2.6;1.9;0;466;103;80;45;97352;1.42;2.35;0.29;0.36
2004;9;22;266;16.7;13.2;10;12.2;10.2;8.5;0.2;1.3;0.15;2.5;1.9;0;432;115;86;57;97421;1.73;3.02;0.29;0.36
2004;9;23;267;20.8;15.2;10.8;13.6;11.7;9.3;0.8;1;0.15;2.5;1.9;0;398;99;80;45;96499;1.5;1.79;0.3;0.36
2004;9;24;268;14.3;10.7;8.1;12.8;8.7;6.8;0.3;-0.2;0.15;2.4;1.9;0;110;30;49;33;96740;1.26;17.03;0.31;0.36
2004;9;25;269;14.9;11.5;8.2;6.7;5.5;3.8;0.4;-2.5;0.15;2.4;1.9;0;407;101;82;49;97238;1.92;0.32;0.31;0.35
2004;9;26;270;15.3;11.7;8.7;7;5.1;3.4;0.1;-2.2;0.15;2.4;1.9;0;389;101;81;62;97721;1.54;0.07;0.31;0.35
2004;9;27;271;16.3;11.9;6.7;8.7;5.9;3.5;0.8;-1;0.15;2.3;1.9;0;394;105;92;63;97912;1.41;0.09;0.31;0.35
2004;9;28;272;17;13;9.4;10.5;8.9;7.4;0.4;0.5;0.15;2.3;1.9;0;293;70;78;39;97932;0.91;0;0.31;0.35
2004;9;29;273;19.7;14.2;8.8;10.8;9.7;8.1;0.5;0.9;0.15;2.2;1.9;0;518;140;110;66;97608;1.7;0.4;0.31;0.35
2004;9;30;274;18.2;13.7;9.4;12.3;10.9;8.6;-0.1;0.1;0.15;2.2;1.9;0;309;90;83;43;97845;1.25;2.47;0.31;0.35
2004;10;1;275;15.7;13.2;11.2;12.9;11.7;10.9;-0.8;0.2;0.15;2.2;1.9;0;212;51;38;23;98110;0.84;2.62;0.31;0.35
2004;10;2;276;19.2;14.7;11.1;12.3;11.4;10.6;0.2;0.4;0.14;2.1;1.9;0;379;111;89;52;98104;1.52;0.01;0.31;0.35
2004;10;3;277;18.8;14.4;10.1;12.7;11;9.4;-0.2;-0.3;0.14;2.1;1.9;0;368;104;89;56;98308;1.22;0.2;0.31;0.35
2004;10;4;278;18.8;13.7;9.4;12.1;10.7;9.3;0.1;1.3;0.14;2;1.9;0;286;86;80;51;98258;1.08;0.22;0.31;0.35
2004;10;5;279;20.7;14.7;9.6;14.8;12.1;9;-0.2;0.5;0.14;2;1.9;0;466;127;107;66;98039;1.31;0;0.31;0.35
2004;10;6;280;21.3;15.1;10.3;13.2;12.2;10.3;0;0.8;0.14;2;1.9;0;479;121;110;61;97867;1.37;0.12;0.3;0.35
2004;10;7;281;20.4;15;9.7;14.4;12.5;9.4;0.1;-0.3;0.14;1.9;1.9;0;382;94;85;45;97809;0.99;0.05;0.3;0.35
2004;10;8;282;20.5;15.4;11;14;12.5;10.9;0.3;0.9;0.14;1.9;1.9;0;322;91;93;53;97521;1.09;0.2;0.3;0.35
2004;10;9;283;16.6;12.5;9.4;13.5;10.3;8.4;-0.8;-0.4;0.14;1.8;1.9;0;292;70;56;32;97332;1.07;3.47;0.3;0.35
2004;10;10;284;10.8;9.6;7.9;8.9;7.5;6.2;-1;-1.3;0.14;1.8;1.9;0;146;30;26;15;97328;1.25;10.6;0.31;0.35
2004;10;11;285;9.8;7.6;6;5.8;2.9;-0.2;-1;-1.8;0.14;1.8;1.9;0;244;49;51;32;98057;1.44;2.78;0.31;0.35
2004;10;12;286;8.1;6.1;3.8;4.9;1.2;-1.2;-1;-1.1;0.14;1.7;1.9;0;289;62;58;30;98638;0.92;2.04;0.31;0.35
2004;10;13;287;6.3;5.2;4.5;5.3;2.6;1.2;-1.7;0.3;0.14;1.7;1.9;0;71;17;20;15;98426;0.81;2.24;0.32;0.35
2004;10;14;288;7.4;5.8;4.6;4.3;3;1.4;-0.9;0.6;0.14;1.6;1.9;0;147;33;24;16;97631;0.48;0.19;0.32;0.35
2004;10;15;289;10.7;7.3;4.5;7.6;5.6;3.5;-0.2;1.5;0.14;1.6;1.9;0;150;32;62;25;96802;0.53;1.51;0.32;0.35
2004;10;16;290;12.2;8.5;3.7;8.9;7;3.3;0.3;0;0.14;1.6;1.9;0;222;37;71;35;96217;0.51;8.36;0.32;0.35
2004;10;17;291;10.6;6.3;3.8;4.9;3.4;1.8;0.6;0.2;0.14;1.6;1.9;0;317;53;104;52;96618;0.9;13.84;0.34;0.35
2004;10;18;292;15.2;7.4;1;5.6;3.1;0.1;1.2;0.7;0.14;1.6;1.9;0;468;123;123;85;97183;1.02;0;0.34;0.35
2004;10;19;293;14.7;8;1.6;9;5.1;0.8;0.8;0.5;0.14;1.5;1.9;0;376;95;92;64;97312;0.75;0;0.34;0.35
2004;10;20;294;14.8;9.7;2.9;10.4;7.4;2.5;0.1;0.5;0.13;1.5;1.9;0;403;91;90;49;97381;0.68;0;0.34;0.35
2004;10;21;295;20.9;13.7;7.4;14.1;11.1;6.9;0.1;-0.2;0.13;1.5;1.9;0;400;104;96;54;97392;0.96;1.52;0.33;0.35
2004;10;22;296;13.8;12.9;12;13.2;12.7;11.9;-0.6;-0.5;0.13;1.5;1.9;0;86;17;14;3;97996;0.25;5.01;0.34;0.35
2004;10;23;297;19;14;8.7;13;11.9;8.3;0.5;0.6;0.13;1.5;1.9;0;393;96;114;55;97900;0.97;0.03;0.34;0.35
2004;10;24;298;18.8;11.4;6;12.4;9.2;5.6;0.9;0.8;0.13;1.5;1.9;0;429;104;120;74;97677;0.78;0;0.34;0.35
2004;10;25;299;19.1;11.6;6.1;12.6;9.2;5.6;0.6;0.4;0.13;1.5;1.9;0;424;107;121;74;97411;0.81;0;0.34;0.35
2004;10;26;300;19.9;12.1;5.9;12.7;9.6;5.8;0.9;0.7;0.13;1.4;1.9;0;406;103;112;69;97045;0.85;0;0.34;0.35
2004;10;27;301;18.8;12.2;6.4;13;10.1;6.4;0.2;1;0.13;1.4;1.9;0;352;81;86;56;96864;0.65;0;0.34;0.35
2004;10;28;302;19;14.2;10.1;12.8;11;9.5;0.3;2.5;0.13;1.4;1.9;0;308;76;85;56;96739;0.76;0.01;0.34;0.35
2004;10;29;303;18.9;14.4;10.7;11.9;10.5;8.6;0.8;2.7;0.13;1.4;1.9;0;350;81;88;60;96580;1.02;1.23;0.33;0.35
2004;10;30;304;19.4;15;11.8;13.7;12.2;10.6;0.1;1.4;0.13;1.4;1.9;0;306;73;104;49;96733;0.93;0.78;0.33;0.35
2004;10;31;305;12.5;11.7;10.9;10.9;10.1;9;-0.1;-1.1;0.13;1.4;1.9;0;105;19;37;13;97411;0.59;6.55;0.34;0.35
2004;11;1;306;15;12.5;10.6;11.9;10.7;9.8;-0.4;0.5;0.12;1.4;1.9;0;175;42;47;25;97767;0.47;0;0.34;0.35
2004;11;2;307;17.2;12.9;10.4;13.3;11.6;10.4;-0.2;-0.1;0.12;1.4;1.9;0;291;66;76;33;97896;0.55;0.15;0.34;0.35
2004;11;3;308;16.1;13.2;11.6;12.5;12;11.5;-0.2;0.1;0.12;1.3;1.9;0;215;48;64;24;98231;0.47;0.32;0.34;0.35
2004;11;4;309;14;12.5;11;12.2;11.3;9.8;-0.8;0.5;0.12;1.3;1.9;0;203;46;53;20;98261;0.5;0.57;0.34;0.35
2004;11;5;310;12.9;10.9;8.3;9.7;9.1;8;-0.4;0.1;0.12;1.3;1.9;0;221;46;52;29;98087;0.48;0.58;0.34;0.35
2004;11;6;311;10.2;8.4;5.9;8.8;5.6;4.6;-0.2;0.3;0.12;1.3;1.9;0;160;38;56;39;97822;0.38;0.42;0.34;0.35
2004;11;7;312;8.4;5;0.8;4.7;2.2;-0.4;0.2;-0.5;0.12;1.3;1.9;0;307;74;101;73;97413;0.7;1.15;0.34;0.35
2004;11;8;313;7.2;3.4;-0.4;0.1;-1.8;-2.6;-0.2;-3.2;0.12;1.3;1.9;0.01;307;72;95;61;97059;1.03;2.07;0.34;0.35
2004;11;9;314;4.4;2.1;-0.3;2;0.3;-0.7;0.5;-0.3;0.14;1.3;1.9;1.58;92;20;91;37;96518;0.96;6.36;0.34;0.35
2004;11;10;315;5.1;2.7;-0.4;3.9;1.7;-0.6;-0.4;-1.6;0.15;1.2;1.9;2;100;19;37;19;96989;0.45;4.4;0.34;0.35
2004;11;11;316;9.6;7;4.7;6.7;5.6;4;0;-1.2;0.13;1.2;1.9;1.23;148;34;35;13;97507;0.35;1.91;0.35;0.35
2004;11;12;317;12.7;9.6;7.6;9.6;7.9;5.6;0.4;-0.2;0.12;1.2;1.9;0.56;188;32;32;14;97841;0.35;0.77;0.35;0.35
2004;11;13;318;8.4;6.4;4.5;7;3.2;-3;0.6;-2;0.12;1.2;1.9;0.29;59;13;42;25;97351;0.87;7.89;0.36;0.35
2004;11;14;319;4.5;3.5;2.5;-3.2;-5;-6.5;-0.4;-5.4;0.12;1.2;1.9;0.22;219;39;63;44;97811;0.65;0.18;0.36;0.35
2004;11;15;320;4.2;2.9;0.9;-2;-4.9;-6.1;0.2;-2.8;0.13;1.2;1.9;1.07;104;24;67;34;97843;0.48;1.15;0.36;0.35
2004;11;16;321;7.4;2.6;-2;-0.7;-2.8;-5.2;1.2;-0.1;0.13;1.2;1.9;1.18;238;53;75;56;98028;0.33;0;0.36;0.35
2004;11;17;322;10.6;3.9;-0.7;3;0.1;-2.8;1.1;0.3;0.12;1.2;1.9;0.94;269;60;94;56;98100;0.34;0;0.36;0.35
2004;11;18;323;11.6;4.5;-0.7;4.7;1.4;-1.7;1.3;0.4;0.12;1.2;1.9;0.67;281;65;103;63;97315;0.37;0;0.35;0.35
2004;11;19;324;10.8;4.5;1.3;4.7;-1.8;-8.8;2.2;-0.9;0.12;1.2;1.9;0.44;232;49;110;60;96286;0.6;0.44;0.35;0.35
2004;11;20;325;4.8;1;-1.4;-5.2;-7.8;-9.8;2.1;-0.6;0.12;1.2;1.9;0.36;324;75;122;85;97467;0.5;0;0.35;0.35
2004;11;21;326;4.3;0.3;-3;-5.2;-7.7;-9.9;2;-0.5;0.11;1.2;1.9;0.36;314;69;111;84;98150;0.42;0.01;0.35;0.35
2004;11;22;327;4.7;0.7;-3.1;-1.9;-4.7;-7.3;1.1;0.3;0.11;1.2;1.9;0.34;173;36;71;44;98037;0.1;0.02;0.35;0.35
2004;11;23;328;9.3;3.9;-0.4;2.1;-0.8;-3.7;1.7;-0.2;0.11;1.2;1.9;0.31;291;61;86;58;97649;0.49;0.42;0.35;0.35
2004;11;24;329;5.1;2;-0.7;-4;-6.6;-9.7;1.1;-2;0.11;1.2;1.9;0.29;317;71;128;91;98629;0.54;0;0.35;0.35
2004;11;25;330;2.9;-0.8;-3.8;-5.7;-7.5;-9.9;0;0.6;0.11;1.2;1.9;0.24;327;73;127;87;98869;0.08;0;0.35;0.35
2004;11;26;331;6.6;0;-3.3;0.2;-3.6;-6.5;0.6;0;0.11;1.2;1.9;0.18;310;69;109;70;98294;0.06;0;0.35;0.35
2004;11;27;332;4.4;-0.3;-3;2.3;-1.6;-4;1.2;0;0.11;1.2;1.9;0.15;140;33;76;48;98128;0.03;0.37;0.35;0.35
2004;11;28;333;7.1;1.1;-2.4;2.5;-0.8;-3.8;0.5;0.8;0.11;1.2;1.9;0.15;303;65;107;61;97822;0.21;0;0.35;0.35
2004;11;29;334;7.8;3;0.4;4.1;1.3;-0.7;0.4;-0.1;0.11;1.2;1.9;0.15;194;41;63;34;97453;0.13;0.14;0.35;0.35
2004;11;30;335;3.4;2.7;1.9;3.2;2.4;1.4;-0.7;-1;0.11;1.2;1.9;0.14;46;9;7;4;97617;0.1;5.34;0.35;0.35
2004;12;1;336;6.2;3.9;1.1;4.2;3.2;0.5;0.3;0;0.11;1.2;1.9;0.03;125;25;54;19;97371;0.2;4.25;0.36;0.35
2004;12;2;337;10.4;3.8;-1;6.2;2;-2;1.1;0.6;0.11;1.2;1.9;0;290;62;96;61;97120;0.29;0.4;0.36;0.35
2004;12;3;338;6.5;2.4;-1;3.9;1.5;-1.1;0.5;-0.5;0.11;1.2;1.9;0;169;31;80;42;97791;0.13;0.14;0.36;0.35
2004;12;4;339;5.7;2.4;-1.1;3.3;1.5;-1.3;0.2;-0.5;0.11;1.2;1.9;0;148;31;39;20;98760;0.16;0.06;0.36;0.35
2004;12;5;340;5.3;3.2;2;3;2.3;1.8;-0.4;-0.3;0.11;1.2;1.9;0;126;26;54;21;98709;0.13;2.14;0.36;0.35
2004;12;6;341;6.3;3.4;1.1;3.3;2.5;1;0.1;0.2;0.1;1.2;1.9;0;161;35;59;28;98635;0.28;0.84;0.36;0.35
2004;12;7;342;5.5;2.1;0.2;2.5;1.2;-0.2;0.1;0.6;0.1;1.2;1.9;0;230;48;95;50;98857;0.2;0.01;0.36;0.35
2004;12;8;343;3.9;1;-1.3;1.2;-0.1;-1.5;-0.3;0;0.1;1.2;1.9;0;187;41;71;49;98873;0.13;0.01;0.36;0.35
2004;12;9;344;3.2;0;-2;-0.4;-1.3;-2.3;-0.1;0.4;0.1;1.2;1.9;0.02;248;51;101;54;98959;0.17;0.07;0.36;0.35
2004;12;10;345;1.8;-1;-2.8;-2;-2.7;-4;-0.3;0.6;0.1;1.2;1.9;0.14;244;49;89;55;98776;0.14;0.04;0.36;0.35
2004;12;11;346;4;-0.7;-3.1;-1.6;-3.4;-4.4;0;0.9;0.1;1.2;1.9;0.15;284;60;106;73;98765;0.06;0;0.36;0.35
2004;12;12;347;2;-1.8;-3.8;-1.8;-3.6;-5;-0.4;0;0.1;1.2;1.9;0.15;266;59;100;70;98813;0.04;0;0.36;0.35
2004;12;13;348;-0.5;-3.1;-4.4;-3.6;-4.4;-5.2;-0.3;0.4;0.1;1.2;1.9;0.15;225;44;87;51;98961;0.03;0.07;0.36;0.35
2004;12;14;349;0.2;-3.3;-5.1;-4.2;-5.2;-6.1;-0.5;0.6;0.1;1.2;1.9;0.15;254;52;97;64;99019;0.02;0.02;0.36;0.35
2004;12;15;350;-0.4;-3.8;-5.6;-5;-5.9;-6.4;-0.5;0.8;0.1;1.2;1.9;0.15;236;49;101;64;98727;0.01;0.02;0.36;0.35
2004;12;16;351;0.4;-3.5;-5.5;-4.4;-5.6;-6.5;-0.7;0.6;0.1;1.2;1.9;0.15;244;50;97;52;98040;0;0.01;0.36;0.35
2004;12;17;352;0.7;-1.2;-2.8;-0.4;-2.2;-4.5;-0.3;0.3;0.1;1.2;1.9;0.21;81;17;24;9;96676;0.15;1.69;0.36;0.35
2004;12;18;353;5;0.2;-3.1;1.3;-3.5;-7.8;1.1;-0.5;0.11;1.2;1.9;0.77;138;29;82;44;96140;0.24;2.38;0.36;0.35
2004;12;19;354;3.7;-1.2;-3.8;-4.8;-6.9;-8.5;0.8;0.8;0.11;1.2;1.9;0.76;227;51;92;67;96427;0.05;0.31;0.36;0.35
2004;12;20;355;2;-1;-4.4;-3.5;-8.4;-10.5;0.1;-1.5;0.12;1.1;1.9;1.16;281;59;127;84;97686;0.05;0.13;0.36;0.35
2004;12;21;356;2;-2.7;-5.4;-5.2;-9.1;-12.2;0.3;-0.7;0.12;1.1;1.9;1.1;271;58;116;80;98300;0;0;0.36;0.35
2004;12;22;357;1.5;-3.5;-6.9;-6.1;-7.7;-10.4;0.6;0.2;0.12;1.1;1.9;1.06;245;51;107;72;98179;0;0;0.36;0.35
2004;12;23;358;3.1;-1.5;-6.3;-7.6;-8.7;-9.5;1.1;0.8;0.12;1.1;1.9;1.01;173;34;71;34;97285;0.02;0;0.36;0.35
2004;12;24;359;5.5;0.3;-2.1;-2.3;-5.5;-9;1.2;0.4;0.11;1.1;1.9;0.91;238;50;95;49;97015;0.02;0;0.36;0.35
2004;12;25;360;8;2.7;-1.7;3.6;0.4;-3.8;0.8;2.4;0.11;1.1;1.9;0.73;253;52;92;61;96474;-0.1;0;0.36;0.35
2004;12;26;361;5;3.2;1;4.4;2.7;0.9;-0.7;0.3;0.11;1.1;1.9;0.51;39;7;39;5;96038;-0.08;11.17;0.36;0.35
2004;12;27;362;3.7;1.8;0;3.2;1.5;-0.2;0.4;-0.6;0.11;1.1;1.9;0.42;48;11;16;6;96640;0;10.44;0.38;0.35
2004;12;28;363;1.6;0.3;-0.8;0.8;0;-1.3;0.1;-0.6;0.11;1.1;1.9;0.87;53;11;29;12;96948;0.04;3.21;0.38;0.35
2004;12;29;364;5;0.7;-3.2;0;-3.3;-5.4;0.9;-1.6;0.12;1.1;1.9;1.15;266;56;109;65;97591;0.32;0.01;0.38;0.35
2004;12;30;365;3.8;0.7;-1.4;-2.6;-4.3;-6;0.2;-0.8;0.12;1.1;1.9;1.03;251;46;83;60;98833;0.1;0;0.38;0.35
2004;12;31;366;4.1;-0.2;-3;-1.3;-3.2;-5.2;0.8;0.6;0.11;1.1;1.9;0.93;201;45;78;54;98587;0.04;0;0.38;0.35
2005;1;1;1;4;0.6;-1.2;0.5;-2.1;-3.8;1.1;0.1;0.11;1.1;1.9;0.84;103;26;70;27;98251;0.03;0.07;0.38;0.35
2005;1;2;2;6.8;1.6;-2.7;1;-1.5;-3.8;1.2;-0.5;0.11;1.1;1.9;0.72;252;47;86;44;97830;0.08;0.3;0.38;0.35
2005;1;3;3;6.2;1.2;-2.9;-2.2;-5.2;-7.6;2;0;0.11;1.1;1.9;0.61;262;56;100;73;98486;0.21;0;0.38;0.35
2005;1;4;4;5.4;1;-1.9;-0.8;-3.4;-5.4;1.5;0.8;0.11;1;1.9;0.54;182;37;69;51;98360;0.1;0.05;0.38;0.35
2005;1;5;5;8.5;1.7;-2.9;2.4;-2.1;-5.1;0.9;0;0.11;1;1.9;0.46;287;60;116;68;98480;0.05;0;0.37;0.35
2005;1;6;6;8.2;2;-2;1.6;-1.6;-4.1;1.4;-0.2;0.11;1;1.9;0.36;254;53;103;57;98457;0.16;0.16;0.37;0.35
2005;1;7;7;7.8;1.6;-2.1;3.2;-0.7;-3.4;1.2;0.5;0.1;1;1.9;0.28;270;58;97;62;99035;0.03;0;0.37;0.35
2005;1;8;8;8.5;1.2;-2.5;2.7;-1.5;-3.9;1.6;0.4;0.1;1;1.9;0.21;299;66;113;76;98350;0.08;0;0.37;0.35
2005;1;9;9;7.8;1.3;-2.8;3.8;-1.1;-4.1;1.1;0;0.1;1;1.9;0.16;272;53;85;56;98667;0.11;0;0.37;0.35
2005;1;10;10;8.3;1;-2.5;2.7;-1.3;-3.8;1;0.4;0.1;1;1.9;0.14;288;64;99;62;98798;0.13;0;0.37;0.35
2005;1;11;11;7.3;0.7;-2.9;2;-1.7;-4.3;0.8;0.1;0.1;1;1.9;0.12;271;59;104;64;98690;0.1;0;0.37;0.35
2005;1;12;12;7;0;-3.8;1;-2.7;-5.3;0.9;0.1;0.1;1;1.9;0.1;300;66;110;72;98515;0.08;0;0.37;0.35
2005;1;13;13;4;-1;-4.2;0.1;-3.2;-5.3;1;-0.1;0.1;1;1.9;0.04;128;29;77;46;98298;0.04;0.12;0.37;0.35
2005;1;14;14;5.2;-0.7;-5.1;0.2;-4.7;-6.7;1.3;-0.9;0.1;1;1.9;0;289;64;105;74;98559;0.17;0.13;0.37;0.35
2005;1;15;15;4.5;0;-3.1;-4.1;-5.1;-6;0.6;-1.3;0.1;1;1.9;0;266;61;100;72;98713;0.05;0.01;0.37;0.35
2005;1;16;16;2.7;-1;-4.1;-2.8;-5.4;-7.7;-0.2;0.6;0.1;1;1.9;0;322;72;124;85;98943;0.05;0;0.37;0.36
2005;1;17;17;2.9;-2.4;-6.1;-6.2;-7.1;-8.3;0;1.1;0.1;1;1.9;0;327;74;122;87;98557;0;0;0.37;0.36
2005;1;18;18;1.8;-2.6;-6.1;-4.6;-6.5;-7.9;-0.6;1.1;0.1;1;1.9;0.03;307;67;105;68;96898;0;0.52;0.37;0.36
2005;1;19;19;3.2;-1.3;-3.4;-3.9;-4.6;-5.2;0.3;0.2;0.11;0.9;1.9;0.68;319;69;115;63;96807;0.01;0.17;0.37;0.36
2005;1;20;20;4.1;-0.5;-4.2;-3.5;-5;-6.2;1.4;1.5;0.11;0.9;1.9;0.64;169;40;69;50;96864;0.06;0.16;0.37;0.36
2005;1;21;21;7.2;2.3;-1;1.9;-4;-7.5;2.6;-0.9;0.11;0.9;1.9;0.54;287;63;114;73;95971;0.46;0.97;0.37;0.36
2005;1;22;22;5.2;1.1;-1.6;-6.1;-7.2;-8.8;2.7;-0.9;0.11;0.9;1.9;0.46;323;74;114;88;96763;0.15;0.01;0.36;0.36
2005;1;23;23;5.6;0.2;-2.7;-4.6;-6.2;-8.3;0.6;-0.2;0.11;0.9;1.9;0.42;330;71;118;75;97260;0.06;0.02;0.36;0.36
2005;1;24;24;1.6;-1.3;-3.7;-4.4;-5.3;-6.2;-0.1;-0.6;0.11;0.9;1.9;0.59;271;56;93;59;96833;0.05;1.64;0.36;0.36
2005;1;25;25;0.1;-2;-3.7;-6.1;-9.8;-11.5;-0.8;-3.6;0.13;0.9;1.9;2.29;251;55;75;55;96859;0.23;0.42;0.36;0.36
2005;1;26;26;-2.6;-3.7;-4.9;-10.7;-11.7;-13.3;0.6;-4.9;0.16;0.9;1.9;3.97;97;22;64;34;96497;0.24;3.85;0.36;0.36
2005;1;27;27;-2.5;-4.1;-5;-12.7;-13.5;-14.5;0.2;-2.3;0.2;0.9;1.9;6.16;210;46;82;53;96834;0.22;0.44;0.36;0.36
2005;1;28;28;-2.8;-4.8;-6.4;-10.6;-12.2;-13.3;-1.2;-0.7;0.2;0.9;1.9;6.12;213;47;84;53;97114;0.12;0.28;0.36;0.36
2005;1;29;29;-1.8;-4.6;-6.5;-11.4;-12.7;-13.8;-1.1;-2.6;0.2;0.9;1.9;6.31;271;60;97;65;97544;0.23;0.3;0.36;0.36
2005;1;30;30;-0.8;-4;-6.8;-11.7;-13.4;-14.8;0.4;-1.2;0.2;0.9;1.9;6.19;330;79;128;83;98268;0.14;0;0.36;0.36
2005;1;31;31;3.5;-1.2;-5.7;-4.9;-10.5;-16.2;1.5;0.7;0.19;0.9;1.9;6.05;269;54;82;40;97641;0.17;0.11;0.36;0.36
2005;2;1;32;4.6;0.3;-2.3;-2.7;-5.8;-7.4;1.1;-1.6;0.19;0.9;1.9;5.7;320;72;103;59;97206;0.36;0.93;0.36;0.36
2005;2;2;33;3.9;-0.3;-3.6;-2.1;-5.9;-8.5;1.1;-0.8;0.18;0.9;1.9;5.46;304;65;96;51;97817;0.2;2.41;0.36;0.36
2005;2;3;34;0.8;-1.2;-4.7;-1;-2.4;-6.4;-0.1;0.1;0.31;0.9;1.9;14.51;141;30;56;26;98113;0.06;11.4;0.36;0.36
2005;2;4;35;1.2;-5.7;-13.3;-4.9;-8.7;-14.5;0.1;-0.8;0.35;0.9;1.9;17.37;288;66;112;60;98904;0.29;0;0.36;0.36
2005;2;5;36;-2.3;-10.7;-19.4;-6.7;-13.1;-21.4;0.3;-0.6;0.34;0.9;1.9;16.81;302;72;109;58;98853;0.3;0;0.36;0.36
2005;2;6;37;-2.2;-9;-15.8;-6.3;-11.1;-17.4;0.3;0.1;0.34;0.8;1.9;16.57;296;68;123;52;99053;0.26;0.01;0.36;0.36
2005;2;7;38;-4.9;-10.8;-16.9;-9.2;-13;-18.7;0.2;0.1;0.34;0.8;1.9;16.45;282;58;96;40;99345;0.22;0.15;0.36;0.36
2005;2;8;39;-4.3;-11.9;-19;-9.5;-14.6;-20;0.4;-0.2;0.34;0.8;1.9;16.34;322;73;118;54;99500;0.29;0.08;0.36;0.36
2005;2;9;40;-2.4;-13.5;-22.6;-7.5;-16.4;-24.8;0.5;0;0.33;0.8;1.9;16.07;333;80;126;66;99393;0.32;0;0.36;0.36
2005;2;10;41;2.8;-8.8;-22.6;-5;-13.2;-24.6;0.6;0.6;0.33;0.8;1.9;15.34;323;82;117;53;99020;0.44;0;0.36;0.36
2005;2;11;42;5.2;0.5;-4.2;-1.1;-3;-6.3;0.6;0.3;0.3;0.8;1.9;13.41;185;46;72;24;98198;0.13;0.02;0.36;0.36
2005;2;12;43;5.4;2.3;0.1;0.7;-0.7;-1.9;0.9;0.9;0.27;0.8;1.9;11.4;153;28;72;21;96950;0.06;0.26;0.36;0.36
2005;2;13;44;8.5;2.3;-1.7;0.7;-2.9;-9;1;0.4;0.23;0.8;1.9;9.2;365;86;126;68;95499;0.32;2.47;0.37;0.36
2005;2;14;45;4.9;-0.1;-3;-3.1;-6.4;-8;0.3;-1.6;0.21;0.8;1.9;7.52;357;94;119;69;95705;0.26;0.01;0.37;0.36
2005;2;15;46;1.7;-1.1;-4.2;-5.4;-7.4;-8.6;0.2;-3;0.2;0.8;1.9;6.98;171;47;58;39;95893;0.29;0.73;0.37;0.36
2005;2;16;47;3.3;-0.4;-3.8;-6.1;-7.4;-8.4;0.7;-2.4;0.21;0.8;1.9;7.54;267;69;98;56;96516;0.33;0.4;0.37;0.36
2005;2;17;48;3.4;-0.1;-2.9;-6.4;-7.1;-8.3;0.6;-2.4;0.21;0.8;1.9;7.48;299;75;95;54;97266;0.33;0.35;0.37;0.36
2005;2;18;49;4.2;0.2;-2.7;-5.3;-6.1;-6.9;-0.2;-0.6;0.2;0.8;1.9;7.07;363;86;105;57;97514;0.22;0.14;0.37;0.36
2005;2;19;50;3.3;-0.5;-3.2;-3.4;-5;-6.5;-0.2;0.5;0.19;0.8;1.9;6.35;324;69;88;50;96932;0.15;0.18;0.37;0.36
2005;2;20;51;3.4;-0.5;-3.3;-4.2;-5;-6.2;-0.7;0;0.18;0.8;1.9;5.65;317;73;81;47;96618;0.15;0.22;0.37;0.36
2005;2;21;52;-0.4;-1.9;-3.1;-3.4;-4.7;-6;-1.5;-1.5;0.23;0.9;1.9;8.55;107;30;38;22;96399;0.16;6.65;0.37;0.36
2005;2;22;53;3.9;-0.9;-4.3;-1.5;-3.4;-4.8;-0.3;0.3;0.34;0.9;1.9;17.13;348;85;109;50;96122;0.29;7.39;0.37;0.36
2005;2;23;54;2.4;-2.8;-12.2;-1.4;-4.8;-13.5;-0.1;-0.5;0.34;0.9;1.9;16.34;329;70;103;39;96505;0.2;5.14;0.37;0.36
2005;2;24;55;3.8;-0.3;-7.7;-1.8;-4;-8.4;0.5;-0.3;0.35;0.9;1.9;21.74;349;81;104;59;96906;0.43;3.04;0.37;0.36
2005;2;25;56;1.3;-3;-9.4;-1.1;-4.5;-10.3;-0.4;-1.3;0.35;0.9;1.9;22.36;160;42;36;21;97096;0.17;3.78;0.37;0.36
2005;2;26;57;1.8;-2.8;-9.1;-3.7;-5.4;-9.8;-0.3;-0.7;0.35;0.9;1.9;23.11;271;66;86;44;96823;0.29;0.22;0.37;0.36
2005;2;27;58;-0.5;-6.1;-10.8;-8;-11;-15.5;0.3;-3;0.34;0.9;1.9;22.02;218;60;91;50;96514;0.59;0.13;0.37;0.36
2005;2;28;59;-4.7;-11.4;-19.1;-13.3;-17.4;-21.6;0.7;-1.8;0.34;0.9;1.9;21.47;344;98;110;76;97396;0.54;0.23;0.37;0.36
2005;3;1;60;-3.3;-12.7;-24;-11.5;-17.9;-26.7;0.4;0.8;0.34;0.9;1.9;21.09;413;113;132;79;97278;0.5;0;0.37;0.36
2005;3;2;61;-3.4;-11.3;-21.6;-9.9;-16;-24.2;0;0.8;0.34;0.9;1.9;20.56;415;114;130;76;97067;0.46;0;0.37;0.36
2005;3;3;62;1.3;-8.2;-20.8;-5.1;-12.2;-23.2;-0.1;0.6;0.34;0.9;1.9;20.08;423;112;127;60;97047;0.55;1.33;0.37;0.36
2005;3;4;63;1.5;-3.2;-6.3;-3.3;-5.4;-7.2;-0.7;-0.4;0.35;1;1.9;25.51;281;72;97;41;96736;0.34;6.23;0.37;0.36
2005;3;5;64;1.8;-4.9;-12;-4.7;-7.9;-13.4;0.1;-0.2;0.34;1;1.9;25.22;324;86;103;53;96301;0.4;0.18;0.37;0.36
2005;3;6;65;0.7;-7;-16.7;-8.4;-12.2;-18.4;1.4;-1.5;0.34;1;1.9;23.59;347;94;101;61;96738;0.61;0.07;0.37;0.36
2005;3;7;66;0.9;-7.1;-16.6;-8;-12.8;-18.9;1.7;-1.1;0.34;1;1.9;22.07;421;110;124;67;97288;0.62;0.03;0.37;0.36
2005;3;8;67;4.3;-2.6;-10.9;-3.7;-7.7;-13.2;1.8;-0.3;0.34;1;1.9;20.55;330;82;80;40;97354;0.55;0.15;0.37;0.36
2005;3;9;68;4.3;-0.8;-6.4;-1.1;-3.9;-8;0.7;-0.1;0.33;1;1.9;17.91;264;76;74;43;97656;0.22;3.11;0.38;0.36
2005;3;10;69;-0.3;-4.7;-12.1;-4.6;-9.9;-14.5;-0.9;-1.4;0.34;1;1.9;20.67;379;104;116;58;98282;0.63;3.06;0.38;0.36
2005;3;11;70;5.2;-3.8;-15.9;-2.2;-8.3;-18.1;1.6;1.2;0.34;1;1.9;19.44;431;119;123;68;97269;0.47;0;0.38;0.36
2005;3;12;71;9.4;2.6;-2.3;0.2;-1.6;-3.8;1.6;1.1;0.32;1;1.9;14.91;347;104;95;56;96093;0.22;1.9;0.38;0.36
2005;3;13;72;8.1;1.1;-6.8;-1.8;-5.3;-8.1;0.7;0.2;0.26;1;1.9;10.52;461;129;118;75;96939;0.56;0;0.39;0.36
2005;3;14;73;11.2;1.1;-9.2;0.6;-4.1;-11.1;0.8;0.5;0.22;1.1;1.9;7.23;516;145;130;73;97559;0.27;0;0.39;0.36
2005;3;15;74;11.9;3.8;-3.4;2.7;-1.3;-4.9;0.4;0.2;0.18;1.1;1.9;4.28;537;151;125;71;98227;0.47;0;0.39;0.36
2005;3;16;75;17.9;6.9;-2.1;7.1;1.6;-3.3;0.9;0.2;0.16;1.1;1.9;2.14;566;166;132;77;98637;0.77;0;0.39;0.36
2005;3;17;76;20.2;8.7;-1.4;5.8;2.2;-2.6;1.4;0.5;0.14;1.1;1.9;0.83;588;173;143;83;98434;1.08;0;0.39;0.36
2005;3;18;77;19.8;10.8;2.2;7.4;4;0.8;2;-0.4;0.13;1.1;1.9;0.29;570;163;125;67;98182;1.27;0;0.39;0.36
2005;3;19;78;14.8;6.3;0.2;8.3;3.1;-3.8;-0.6;-1.1;0.13;1.1;1.9;0.11;251;68;52;22;97955;1.05;3.95;0.39;0.36
2005;3;20;79;5;1.2;-2.1;-2.3;-5.2;-8.2;-1;-0.1;0.14;1.2;1.9;0.74;417;120;93;54;98323;0.83;0.28;0.39;0.36
2005;3;21;80;7.7;3.2;-0.8;-0.4;-2.4;-5.3;-0.9;0.1;0.14;1.2;1.9;0.56;470;128;84;59;97972;0.73;0;0.39;0.36
2005;3;22;81;11.5;5.6;0.8;0.9;-0.8;-2.4;-0.7;1;0.14;1.2;1.9;0.35;591;176;130;81;97879;1.14;0;0.38;0.36
2005;3;23;82;13.6;7.1;0.1;5.5;1.8;-2.4;-0.6;0.1;0.14;1.2;1.9;0.19;506;148;97;67;98023;0.99;0;0.38;0.36
2005;3;24;83;16.7;9.5;0.9;7.7;5.1;0.2;-0.3;-0.6;0.13;1.2;1.9;0.05;610;185;131;76;97847;1.34;0;0.38;0.36
2005;3;25;84;13.4;8.5;2.3;10.6;6.9;2.3;0.4;0.4;0.13;1.2;1.9;0;336;89;70;41;97617;0.74;4.57;0.38;0.36
2005;3;26;85;16.6;9.9;3.6;7.7;5.9;3.6;0.8;0.5;0.14;1.3;1.9;0;480;123;82;46;97091;1.18;0.05;0.38;0.36
2005;3;27;86;15.5;9.7;1.6;9;6.3;1.4;0;-0.5;0.14;1.3;1.9;0;472;113;80;45;96641;0.97;0.61;0.38;0.36
2005;3;28;87;16.3;11.9;9;8.8;6.1;3.8;0;-2.3;0.14;1.3;1.9;0;487;144;111;60;96895;1.61;0.26;0.38;0.36
2005;3;29;88;15.3;10.4;6.4;9.2;6.9;4.3;-0.7;0;0.14;1.3;1.9;0;498;144;102;53;97368;1.37;4.29;0.38;0.36
2005;3;30;89;12.8;9.1;6.3;8.9;7.3;6;-1;-1;0.14;1.3;1.9;0;310;90;56;28;97447;1.27;6.39;0.38;0.36
2005;3;31;90;11.1;7.6;5;6.4;2.2;-2.4;-1.4;-1;0.14;1.4;1.9;0;423;109;95;45;98048;1.32;1.53;0.38;0.36
2005;4;1;91;10.2;5.9;0.8;-0.7;-2.7;-4.1;-1.2;-1.4;0.14;1.4;1.9;0;578;173;116;87;98643;1.4;0;0.38;0.36
2005;4;2;92;11.2;5.8;-1.4;1;-1.7;-3.8;0.1;0.3;0.14;1.4;1.9;0;665;210;147;99;98802;1.62;0;0.38;0.37
2005;4;3;93;13.4;6.9;-1.2;1.4;-0.8;-3.3;0.2;1.1;0.14;1.4;1.9;0;671;213;147;102;98717;1.71;0;0.38;0.37
2005;4;4;94;15.3;8.2;-0.3;2.5;0.2;-2.3;-0.1;1.3;0.14;1.4;1.9;0;669;214;145;101;98640;1.86;0;0.38;0.37
2005;4;5;95;16.9;9.2;0.1;5.1;0.7;-2.7;0.6;1;0.14;1.4;1.9;0;661;205;137;98;98415;1.89;0;0.37;0.37
2005;4;6;96;18.1;10.4;1.5;4.6;1.2;-0.8;0.1;1.3;0.14;1.5;1.9;0;654;210;140;97;98199;2.17;0;0.37;0.37
2005;4;7;97;16.7;10.8;3.4;5.3;2.9;1;1.7;2.5;0.14;1.5;1.9;0;571;183;110;88;97185;1.88;0;0.37;0.37
2005;4;8;98;16.9;12.3;8.1;6.4;3.9;2.2;2.2;3.2;0.14;1.5;1.9;0;523;181;111;79;96442;2.12;1.21;0.37;0.37
2005;4;9;99;10.4;8;6;9.3;6.5;4.4;-0.1;-0.8;0.15;1.5;1.9;0;94;29;58;19;96512;0.86;20.8;0.37;0.37
2005;4;10;100;9.2;6.2;3.9;3.9;1.4;-2.1;0.1;-2.7;0.15;1.5;1.9;0;371;69;49;28;97712;2.3;10.58;0.39;0.37
2005;4;11;101;10.5;6.9;3.3;4.7;1.4;-0.8;-0.1;-2.4;0.15;1.6;1.9;0;324;88;44;29;98174;1.52;2.73;0.39;0.37
2005;4;12;102;13;9;5.6;7.1;5.2;3;-0.1;-1.4;0.15;1.6;1.9;0;451;105;68;33;97622;1.63;3.69;0.39;0.37
2005;4;13;103;14.2;9.6;4.8;8.2;6.7;4.3;0.4;-1.1;0.15;1.6;1.9;0;446;98;69;39;96972;1.53;3.25;0.39;0.37
2005;4;14;104;18.1;11.8;4.3;8.5;6.3;3.4;1;-1;0.15;1.6;1.9;0;559;182;108;73;96643;1.98;0.49;0.39;0.37
2005;4;15;105;19.9;12.7;4.5;8.8;5.8;3.4;1.1;1;0.15;1.6;1.9;0;620;213;131;91;96487;2.44;0.06;0.39;0.37
2005;4;16;106;18.8;12.4;5.3;9.3;6.4;3.8;0.9;1.7;0.15;1.7;1.9;0;680;208;131;76;96184;2.39;2.79;0.39;0.37
2005;4;17;107;16;11;5.7;8.1;4.3;0.6;0.5;1.4;0.15;1.7;1.9;0;695;212;136;88;95603;2.49;0.26;0.39;0.37
2005;4;18;108;14.3;10;4.5;6.9;4.2;1.1;2.2;-1.2;0.15;1.7;1.9;0;426;126;69;48;95637;1.74;6.42;0.38;0.37
2005;4;19;109;13;10.1;7.2;9.8;8;6.1;1.6;0.2;0.15;1.8;1.9;0;243;66;45;28;96067;1.58;10.75;0.39;0.37
2005;4;20;110;13.3;8.7;4.5;8.3;6.1;3;0.4;-0.5;0.15;1.8;1.9;0;405;117;67;46;96297;1.78;9.34;0.4;0.37
2005;4;21;111;10.1;6;2.2;2.2;-4.7;-7.5;-0.9;-3.3;0.15;1.8;1.9;0;726;241;132;97;97211;2.56;0;0.4;0.37
2005;4;22;112;12.6;6.5;-1.3;0.1;-3.2;-5.3;-0.1;-0.3;0.16;1.8;1.9;0;643;206;127;93;97499;2.14;0;0.4;0.37
2005;4;23;113;16.5;9.3;0.7;3.3;1.4;-2.1;0.8;1.1;0.16;1.9;1.9;0;716;227;136;96;97333;2.47;0;0.39;0.37
2005;4;24;114;16.7;10.8;3.4;6.7;4.6;1.5;1.7;1.8;0.16;1.9;1.9;0;614;185;107;74;97298;2.14;0.01;0.39;0.37
2005;4;25;115;16.2;12.1;8.5;9;7.5;4.4;1.8;2.5;0.16;1.9;1.9;0;393;139;91;53;96767;2.06;3.45;0.39;0.37
2005;4;26;116;16.8;11.7;7.6;7.9;6.2;4.9;1.8;-1.2;0.16;2;1.9;0;494;151;106;60;97202;2.26;2.18;0.39;0.37
2005;4;27;117;20.7;13.8;4.6;10.1;7.1;3.5;0.4;-0.1;0.16;2;1.9;0;670;217;120;77;97646;2.79;0.53;0.38;0.37
2005;4;28;118;19;13.5;7.2;8.9;4.8;0.7;0.3;-0.8;0.16;2;1.9;0;658;207;126;85;98010;2.95;0.4;0.38;0.37
2005;4;29;119;18.7;13.2;6.4;7.9;5.6;4.4;-0.5;-0.4;0.16;2.1;1.9;0;664;212;124;75;98067;2.71;0.01;0.38;0.37
2005;4;30;120;17.9;14;10.1;10.1;8.4;7.4;-0.4;0.2;0.16;2.1;1.9;0;513;158;93;55;97856;2.09;0.34;0.38;0.37
2005;5;1;121;23.5;16.6;8.5;14.2;10.9;7;0.1;0.7;0.16;2.1;1.9;0;683;227;121;77;97558;2.94;0.06;0.37;0.37
2005;5;2;122;26.2;18.6;9;14.6;12.2;8.3;0.2;0.8;0.16;2.1;1.9;0;673;226;120;85;97613;3.23;0;0.37;0.37
2005;5;3;123;26.7;19.3;10.3;14.8;11.4;8.4;1.3;1;0.16;2.2;1.9;0;631;212;110;80;97235;3.29;0.5;0.37;0.37
2005;5;4;124;19.9;15.8;11.5;11.1;9.7;7.7;1.6;-0.3;0.16;2.2;1.9;0;562;157;105;62;97033;2.82;1.55;0.36;0.37
2005;5;5;125;15.6;12.8;10.4;10.6;8.4;6;1;-1.2;0.17;2.2;1.9;0;342;112;62;49;96880;2.14;3.56;0.36;0.37
2005;5;6;126;16.5;12.3;8.2;6.5;4.5;3.1;0.9;-2.3;0.17;2.3;1.9;0;514;181;104;76;96971;2.73;0.41;0.36;0.37
2005;5;7;127;15.9;11.6;6.6;7.7;4.1;2.2;0.7;-0.6;0.17;2.3;1.9;0;649;210;123;81;96797;2.68;1.2;0.36;0.37
2005;5;8;128;13.2;9.8;5.9;5.7;2.3;-2.9;0.8;-0.8;0.17;2.3;1.9;0;608;188;122;76;96781;2.77;2.38;0.36;0.37
2005;5;9;129;11.6;8.2;4.4;4.2;3.1;1.7;0.3;0.8;0.17;2.4;1.9;0;398;130;96;59;97165;1.67;0.32;0.36;0.37
2005;5;10;130;13;8.1;1.3;7.5;4.7;1.2;0.1;0.6;0.17;2.4;1.9;0;502;139;77;56;97411;1.59;0.27;0.35;0.37
2005;5;11;131;14.9;10.4;5.6;5.3;2.9;0.1;-0.4;-0.9;0.17;2.4;1.9;0;676;201;129;76;97719;2.7;0.38;0.35;0.37
2005;5;12;132;15.3;10.7;4.9;4.3;2.7;1.5;-0.4;0.4;0.17;2.5;1.9;0;566;213;116;88;98030;2.6;0;0.35;0.37
2005;5;13;133;17.1;11.6;4.1;6.4;4.5;2;-0.9;0.6;0.17;2.5;1.9;0;644;222;119;88;97984;2.78;0;0.35;0.37
2005;5;14;134;20.5;14.4;7.2;10.9;8;4.1;0;2.3;0.17;2.5;1.9;0;529;183;87;68;97371;2.56;0.15;0.34;0.37
2005;5;15;135;19;14.7;9.7;12.2;9.9;7.9;0.3;0.2;0.17;2.5;1.9;0;397;132;69;49;97326;1.97;3.58;0.34;0.37
2005;5;16;136;18.1;14.3;10;12.4;10.8;8.1;-0.4;0.3;0.17;2.6;1.9;0;478;117;66;41;97242;1.92;1.37;0.34;0.37
2005;5;17;137;21;16;10.1;11.8;9.9;7;0;0.6;0.17;2.6;1.9;0;590;197;106;67;97036;3.05;2.11;0.34;0.37
2005;5;18;138;16;12.2;8.8;14.1;10.6;6.2;-0.2;-2.1;0.17;2.6;1.9;0;230;41;30;17;96956;2.13;47.68;0.36;0.37
2005;5;19;139;12.4;10;7.3;5.6;4;2.7;0;-3.5;0.17;2.6;1.9;0;322;122;90;47;97987;3.23;4.48;0.38;0.37
2005;5;20;140;18.2;12.3;4.1;7.2;4.5;1.4;-0.5;-0.4;0.17;2.7;1.9;0;752;272;145;104;98142;3.61;0;0.38;0.37
2005;5;21;141;22;15.4;6.1;12.7;9.2;4.9;-0.1;0.8;0.17;2.7;1.9;0;730;257;126;90;97768;3.65;0;0.38;0.37
2005;5;22;142;23.8;17.8;11.3;14.5;11.9;9.1;-0.6;1.4;0.17;2.7;1.9;0;689;240;114;82;97412;3.58;0;0.37;0.37
2005;5;23;143;24.9;18.2;11.9;14.5;10.8;7.3;1;0.8;0.17;2.7;1.9;0;691;240;115;81;97329;4.05;0.18;0.37;0.37
2005;5;24;144;20.1;16.4;12.1;10.9;9;7.1;0.2;-2;0.17;2.7;1.9;0;563;179;103;73;98125;3.18;0.12;0.37;0.37
2005;5;25;145;22.4;16.6;9;11.6;9;7.4;-0.6;-1.9;0.17;2.8;1.9;0;686;250;119;90;98425;4;0;0.36;0.37
2005;5;26;146;24.2;18.3;9.4;14.5;10;8;-0.2;-0.6;0.17;2.8;1.9;0;741;270;137;97;98272;4.22;0;0.36;0.37
2005;5;27;147;26.6;19.9;10.1;16.2;13.3;9.3;0.1;1;0.17;2.8;1.9;0;732;267;125;89;97922;4.21;0;0.35;0.37
2005;5;28;148;27.9;21.8;12.8;17.1;14.7;12;-0.3;0.9;0.17;2.8;1.9;0;738;262;120;87;97797;4.3;0;0.35;0.37
2005;5;29;149;28.4;23;14.5;17.8;15.4;13.2;0;1;0.17;2.9;1.9;0;678;245;115;83;97716;4.11;0;0.35;0.37
2005;5;30;150;30.1;23.5;15.5;18.3;15.4;12.5;0.6;0.2;0.17;2.9;1.9;0;712;250;118;82;97351;4.3;0.08;0.34;0.37
2005;5;31;151;20.3;17.7;13.6;14.4;8.9;6.3;0.4;-2.4;0.17;2.9;1.9;0;619;191;118;68;97874;3.64;0.94;0.34;0.37
2005;6;1;152;20.1;15.7;9.9;8.9;6.4;4.2;-0.2;-0.8;0.17;2.9;1.9;0;628;191;100;75;97964;3.28;0.03;0.33;0.37
2005;6;2;153;20.4;16.2;12.1;9.6;8.3;7.6;-0.5;0.9;0.17;2.9;1.9;0;569;180;93;68;97856;2.89;0;0.33;0.37
2005;6;3;154;24.1;18.3;11.4;11.5;9.9;7.5;-0.4;1.7;0.17;3;1.9;0;683;247;112;87;97647;3.84;0;0.33;0.37
2005;6;4;155;25.1;18.8;12.9;15.4;12.6;8.7;0.2;0;0.17;3;1.9;0;658;221;113;71;97355;3.65;9.86;0.33;0.37
2005;6;5;156;18.8;15.6;12.7;14.2;11.8;9.7;0.9;0.7;0.17;3;1.9;0;515;141;98;55;97619;2.73;6.34;0.34;0.37
2005;6;6;157;19.2;15.3;10.8;11.6;9.6;8.1;0.9;-0.4;0.17;3;1.9;0;439;168;80;65;97600;2.86;0.74;0.33;0.37
2005;6;7;158;15.2;12;8.5;10.6;6.1;1.5;0.6;-2.1;0.17;3;1.9;0;528;152;113;74;98007;3.03;5.35;0.34;0.37
2005;6;8;159;14.8;11.4;7.5;4.7;3.3;1.5;1;-3.9;0.17;3.1;1.9;0;594;236;109;89;98404;3.55;0.31;0.33;0.37
2005;6;9;160;12.4;10.3;8;5.6;3;0.9;1.1;-3.8;0.17;3.1;1.9;0;351;114;88;51;98005;2.69;2.04;0.33;0.37
2005;6;10;161;16.2;13.1;9.6;6.8;4.5;2.2;2.2;-2.6;0.17;3.1;1.9;0;380;148;79;58;97363;2.99;0.16;0.33;0.37
2005;6;11;162;19.7;14.8;8.3;9.6;6.6;4.2;1;0.5;0.17;3.1;1.9;0;639;213;106;79;97125;3.45;0.23;0.33;0.37
2005;6;12;163;21.6;15.5;8.4;12.4;10.2;7.2;0.6;0.9;0.17;3.2;1.9;0;566;202;103;70;97002;3.15;1.39;0.32;0.37
2005;6;13;164;24.6;17.8;9.4;12.7;11;8.7;1.4;1.8;0.17;3.2;1.9;0;722;259;114;85;97057;4.25;0;0.32;0.36
2005;6;14;165;25.4;19.3;12;13.6;12;10.7;1;1.9;0.17;3.2;1.9;0;690;228;110;73;97284;3.94;0.02;0.32;0.36
2005;6;15;166;23.4;18.7;13.9;16.2;14;11.3;0.2;-0.1;0.17;3.2;1.9;0;561;188;84;60;97576;3.12;5.39;0.32;0.36
2005;6;16;167;24.9;19.7;14.1;16.7;14.7;13.2;0.6;-1.4;0.17;3.2;1.9;0;659;213;98;65;97998;3.84;0.57;0.32;0.36
2005;6;17;168;25.8;20.9;14.2;15.7;13.6;11.7;0.8;-1.4;0.17;3.2;1.9;0;584;212;95;74;98276;3.78;0.11;0.31;0.36
2005;6;18;169;24.6;20.5;15.5;16.9;14.1;9;0.4;-1.2;0.17;3.3;1.9;0;453;155;101;60;97982;2.85;0.31;0.31;0.36
2005;6;19;170;23.1;18.6;13.8;12;9.2;7;-0.8;-1.4;0.17;3.3;1.9;0;548;227;111;82;97867;3.85;0;0.31;0.36
2005;6;20;171;23.5;19.1;13.2;14;11.8;10.8;-0.1;-1;0.17;3.3;1.9;0;519;199;96;68;97695;3.35;0.36;0.3;0.36
2005;6;21;172;26.1;20.7;14.5;16.2;12.1;10.2;-0.4;-0.3;0.17;3.3;1.9;0;668;254;126;84;97739;4.07;0;0.3;0.36
2005;6;22;173;28.6;21.7;13.9;18.4;15.3;12.5;0.8;-0.2;0.17;3.3;1.9;0;710;229;112;70;97801;3.85;0.96;0.3;0.36
2005;6;23;174;26.1;21.4;17.1;16.6;14.4;11.3;-1;-0.5;0.17;3.3;1.9;0;517;201;99;62;97975;3.54;0.33;0.3;0.36
2005;6;24;175;26.4;21.3;15.7;14.3;12.5;10.4;-0.9;0.6;0.17;3.3;1.9;0;645;225;105;73;97898;3.83;0;0.29;0.36
2005;6;25;176;29.3;23.1;16.7;19.5;16.3;12.1;0.2;0.6;0.17;3.4;1.9;0;710;241;103;74;97566;3.75;0.03;0.29;0.36
2005;6;26;177;27.4;22.5;17.9;20;18.1;17;0.2;-0.6;0.17;3.4;1.9;0;568;187;87;62;97835;3.24;2.41;0.29;0.36
2005;6;27;178;26.1;21.3;16.9;19.7;18.1;16.5;0;-0.2;0.17;3.4;1.9;0;493;184;81;53;97887;3.2;3.65;0.29;0.36
2005;6;28;179;28.1;22.8;17.6;19.2;17.8;16.7;0.4;0.1;0.17;3.4;1.9;0;596;215;93;61;97501;3.79;1.95;0.29;0.36
2005;6;29;180;28.3;22.3;16.3;20;18.4;16;-0.1;0.2;0.17;3.4;1.9;0;583;187;88;59;96922;3.19;8.6;0.29;0.36
2005;6;30;181;26.6;21.8;17.7;18.1;16.8;14.5;0.1;-0.1;0.17;3.4;1.9;0;653;201;97;59;96814;3.85;13.15;0.3;0.36
2005;7;1;182;19.4;16.9;13.5;17.3;14.8;11.2;0.8;-0.9;0.17;3.4;1.9;0;218;62;40;31;97098;2.33;29.16;0.31;0.36
2005;7;2;183;20.8;17.6;12.7;12.5;11.1;10;1.5;-3;0.17;3.5;1.9;0;533;166;80;63;97530;3.63;0.14;0.32;0.36
2005;7;3;184;23.4;19.6;15.1;13.4;11.4;10.3;0;-2.3;0.17;3.5;1.9;0;611;217;98;80;97759;4.34;0.03;0.32;0.36
2005;7;4;185;24.2;19.8;13.6;14.1;12.4;10.4;-0.2;1.2;0.17;3.5;1.9;0;612;216;109;74;97328;4.03;0;0.32;0.36
2005;7;5;186;19.7;15;11.1;15.4;11.7;8.1;0.5;-1.1;0.17;3.5;1.9;0;270;60;54;29;97051;2.2;20.9;0.32;0.36
2005;7;6;187;21.2;15.7;7.9;11;8.5;6.1;0.7;0.7;0.17;3.5;1.9;0;678;235;116;88;97143;4.21;0;0.33;0.36
2005;7;7;188;21.8;17.5;11.7;14;12.4;10.1;-0.6;-0.1;0.17;3.5;1.9;0;548;172;82;56;97141;3.04;0.7;0.33;0.36
2005;7;8;189;16;14.7;13.2;14.1;12.4;11.2;0.2;-1.6;0.17;3.5;1.9;0;252;60;34;18;97315;2.05;18.48;0.33;0.36
2005;7;9;190;19.8;16.1;12.7;14.5;12.5;10.9;0.3;-0.6;0.17;3.6;1.9;0;494;162;81;44;97537;3.23;8.56;0.34;0.36
2005;7;10;191;20.3;16.6;11.6;14.8;13;10.9;0.4;-0.5;0.17;3.6;1.9;0;492;157;77;50;97508;2.88;3.12;0.34;0.36
2005;7;11;192;20.8;17.3;13.9;16.2;14.6;13.3;-0.2;-1.6;0.17;3.6;1.9;0;424;145;78;40;97622;3.16;9.12;0.35;0.36
2005;7;12;193;17.7;16.5;14.9;15.7;14.7;13.3;0;-2.2;0.17;3.6;1.9;0;155;56;40;24;97817;2.03;14.12;0.36;0.36
2005;7;13;194;24;19.3;14.6;14.9;13;10.6;0.2;-2.1;0.17;3.6;1.9;0;604;213;97;67;97826;4.54;0.82;0.36;0.36
2005;7;14;195;26.1;20.1;13.9;16.8;14;11.3;0.9;-1.3;0.17;3.6;1.9;0;669;226;100;71;97839;4.36;0.93;0.36;0.36
2005;7;15;196;26.2;20.9;12.9;17.2;14.9;12.4;0.3;0.7;0.17;3.6;1.9;0;609;220;98;74;97773;4.13;0.03;0.35;0.36
2005;7;16;197;29.8;22.4;15.4;19.2;16.8;14.5;1.3;0.1;0.17;3.6;1.9;0;666;230;105;69;97387;4.49;1.49;0.35;0.36
2005;7;17;198;28.3;21.9;15.3;18.9;16.8;14.5;0;-0.5;0.17;3.6;1.9;0;660;219;101;73;97337;4.04;0.54;0.35;0.36
2005;7;18;199;30;23.5;15.7;19.9;17.9;15.1;0.7;1;0.17;3.6;1.9;0;691;226;97;69;97119;4.4;0;0.34;0.36
2005;7;19;200;24.1;20.9;17;17.6;15.4;12.1;1.2;-0.4;0.17;3.6;1.9;0;398;140;88;61;97347;3.07;5.17;0.34;0.36
2005;7;20;201;22.3;19.2;14.6;16.2;13.4;11.1;0.2;0.3;0.17;3.6;1.9;0;388;154;73;58;97911;2.93;0.23;0.34;0.36
2005;7;21;202;21.5;17.5;13.8;15.3;13.4;11.4;0;0.5;0.17;3.6;1.9;0;548;166;94;62;97484;3.1;1.3;0.34;0.35
2005;7;22;203;22.9;17.2;11.7;16.3;14.6;11.6;0.3;-0.1;0.17;3.6;1.9;0;630;188;99;58;97088;3.2;11.11;0.34;0.35
2005;7;23;204;21.5;17.5;12.9;14.6;13.6;12.4;-0.2;0.5;0.17;3.6;1.9;0;556;181;89;60;97033;3.41;1.22;0.34;0.35
2005;7;24;205;23.1;18.7;13.6;16;14.6;12.9;-0.1;1;0.17;3.6;1.9;0;567;192;94;62;97130;3.34;0.15;0.34;0.35
2005;7;25;206;27.8;21.5;14.4;18.8;16.5;13.5;0.4;1.1;0.17;3.6;1.9;0;693;229;100;61;97063;4.4;0.71;0.34;0.35
2005;7;26;207;25.1;21;15.5;19.2;17.9;15;0.3;-0.4;0.17;3.6;1.9;0;487;171;68;53;97189;3.09;2.34;0.34;0.35
2005;7;27;208;29;23.3;17.3;20.5;18.8;17.2;0.1;0.6;0.17;3.6;1.9;0;587;213;90;57;97457;4.21;0;0.33;0.35
2005;7;28;209;32;25.8;17.8;21.3;19.4;17.4;0.1;1;0.17;3.6;1.9;0;706;248;107;76;97481;4.79;0;0.33;0.35
2005;7;29;210;32;26.3;18.8;22;20.3;18.1;-0.3;1.3;0.17;3.6;1.9;0;688;246;104;77;97385;4.74;0;0.33;0.35
2005;7;30;211;30.9;25.3;19.5;22.8;20.5;17.2;0.2;-0.2;0.17;3.6;1.9;0;678;226;89;62;97123;4.74;10.33;0.32;0.35
2005;7;31;212;25.5;21.8;19.1;16.9;16.1;15.3;0.1;-2.1;0.17;3.6;1.9;0;536;163;68;46;97203;3.94;0.57;0.33;0.35
2005;8;1;213;25.4;21.7;17.9;16.7;14.6;13.4;0.2;-0.8;0.17;3.6;1.9;0;607;190;96;61;97528;3.84;0.59;0.32;0.35
2005;8;2;214;27;22.2;15.8;19.3;15.5;13;-0.4;-0.3;0.17;3.6;1.9;0;695;209;108;68;97501;3.86;0.1;0.32;0.35
2005;8;3;215;21.6;19.6;17.1;19.6;16.9;12.2;0.1;-1.6;0.17;3.6;1.9;0;180;60;47;29;97278;1.94;28.91;0.33;0.35
2005;8;4;216;19;17.4;15.6;12.6;10.9;8.2;1.3;-3.1;0.17;3.6;1.9;0;181;51;52;35;97587;2.31;1.52;0.34;0.35
2005;8;5;217;21;17.3;13.7;11.4;8.7;7.3;0;-2.8;0.17;3.6;1.9;0;449;157;99;66;97793;3.69;0;0.34;0.35
2005;8;6;218;23.2;17.8;10.8;13.3;11.4;9.1;0.8;-0.6;0.17;3.6;1.9;0;594;203;100;68;97363;3.71;1.11;0.34;0.35
2005;8;7;219;17.1;13.9;9.6;12.3;9.3;6.9;0.8;0.1;0.17;3.5;1.9;0;455;130;83;53;97098;2.84;10.51;0.34;0.35
2005;8;8;220;18.6;14;9.3;8.9;6.5;4.9;1.6;-1.6;0.17;3.5;1.9;0;672;220;115;88;97294;3.9;0.03;0.34;0.35
2005;8;9;221;20.7;15.2;7.7;12.2;9.4;6.4;0.8;1.1;0.17;3.5;1.9;0;643;215;109;85;97427;3.55;0.16;0.34;0.35
2005;8;10;222;24;17.6;9.5;14.4;12.1;8.7;0.9;0.2;0.17;3.5;1.9;0;655;211;105;73;97215;3.72;0.02;0.34;0.35
2005;8;11;223;20.3;17;11.6;16.9;14.6;11.5;-0.2;-0.2;0.17;3.5;1.9;0;404;105;62;38;97275;1.81;6.11;0.33;0.35
2005;8;12;224;18.8;16.2;11.6;15.1;13.1;10.6;1;-0.6;0.17;3.5;1.9;0;291;78;93;44;97441;1.79;2.46;0.34;0.35
2005;8;13;225;24.3;17.4;9;14.9;12.2;8.4;0.3;-0.5;0.17;3.5;1.9;0;635;208;110;69;97578;3.64;1.25;0.34;0.35
2005;8;14;226;22;18;13.2;14.5;13.3;10.9;0.1;0.4;0.17;3.5;1.9;0;476;161;85;50;97503;3.47;23.72;0.34;0.35
2005;8;15;227;17.2;14.9;12.2;11.3;9.6;8;1.5;-1.8;0.17;3.5;1.9;0;275;90;64;37;97189;2.66;10.04;0.36;0.35
2005;8;16;228;19.2;15.8;12.8;13.9;11.7;8.4;0.8;-1.3;0.17;3.5;1.9;0;350;103;56;32;97202;2.39;3.77;0.36;0.35
2005;8;17;229;18.2;16.6;14.8;15.7;14;11.9;0.8;-2.3;0.17;3.5;1.9;0;131;51;40;19;97524;2.08;9.78;0.37;0.35
2005;8;18;230;24.3;19.8;14.8;16.2;14.1;12.7;0.2;-0.9;0.16;3.4;1.9;0;652;207;109;69;97601;3.81;0;0.37;0.35
2005;8;19;231;24.5;19;13.1;17.4;15.4;12.4;0.4;-0.3;0.16;3.4;1.9;0;565;180;92;61;97480;3.09;1.11;0.36;0.35
2005;8;20;232;23.3;18.8;14;17.3;15.9;13.9;0.2;-0.6;0.16;3.4;1.9;0;492;148;73;43;97488;2.76;8.27;0.36;0.35
2005;8;21;233;18.5;17.1;16.3;17.7;16.5;15.6;-1.3;-0.6;0.16;3.4;1.9;0;129;32;24;13;97134;0.84;35.32;0.38;0.35
2005;8;22;234;20.4;17.1;13.8;16.2;15.2;12.8;-1;-0.1;0.16;3.4;1.9;0;489;117;74;34;96729;2.55;12.45;0.4;0.35
2005;8;23;235;21.3;16.7;10.8;15.1;13.2;10.8;0.8;-0.5;0.16;3.3;1.9;0;536;166;91;57;96843;2.86;0.39;0.4;0.35
2005;8;24;236;22.8;19.2;15.4;13.9;11.8;10.6;1.3;-0.7;0.16;3.3;1.9;0;587;181;98;63;97183;3.38;0.04;0.4;0.35
2005;8;25;237;24.6;18.9;11.8;16.2;13.7;10.9;0.4;0.7;0.16;3.3;1.9;0;650;212;116;77;97127;3.55;0.07;0.39;0.35
2005;8;26;238;21.2;18;15.6;16.3;14.3;12.5;0;-1;0.16;3.3;1.9;0;320;76;52;29;97619;1.93;3.69;0.39;0.35
2005;8;27;239;17.9;16.6;15.7;14.4;13.8;12.8;-0.3;-0.6;0.16;3.2;1.9;0;207;54;34;17;97895;1.34;10.31;0.39;0.35
2005;8;28;240;21.5;17.8;14.9;16;15;13.8;0.2;-0.6;0.16;3.2;1.9;0;306;94;59;34;97894;1.84;1.1;0.39;0.35
2005;8;29;241;23;18.7;13.3;16.9;15.1;13;0.2;-0.3;0.16;3.2;1.9;0;419;131;65;43;98422;2.23;0.17;0.39;0.36
2005;8;30;242;23.5;19.7;16;17.9;16.3;15;-0.1;-1;0.16;3.2;1.9;0;432;138;70;42;98413;2.5;1.03;0.39;0.36
2005;8;31;243;24.1;19.8;15.1;18.6;16.8;14.4;-0.2;-0.7;0.16;3.1;1.9;0;547;158;82;55;97985;2.66;0.83;0.39;0.36
2005;9;1;244;25.2;20.4;14;19.4;16.6;13.7;0.1;-0.1;0.16;3.1;1.9;0;538;172;93;61;97744;2.85;0.05;0.38;0.36
2005;9;2;245;25.1;19.7;15;19.2;17.2;14.8;0.5;-0.6;0.16;3.1;1.9;0;506;156;87;55;98064;2.58;3.24;0.38;0.36
2005;9;3;246;22.3;18.7;15;16.5;15.1;13.5;-0.8;-0.8;0.16;3.1;1.9;0;442;136;83;52;98478;2.34;0.2;0.38;0.36
2005;9;4;247;19.9;17.2;13.5;14.1;12.9;11.5;-0.5;-1;0.16;3.1;1.9;0;328;104;67;51;98466;1.83;0.47;0.38;0.36
2005;9;5;248;20.8;16.6;10.3;12.7;11.1;9.5;0;-0.2;0.16;3;1.9;0;480;152;95;69;98122;2.45;0;0.37;0.36
2005;9;6;249;21.7;17.4;13.6;14.3;11.4;10;-0.5;1;0.16;3;1.9;0;557;169;106;75;97795;2.78;0.02;0.37;0.36
2005;9;7;250;23.3;17.5;11.4;14.1;12.2;9.5;0.1;2.1;0.16;3;1.9;0;603;177;103;78;97698;2.91;0;0.37;0.36
2005;9;8;251;25.2;18.9;12;16.7;14.7;11.4;0.2;1.4;0.16;3;1.9;0;611;186;109;78;97801;2.87;0;0.36;0.36
2005;9;9;252;25;19.8;14.8;17.8;16;13.8;0.4;2.2;0.15;2.9;1.9;0;494;148;78;57;97433;2.64;1.14;0.36;0.36
2005;9;10;253;22.5;18.6;15.4;17;16;15;0.1;0.7;0.15;2.9;1.9;0;372;115;67;46;97036;1.95;3.27;0.36;0.36
2005;9;11;254;22.5;18.1;13.4;17.7;15.8;13.3;0.1;0.8;0.15;2.9;1.9;0;401;115;77;46;96927;2.05;1.34;0.36;0.36
2005;9;12;255;24.1;18.3;13;15.9;13.6;12.5;1.1;0.5;0.15;2.9;1.9;0;545;166;106;74;97190;2.72;0.02;0.36;0.36
2005;9;13;256;22.2;16.9;12.6;15.4;13.6;11.6;0.2;-0.3;0.15;2.9;1.9;0;514;144;97;61;97996;2.31;3.54;0.36;0.36
2005;9;14;257;21.2;16.8;10.9;14.8;13.2;10.7;0.4;-0.2;0.15;2.8;1.9;0;476;151;93;64;98089;2.37;0.48;0.36;0.36
2005;9;15;258;22;17.3;12;15.5;13.1;11.5;0.5;0.4;0.15;2.8;1.9;0;394;125;84;58;97713;2.01;0;0.35;0.36
2005;9;16;259;24.1;18.3;12.4;14.9;13.7;11.7;0.8;1.2;0.15;2.8;1.9;0;577;159;103;65;96667;2.53;0.09;0.35;0.36
2005;9;17;260;15.5;13.6;10.6;14.4;11.2;7.4;-0.2;-1.8;0.15;2.7;1.9;0;124;30;29;20;97013;1.78;19.45;0.36;0.36
2005;9;18;261;11.3;10.4;9.7;8.8;7.3;5.9;-0.2;-2.4;0.15;2.7;1.9;0;93;28;25;18;97958;1.95;6.21;0.37;0.36
2005;9;19;262;11;10.3;9.3;9.6;8;5.7;0.3;-1.1;0.15;2.6;1.9;0;73;15;15;12;97979;0.85;10.11;0.37;0.36
2005;9;20;263;11.5;10.8;9.9;9.6;8.8;7.5;-0.1;-0.7;0.15;2.6;1.9;0;79;20;20;15;97854;0.75;5.17;0.38;0.36
2005;9;21;264;13.6;11.5;9.9;9.5;8.3;7.4;0.4;-0.9;0.15;2.6;1.9;0;133;35;31;17;98022;0.86;0.39;0.38;0.36
2005;9;22;265;14.8;13;11.5;12.3;10.9;8.8;0.8;-0.9;0.15;2.5;1.9;0;95;22;53;15;98046;0.53;2.09;0.38;0.36
2005;9;23;266;17.2;13.3;8.9;11.8;10.1;8.3;0.4;-0.6;0.15;2.5;1.9;0;345;89;59;49;97924;1.25;0.09;0.38;0.36
2005;9;24;267;19.3;13.8;7.3;13;10.3;7.2;0.2;-0.3;0.15;2.4;1.9;0;544;143;107;60;97828;1.86;0;0.38;0.36
2005;9;25;268;18.5;14.3;10;12.4;10.8;9.4;0.2;0;0.15;2.4;1.9;0;363;94;84;47;97725;1.3;0.03;0.38;0.36
2005;9;26;269;20;14.7;8.8;13.4;11.7;8.3;0.1;0.4;0.15;2.4;1.9;0;457;133;99;65;98024;1.65;0.15;0.38;0.36
2005;9;27;270;19.1;14.1;8.7;14;11.9;8.7;0;0;0.15;2.3;1.9;0;358;97;65;39;98145;1.25;7.83;0.37;0.36
2005;9;28;271;19.6;14.8;10.4;13.8;11.9;10.3;0.5;0.3;0.15;2.3;1.9;0;395;116;91;52;98085;1.67;0.06;0.38;0.36
2005;9;29;272;14.1;12.2;10.3;13;11.4;9.9;0.8;0.2;0.15;2.2;1.9;0;81;22;49;26;97698;0.36;12.65;0.38;0.36
2005;9;30;273;14.6;11.1;7.8;9.8;5.2;3.5;1;-2.2;0.15;2.2;1.9;0;407;126;100;77;97969;1.97;0.07;0.39;0.36
2005;10;1;274;14.7;9.9;4.5;5.8;4.5;2.8;0.1;-0.1;0.15;2.2;1.9;0;503;136;111;79;97790;1.6;0;0.39;0.36
2005;10;2;275;12.6;10.6;8.6;9;7.5;5.5;0;0.1;0.14;2.1;1.9;0;192;51;40;27;97595;0.89;2.55;0.38;0.36
2005;10;3;276;13.4;12.3;10.6;13.1;11.1;8.9;-0.2;-1.1;0.14;2.1;1.9;0;68;18;10;7;98050;0.44;12.08;0.39;0.36
2005;10;4;277;17;14.7;13;15.2;13.8;12.7;-1.3;-0.8;0.14;2;1.9;0;147;37;37;17;98106;0.66;8.28;0.4;0.36
2005;10;5;278;18.3;15.1;12.4;13.8;12.5;10.9;-1.7;-1.3;0.14;2;1.9;0;245;61;65;39;98238;1.23;2.13;0.4;0.36
2005;10;6;279;18.3;13.9;9.7;11.5;10.4;8.8;-1.2;-1.3;0.14;2;1.9;0;401;103;85;59;98367;1.37;0.37;0.4;0.36
2005;10;7;280;16.8;12.9;7.9;11.2;9.5;7.2;-1.1;-0.8;0.14;1.9;1.9;0;288;73;66;42;98455;0.92;0.13;0.4;0.36
2005;10;8;281;14.6;11.7;9.3;8.4;6.7;5.5;-1.1;-1.3;0.14;1.9;1.9;0;313;84;68;52;98336;1.11;0;0.39;0.36
2005;10;9;282;14;10.9;8.3;9.7;7.8;5.5;0.3;-1.3;0.14;1.8;1.9;0;159;37;81;33;98528;0.42;0.02;0.39;0.36
2005;10;10;283;16.1;11.7;7.5;9;7.8;6.9;-0.2;-0.6;0.14;1.8;1.9;0;367;92;89;56;98689;1.03;0;0.39;0.36
2005;10;11;284;15.7;11.2;6.9;9.5;7.5;5.5;-0.8;0;0.14;1.8;1.9;0;442;108;101;64;98528;1.09;0.1;0.39;0.36
2005;10;12;285;14;9.8;5.5;8.5;6.8;5.4;-0.1;-0.5;0.14;1.7;1.9;0;337;82;78;56;98321;0.87;0.29;0.39;0.37
2005;10;13;286;14.6;9.4;5;7.6;5.9;4.1;0.5;0.1;0.14;1.7;1.9;0;337;96;101;67;97972;0.93;0.17;0.38;0.37
2005;10;14;287;15.4;9.5;3.2;8.3;6.1;2.5;0;-0.2;0.14;1.6;1.9;0;447;114;105;70;98472;1.04;0.03;0.38;0.37
2005;10;15;288;15.1;9.9;5;9;6.7;4.7;0.5;-0.2;0.14;1.6;1.9;0;429;102;102;66;98720;0.96;0.04;0.38;0.37
2005;10;16;289;14.3;8.2;3.2;7.1;3.9;1.4;-0.7;-1;0.14;1.6;1.9;0;458;121;124;84;98362;1.13;0;0.38;0.37
2005;10;17;290;10.9;6.9;3.2;3.1;0.9;-0.1;-0.3;-1.9;0.14;1.6;1.9;0;346;94;112;71;98393;0.96;0;0.38;0.37
2005;10;18;291;11.3;6.1;0.6;5;1.6;-0.6;0;-0.3;0.14;1.6;1.9;0;459;124;130;89;98385;0.95;0;0.37;0.37
2005;10;19;292;9.7;5.6;2;4.1;3.1;1.1;-0.1;1;0.14;1.5;1.9;0;376;98;107;68;98317;0.64;0;0.37;0.37
2005;10;20;293;12.4;7;0.4;7.8;4.8;0.1;0;0.3;0.13;1.5;1.9;0;337;85;78;53;97791;0.59;0;0.37;0.37
2005;10;21;294;17.1;11;6.2;11.6;8.7;5.9;0.7;1.5;0.13;1.5;1.9;0;319;77;87;51;97266;0.62;0.04;0.37;0.37
2005;10;22;295;17.8;11.5;6;10.3;8.4;5.6;1.2;1;0.13;1.5;1.9;0;437;108;111;74;97162;0.88;0;0.37;0.37
2005;10;23;296;19.4;12.4;6.7;11.5;9.2;6.2;1.4;0.6;0.13;1.5;1.9;0;417;106;99;66;97417;0.93;0.48;0.37;0.37
2005;10;24;297;16.7;12.4;8.6;11.9;10.2;8.1;0.2;0.8;0.13;1.5;1.9;0;275;65;64;42;98078;0.68;0.17;0.37;0.37
2005;10;25;298;18;12.4;8.8;10.8;9.5;8.6;1.4;1.1;0.13;1.5;1.9;0;394;91;110;55;97878;0.83;0;0.36;0.37
2005;10;26;299;19.7;12.3;6.1;11.8;9.1;5.5;1.3;0.5;0.13;1.4;1.9;0;397;104;109;75;98042;0.88;0;0.36;0.37
2005;10;27;300;18.3;12.2;6.3;13;9.8;5.7;0.1;-0.2;0.13;1.4;1.9;0;408;104;109;71;98347;0.78;0;0.36;0.37
2005;10;28;301;15.9;11.5;6.2;12.6;10;6.2;-0.3;-0.3;0.13;1.4;1.9;0;257;59;64;26;98435;0.47;0.31;0.36;0.37
2005;10;29;302;13.6;10.2;6.7;7.6;5.5;4;-1.3;0.3;0.13;1.4;1.9;0;306;74;85;54;98471;0.81;0.06;0.36;0.37
2005;10;30;303;10.2;7;3.4;5.9;4.6;2.7;-1.1;0.3;0.13;1.4;1.9;0;307;71;74;47;98404;0.51;0.05;0.36;0.37
2005;10;31;304;8.4;6.6;5;5.3;4.5;3.1;-1.1;0.6;0.13;1.4;1.9;0;182;38;40;29;98271;0.36;0.31;0.36;0.37
2005;11;1;305;10;6.7;3.7;6.2;4.8;2.9;-0.7;0.7;0.12;1.4;1.9;0;226;51;53;35;98137;0.34;1.51;0.36;0.37
2005;11;2;306;13.2;9.2;6.4;8.7;7.3;5.2;-0.4;0.1;0.12;1.4;1.9;0;347;60;86;36;98137;0.54;0.71;0.36;0.37
2005;11;3;307;12.2;8.9;6;9.1;7.8;5.9;-0.5;1.1;0.12;1.3;1.9;0;167;30;48;23;98241;0.3;1.69;0.36;0.37
2005;11;4;308;13;8.8;6.2;9.3;7.7;6.1;-0.2;0.7;0.12;1.3;1.9;0;223;54;65;40;97992;0.49;0.08;0.36;0.37
2005;11;5;309;12.8;9;4.7;9.2;7.6;4.5;-0.1;-0.3;0.12;1.3;1.9;0;220;52;50;31;98155;0.32;0.44;0.36;0.37
2005;11;6;310;10;9.1;8;8.3;7.7;7.3;-0.7;-0.2;0.12;1.3;1.9;0;79;19;22;15;98708;0.38;3.24;0.36;0.37
2005;11;7;311;12.2;9.3;7.3;9.1;7.7;6.9;-0.4;0.1;0.12;1.3;1.9;0;221;49;49;28;98533;0.49;3.23;0.36;0.37
2005;11;8;312;12.7;8.9;5.7;8.4;6.7;4.9;0;0.4;0.12;1.3;1.9;0;271;63;82;54;98804;0.56;0.01;0.36;0.37
2005;11;9;313;12.9;7.5;3.5;7.2;5.5;3.4;0;0.5;0.12;1.3;1.9;0;331;76;104;63;98499;0.49;0.01;0.36;0.37
2005;11;10;314;12.3;6.1;1.4;7;4.2;1.3;0.3;0.1;0.12;1.2;1.9;0;326;79;116;68;98956;0.48;0;0.36;0.37
2005;11;11;315;11.4;5.4;1.5;6.7;3.9;1.3;0.5;0.8;0.12;1.2;1.9;0;317;72;107;61;98987;0.38;0.02;0.36;0.37
2005;11;12;316;9.1;5;2.3;5.1;3.7;2.2;-0.2;0.6;0.12;1.2;1.9;0;283;61;82;46;98259;0.37;0.07;0.36;0.37
2005;11;13;317;5.8;4.3;2.9;4.1;3.4;2.7;-0.4;0.3;0.11;1.2;1.9;0;114;26;41;17;98254;0.28;0.7;0.36;0.37
2005;11;14;318;5.7;4.3;3.1;3.2;2.5;2.2;-0.6;1.1;0.11;1.2;1.9;0;162;34;43;24;98423;0.38;0.21;0.36;0.37
2005;11;15;319;12.6;6;0.9;6.5;3.7;0.7;1.2;0.9;0.11;1.2;1.9;0;353;79;108;71;97217;0.39;0.01;0.36;0.37
2005;11;16;320;10.2;5.6;1.8;5.6;3.7;1.1;0.3;-0.6;0.11;1.2;1.9;0;254;60;79;50;95979;0.34;1.37;0.36;0.37
2005;11;17;321;7.9;4.6;-0.9;4.5;-1.2;-6;0.7;-0.5;0.11;1.2;1.9;0;310;67;119;67;96654;0.69;0.14;0.36;0.37
2005;11;18;322;6;1;-2.3;-0.9;-2.3;-3.1;0.4;-0.3;0.11;1.2;1.9;0;324;68;113;67;97469;0.37;0.08;0.36;0.37
2005;11;19;323;3.5;-0.6;-3.5;-3;-5.5;-7;0.8;-1.6;0.11;1.2;1.9;0.01;312;74;112;80;98143;0.45;0.25;0.36;0.37
2005;11;20;324;3.8;0;-2.5;-3.7;-6.2;-8;1.1;0.2;0.11;1.2;1.9;0.16;283;57;99;57;98407;0.23;0.8;0.35;0.37
2005;11;21;325;4.2;-0.5;-3.8;0.4;-3.3;-5.7;1;-0.4;0.12;1.2;1.9;0.71;214;42;80;59;98096;0.18;1.67;0.35;0.37
2005;11;22;326;1.9;-1.3;-3.9;-3.6;-5.3;-6.4;-0.2;-2.3;0.13;1.2;1.9;1.58;218;44;70;50;98498;0.46;2.46;0.36;0.37
2005;11;23;327;-0.3;-2;-3;-5.4;-6.9;-7.5;-1.4;-3;0.17;1.2;1.9;3.52;189;40;68;42;98633;0.32;1.39;0.35;0.37
2005;11;24;328;-1.3;-2.2;-2.9;-4.6;-5.6;-6.8;-0.1;-1.3;0.23;1.2;1.9;7.61;93;19;67;23;97382;0.2;4.58;0.35;0.37
2005;11;25;329;2.1;-2.2;-7.3;-1.4;-4.9;-8.6;0.1;1.4;0.25;1.2;1.9;8.87;249;48;90;44;95880;0.21;2.18;0.35;0.37
2005;11;26;330;1.1;-0.1;-1.2;-0.1;-1.1;-2.1;0;-0.6;0.34;1.2;1.9;19.66;88;16;25;8;95766;0.06;17.76;0.35;0.37
2005;11;27;331;1.2;0.7;-0.3;0.4;0.1;-0.6;0.3;-0.3;0.35;1.2;1.9;23.68;52;8;15;3;95535;0;17.52;0.37;0.37
2005;11;28;332;1.6;-1.7;-9.6;-0.6;-2.7;-10.1;0;0.2;0.35;1.2;1.9;26.79;132;24;82;38;96290;0.08;4.39;0.37;0.37
2005;11;29;333;1.7;-4.4;-12.9;-0.8;-6;-13.9;0.7;0.1;0.34;1.2;1.9;27.64;189;38;82;34;96772;0.12;4.66;0.37;0.37
2005;11;30;334;2.6;-1.4;-6.5;-0.9;-3.1;-7.3;0.7;-0.6;0.34;1.2;1.9;28.73;143;32;65;48;96991;0.08;0.33;0.38;0.37
2005;12;1;335;1.5;-4.6;-10.9;-2;-6.6;-12;0.9;-0.7;0.34;1.2;1.9;27.97;193;40;69;40;97316;0.21;0.35;0.38;0.37
2005;12;2;336;2;-3;-7.3;-1.8;-5.7;-9.8;0.8;0.8;0.34;1.2;1.9;27.06;231;50;113;59;96907;0.14;0;0.38;0.37
2005;12;3;337;5.6;1.9;-4.3;4.3;0.5;-6.1;0.6;0.8;0.33;1.2;1.9;23.73;137;27;39;14;96484;-0.15;1.39;0.38;0.37
2005;12;4;338;6.3;0.9;-4.6;2.7;-0.7;-5.1;0.8;1.2;0.32;1.2;1.9;18.48;207;44;96;53;96761;-0.04;0;0.39;0.37
2005;12;5;339;4.9;3;-1.1;3.7;2;-1.8;0.6;0;0.28;1.2;1.9;13.94;75;15;45;17;96291;-0.04;3.89;0.39;0.37
2005;12;6;340;4.1;1.9;-1;1.4;0.4;-1.6;1.5;-1;0.26;1.2;1.9;12.46;44;9;66;20;96055;0.15;14.4;0.41;0.37
2005;12;7;341;6.1;1.2;-2.3;1;-1.9;-4.1;1.3;-0.1;0.24;1.2;1.9;10.76;234;48;104;55;97111;0.28;0.01;0.41;0.37
2005;12;8;342;5.8;-0.3;-3.7;-1.4;-4;-6.3;1;0.3;0.22;1.2;1.9;9.33;251;54;113;65;97707;0.19;0;0.41;0.37
2005;12;9;343;5.1;0.2;-2.7;-1.5;-3.6;-5.5;0.1;-1.3;0.21;1.2;1.9;8.25;248;51;103;57;98690;0.16;0;0.4;0.37
2005;12;10;344;1.2;-1;-2.8;-4.1;-5.9;-7.5;-1.2;-1.8;0.2;1.2;1.9;7.78;207;45;101;61;99569;0.28;0;0.4;0.37
2005;12;11;345;0.4;-2.1;-4.6;-5.7;-7.2;-8.4;0.3;-0.6;0.19;1.2;1.9;7.52;259;54;117;72;99563;0.11;0;0.4;0.37
2005;12;12;346;2.6;-1;-3.5;-3.5;-7.1;-9.9;0.3;0.4;0.19;1.2;1.9;7.19;230;48;85;44;98887;0.12;1.41;0.4;0.37
2005;12;13;347;1.2;-0.4;-1.3;-1.4;-2.3;-3.1;0.3;-0.2;0.22;1.2;1.9;8.88;77;17;34;18;98665;0.04;0.75;0.4;0.37
2005;12;14;348;2.6;-0.2;-1.6;-1.5;-3;-5.5;0.4;-0.9;0.22;1.2;1.9;8.45;156;32;68;34;98062;0.06;0.03;0.4;0.38
2005;12;15;349;3.6;-0.5;-3.4;-2.8;-5.2;-7.3;1.4;0.3;0.21;1.2;1.9;7.8;224;48;110;59;97320;0.1;0.01;0.39;0.38
2005;12;16;350;3;-0.4;-2.6;-2.3;-4.3;-6.6;1.8;0.7;0.2;1.2;1.9;7.61;89;21;65;41;95814;0.09;1.56;0.39;0.38
2005;12;17;351;4;-0.7;-3;-3.7;-7.2;-10.7;2.2;-1;0.21;1.2;1.9;7.73;237;48;112;79;95925;0.45;0.01;0.39;0.38
2005;12;18;352;0.9;-2.5;-4.7;-8.9;-9.9;-12.2;1.8;-0.7;0.2;1.2;1.9;7.27;244;51;116;70;97189;0.17;0;0.39;0.38
2005;12;19;353;2.7;-1.3;-5.2;-4.9;-8.5;-12.9;1.5;0;0.2;1.2;1.9;7.03;234;45;107;56;98020;0.14;0.09;0.39;0.38
2005;12;20;354;4.9;-0.4;-4.2;-2.2;-5.1;-9.1;1.5;0.2;0.19;1.1;1.9;6.64;246;48;102;50;98250;0.1;0;0.39;0.38
2005;12;21;355;4.3;0.5;-2.5;-2.7;-4.7;-6.4;0.9;-0.2;0.18;1.1;1.9;6.09;195;38;88;53;98569;0.08;0.03;0.39;0.38
2005;12;22;356;1;-2.1;-4.8;-4.4;-6.1;-8.2;1.4;0.1;0.18;1.1;1.9;5.87;115;23;72;47;98461;0.09;0.16;0.39;0.38
2005;12;23;357;4.3;-0.3;-3.3;-1.2;-3.8;-6.3;1.1;0.2;0.17;1.1;1.9;5.63;229;44;88;38;98330;0.07;0.01;0.39;0.38
2005;12;24;358;4.9;0.2;-3;0.9;-1.8;-4.3;1.2;0;0.17;1.1;1.9;5.03;178;35;72;39;97936;0.03;0.02;0.39;0.38
2005;12;25;359;5.8;0.9;-2.3;0.6;-1.8;-4.1;0.8;0;0.16;1.1;1.9;4.38;229;45;106;45;97521;0.04;0.46;0.38;0.38
2005;12;26;360;1.2;-0.4;-1.5;-1.3;-2;-2.8;-0.8;-0.1;0.2;1.1;1.9;7.11;104;22;37;18;97065;0.16;6;0.38;0.38
2005;12;27;361;-1.6;-2.5;-3.8;-3.2;-3.9;-4.5;-0.9;-1.1;0.32;1.1;1.9;15.57;65;13;22;14;96569;0.1;9.52;0.38;0.38
2005;12;28;362;0.2;-2;-4.2;-1.9;-3.4;-4.9;0.3;-0.2;0.35;1.1;1.9;26.57;86;16;32;13;96044;0.08;13.38;0.38;0.38
2005;12;29;363;-1.8;-2.9;-3.8;-2.9;-4.2;-5.4;-0.8;-0.8;0.36;1.1;1.9;38.17;86;18;41;18;97181;0.11;12.41;0.38;0.38
2005;12;30;364;-2.3;-6.4;-16;-5.5;-10.2;-18.2;1.7;-0.6;0.36;1.1;1.9;46.8;152;33;100;52;97318;0.3;2.45;0.38;0.38
2005;12;31;365;-2.3;-8.8;-17.3;-6.8;-12;-19.7;1.3;0.7;0.36;1.1;1.9;47;133;27;80;25;96996;0.1;0.96;0.38;0.38
2006;1;1;1;1.1;-1.4;-4.9;-0.3;-2.9;-6.3;0.6;-0.5;0.35;1.1;1.9;49.25;83;14;23;5;96658;0.11;9.78;0.38;0.38
2006;1;2;2;1.3;0.6;0;0;-0.2;-0.7;1;-0.5;0.35;1.1;1.9;60.32;53;9;24;12;96832;0;15.99;0.38;0.38
2006;1;3;3;3.1;0.5;-1.7;-0.5;-1.6;-2.9;0.9;-0.1;0.35;1.1;1.9;63.52;114;24;51;29;97806;0.05;0.96;0.39;0.38
2006;1;4;4;0.7;-2;-5.7;-1.8;-3.8;-7.1;0.1;-1;0.34;1;1.9;63.23;81;19;47;25;98243;0.1;0.91;0.39;0.38
2006;1;5;5;0.7;-0.2;-0.7;-0.5;-1.2;-1.8;-0.3;-1.6;0.34;1;1.9;67.79;56;11;17;11;97900;0.03;9.73;0.39;0.38
2006;1;6;6;2;0.7;0;0.5;0.1;-0.5;-0.4;-0.7;0.35;1;1.9;74.58;91;16;27;8;98022;0;4.01;0.39;0.38
2006;1;7;7;1.3;-0.1;-1.3;0.1;-0.5;-1.8;-0.4;-0.5;0.34;1;1.9;74.3;89;17;32;16;98595;0.01;2.21;0.39;0.38
2006;1;8;8;0;-1.4;-2.4;-1.8;-2.5;-3.1;-0.9;-0.3;0.34;1;1.9;75.45;86;18;39;22;99070;0.16;1.01;0.39;0.38
2006;1;9;9;-0.4;-5.3;-12.7;-3.4;-7.3;-14.5;0.9;-0.5;0.34;1;1.9;75.76;223;44;107;59;99093;0.1;0;0.39;0.38
2006;1;10;10;1.9;-7;-14.8;-4.7;-10.7;-17;1;0;0.34;1;1.9;75.72;218;47;83;51;98925;0.08;0;0.39;0.38
2006;1;11;11;1.9;-7.1;-14.3;-2.8;-9.7;-16.4;0.7;-0.3;0.33;1;1.9;75.71;228;50;99;60;98807;0.05;0;0.38;0.38
2006;1;12;12;0;-7;-13.9;-4.8;-9.7;-15.7;0.6;-0.3;0.33;1;1.9;75.7;201;45;97;52;99095;0.04;0;0.38;0.38
2006;1;13;13;-1.2;-6.9;-14;-3.8;-8.5;-15.5;0.6;-0.3;0.33;1;1.9;75.71;178;38;75;35;99395;0.03;0.04;0.38;0.38
2006;1;14;14;-0.7;-6.6;-11.9;-4.5;-8.5;-13.3;0.3;-0.1;0.33;1;1.9;75.72;227;50;94;50;99220;0.1;0.06;0.38;0.38
2006;1;15;15;-2.4;-5.9;-8.6;-5.9;-7.8;-9.8;0.2;0.4;0.33;1;1.9;75.82;195;37;70;31;99084;0.14;0.17;0.38;0.38
2006;1;16;16;-1.2;-6.3;-13.2;-5.1;-8.3;-14.6;0.2;1;0.33;1;1.9;75.84;217;49;98;57;98480;0.14;0.08;0.38;0.38
2006;1;17;17;-1.5;-9.2;-17.5;-4.7;-11.6;-19.4;0.9;0.3;0.33;1;1.9;75.77;240;49;88;48;97634;0.05;0.01;0.38;0.38
2006;1;18;18;1.8;-2.7;-7;-2.1;-5.2;-8.4;1.6;0.4;0.33;1;1.9;76.31;166;34;76;41;96448;0.21;1.04;0.38;0.38
2006;1;19;19;1.2;-2.7;-5.6;-2.3;-5;-6.8;-0.2;0.5;0.33;0.9;1.9;76.7;187;43;83;52;97906;0.17;0.06;0.38;0.38
2006;1;20;20;1.7;-4.5;-10.9;-2.5;-6.9;-12.5;0.4;0.1;0.33;0.9;1.9;76.62;227;50;88;54;98160;0.14;0;0.38;0.38
2006;1;21;21;5.3;-2.9;-7.9;-1.1;-6;-9.5;1.3;-0.1;0.32;0.9;1.9;76.42;258;58;110;57;97698;0.14;0.02;0.38;0.38
2006;1;22;22;2;-4.4;-10.8;-1.9;-7.6;-15.1;-0.7;-1.5;0.32;0.9;1.9;76.41;198;46;80;51;98350;0.56;0.76;0.38;0.38
2006;1;23;23;-7.7;-11.6;-14.9;-13.8;-16.3;-18.9;-1.2;-0.6;0.32;0.9;1.9;76.09;237;52;77;63;99427;0.19;0.03;0.37;0.38
2006;1;24;24;-6.3;-13.2;-20.9;-11.6;-16.9;-23;0.4;-0.4;0.32;0.9;1.9;75.99;276;63;114;75;99704;0.08;0;0.37;0.38
2006;1;25;25;-6.3;-13.9;-21.1;-12.4;-17.6;-23.2;0.1;1;0.32;0.9;1.9;75.93;270;61;99;64;98600;0.1;0;0.37;0.38
2006;1;26;26;-7.8;-12.6;-16.9;-12.4;-15.5;-18.9;-0.3;-0.4;0.32;0.9;1.9;75.83;238;54;90;57;98107;0.09;0;0.37;0.38
2006;1;27;27;-4.8;-11.7;-19.3;-9.2;-14.7;-21.9;0.1;-0.1;0.32;0.9;1.9;75.76;239;55;77;50;98492;0.06;0;0.37;0.38
2006;1;28;28;1.3;-6.3;-12.4;-3;-8.8;-14.2;-0.1;-0.4;0.32;0.9;1.9;75.66;252;60;91;52;98579;0.12;0;0.37;0.38
2006;1;29;29;0.2;-4.1;-8.9;-2.3;-5.8;-10.1;-0.2;-0.5;0.32;0.9;1.9;75.57;177;36;38;21;98726;0.13;0;0.37;0.38
2006;1;30;30;1.6;-2.4;-6.7;-0.8;-3.9;-7.3;0.1;-0.1;0.32;0.9;1.9;75.41;154;38;64;31;98549;0.11;0;0.37;0.38
2006;1;31;31;2.4;-3.7;-9.6;-0.9;-5.4;-10.9;0.3;0;0.32;0.9;1.9;75.24;273;61;104;61;98094;0.06;0.01;0.37;0.38
2006;2;1;32;3.1;-3.9;-11.8;-1;-6.5;-13.3;0.5;0.1;0.32;0.9;1.9;74.86;292;66;109;65;98048;0.12;0;0.37;0.38
2006;2;2;33;3.2;-4.6;-12;-1.2;-7;-13.5;0.5;-0.1;0.32;0.9;1.9;74.45;288;67;117;69;97634;0.12;0.01;0.37;0.38
2006;2;3;34;1.6;-5.5;-12.4;-2.5;-7.8;-14.3;-0.1;-0.2;0.32;0.9;1.9;74.17;273;68;113;63;97516;0.17;0;0.37;0.38
2006;2;4;35;-0.2;-5.1;-10.2;-4.3;-7.2;-11.3;0.5;-0.1;0.32;0.9;1.9;74.21;251;60;93;48;97900;0.18;0.48;0.37;0.38
2006;2;5;36;-2.7;-6.2;-9;-7.1;-10.5;-12.7;-0.7;-0.7;0.32;0.9;1.9;74.27;314;76;122;77;98436;0.33;0.03;0.37;0.38
2006;2;6;37;-2.3;-8.3;-13.6;-10;-12.6;-15.8;-0.3;-0.5;0.32;0.8;1.9;74.1;290;68;103;66;98374;0.3;0.17;0.37;0.38
2006;2;7;38;0.2;-7;-15.7;-5.3;-10.4;-17.9;1.3;1;0.32;0.8;1.9;74.21;192;41;67;31;97676;0.18;0.9;0.36;0.38
2006;2;8;39;4.3;-0.9;-4.4;-1;-3.5;-5.9;0.3;-0.1;0.32;0.8;1.9;74.15;242;55;93;37;96650;0.16;0.56;0.36;0.38
2006;2;9;40;5.5;-0.5;-5.8;-1.9;-4.5;-7.5;1.2;0.2;0.32;0.8;1.9;72.73;303;73;111;65;96385;0.37;0.57;0.37;0.38
2006;2;10;41;3.5;-2.5;-8.2;-2.9;-6.2;-9.6;1.5;0.1;0.32;0.8;1.9;71.6;193;49;85;63;96804;0.29;0.01;0.37;0.38
2006;2;11;42;2.5;-2.3;-8;-5.1;-7.2;-10.5;1.4;-2;0.32;0.8;1.9;71.16;277;71;97;74;97847;0.53;0.13;0.37;0.38
2006;2;12;43;2.2;-4.8;-12.3;-4.3;-9;-14.3;0.9;-0.3;0.32;0.8;1.9;70.79;297;73;99;69;98203;0.32;0.09;0.37;0.38
2006;2;13;44;2;-4.4;-11;-4.6;-8.3;-12.9;0.6;-0.1;0.32;0.8;1.9;70.56;276;68;85;58;98111;0.33;0.01;0.36;0.38
2006;2;14;45;2.6;-3.2;-10.2;-3.1;-6.6;-12.2;0.1;0.2;0.32;0.8;1.9;70.16;276;69;87;50;98041;0.21;0;0.36;0.38
2006;2;15;46;4.5;0.4;-2.8;-1;-2.8;-5;0.3;1.1;0.32;0.8;1.9;68.96;322;69;96;46;97268;0.19;0.01;0.36;0.38
2006;2;16;47;7.5;2.7;-0.6;1.5;0.2;-1.9;1.5;1.5;0.32;0.8;1.9;64.87;270;57;76;35;95774;-0.11;2.51;0.37;0.38
2006;2;17;48;5.5;1.6;-3.6;2.5;0.1;-4.4;0.8;0.5;0.32;0.8;1.9;58.77;220;46;103;44;95843;-0.18;2.31;0.38;0.38
2006;2;18;49;8;1.4;-5.6;2.1;-1.2;-6.5;0.6;1.5;0.32;0.8;1.9;53.12;258;66;89;56;96546;-0.11;0.65;0.38;0.38
2006;2;19;50;9.5;3.7;-3.1;3.2;0.4;-3.9;1.2;1.7;0.31;0.8;1.9;45.51;359;91;117;70;96764;-0.13;0.5;0.39;0.38
2006;2;20;51;11.3;5.3;1;4.5;2.7;0.8;0.7;2.4;0.29;0.8;1.9;34.43;297;71;88;52;96545;-0.26;0.92;0.4;0.38
2006;2;21;52;7;2.7;-0.8;2.9;1.2;-1;0.1;-0.4;0.26;0.9;1.9;26.23;317;74;85;40;96993;0.01;0.2;0.41;0.38
2006;2;22;53;5.3;2.5;0.3;1.3;0;-2.3;-1.2;-0.5;0.25;0.9;1.9;22.09;232;52;53;22;97669;0.25;0.18;0.41;0.38
2006;2;23;54;4;1.3;-0.5;-2.1;-2.5;-3.2;-1.2;-0.6;0.24;0.9;1.9;20.24;222;46;56;21;97790;0.37;0.57;0.41;0.38
2006;2;24;55;3.3;1.4;0.4;1;-0.5;-1.9;-1.3;-2.5;0.27;0.9;1.9;22.08;108;25;28;15;97348;0.28;12.28;0.41;0.38
2006;2;25;56;1.3;0;-1.2;-0.2;-1.7;-2.4;-1;-1.6;0.33;0.9;1.9;28.95;155;35;26;16;96990;0.31;6.93;0.41;0.39
2006;2;26;57;2;-0.8;-3.3;-2;-2.7;-4.4;-0.7;0.3;0.34;0.9;1.9;31.81;230;55;49;28;96841;0.31;3.18;0.41;0.39
2006;2;27;58;0.5;-3.8;-8.9;-4.8;-8.2;-11.9;-0.7;-0.4;0.34;0.9;1.9;32.95;287;75;105;54;97242;0.64;0.79;0.41;0.39
2006;2;28;59;-1;-7.3;-16.7;-7.5;-11.7;-18.3;0.1;0;0.34;0.9;1.9;32.27;330;91;98;58;96772;0.48;0.01;0.41;0.39
2006;3;1;60;4.3;-3.2;-11.5;-5;-8.6;-14.4;1.1;0.7;0.34;0.9;1.9;30.44;387;107;127;78;96348;0.43;0.01;0.4;0.39
2006;3;2;61;1.3;-2.5;-5.6;-6.2;-7.9;-10.1;0.4;0.3;0.33;0.9;1.9;28.64;240;68;108;54;96563;0.4;0.25;0.4;0.39
2006;3;3;62;5;-0.2;-5.9;-0.3;-4.7;-10.9;1.5;2.1;0.32;0.9;1.9;26.76;348;80;89;57;96318;0.31;0;0.4;0.39
2006;3;4;63;7.6;3.8;0.2;5.1;1.9;-0.7;0.1;-0.3;0.28;1;1.9;21.69;129;32;64;25;95504;-0.1;5.48;0.41;0.39
2006;3;5;64;-0.2;-1.1;-4.5;-1.2;-3;-7.2;-0.3;-1.7;0.32;1;1.9;27.87;70;18;51;20;95998;0.28;15.78;0.41;0.39
2006;3;6;65;3.1;-4.2;-12.6;-5.8;-9.4;-14.5;0.6;-1.8;0.35;1;1.9;34.34;386;97;107;68;96887;0.65;0.01;0.41;0.39
2006;3;7;66;2.8;-4.7;-13.6;-6.5;-10.1;-15.6;1.3;-1.9;0.35;1;1.9;32.85;369;109;121;73;97248;0.71;0.38;0.41;0.39
2006;3;8;67;2.3;-3.4;-11.3;-6.2;-9.3;-14.2;0.4;1;0.34;1;1.9;31.08;378;113;123;71;97374;0.63;0.39;0.41;0.39
2006;3;9;68;5.8;1.5;-1.8;-0.5;-2.5;-5.7;1.3;1.6;0.34;1;1.9;29.87;228;65;72;41;96306;0.38;2.25;0.41;0.39
2006;3;10;69;4.4;1.1;-2;2.3;-0.2;-2.6;1.2;0.2;0.32;1;1.9;26.92;80;23;53;25;96292;-0.08;9.19;0.41;0.39
2006;3;11;70;8.1;2.5;-4.2;0.2;-3.5;-5;0.7;-0.9;0.3;1;1.9;22.87;425;118;120;71;96208;0.63;0.7;0.42;0.4
2006;3;12;71;1.7;-0.6;-3.1;-2.8;-8;-10.8;0.7;-3.8;0.29;1;1.9;21.4;429;102;111;50;97077;1.04;1.62;0.42;0.4
2006;3;13;72;-0.4;-2;-3.3;-8.5;-10;-11.5;0.3;-4.5;0.29;1;1.9;21.19;264;62;49;35;97868;0.87;1.22;0.41;0.4
2006;3;14;73;1.3;-1;-3.4;-5.2;-6.5;-8.3;-0.2;-1.5;0.31;1.1;1.9;22.96;209;53;41;25;97852;0.48;2.08;0.41;0.4
2006;3;15;74;1.9;-0.4;-2.1;-3.1;-4.7;-6.5;-0.9;0.4;0.31;1.1;1.9;22.65;245;66;46;32;97782;0.31;0.08;0.41;0.4
2006;3;16;75;2.1;0.3;-1.6;-1.5;-3.4;-4.8;-0.6;0;0.3;1.1;1.9;21.34;201;63;50;30;97816;0.27;0.3;0.4;0.4
2006;3;17;76;5.2;1.7;-0.8;-2.3;-2.9;-3.7;-0.6;-0.4;0.28;1.1;1.9;18.87;299;85;70;43;97761;0.44;0.51;0.4;0.4
2006;3;18;77;5.1;1.8;-1.6;-1.7;-2.9;-3.6;-0.5;-0.2;0.26;1.1;1.9;15.77;336;94;86;47;97684;0.51;0.79;0.41;0.4
2006;3;19;78;8.7;3.5;-0.4;-0.2;-1.8;-3.3;0.1;1.1;0.24;1.1;1.9;12.08;547;154;134;80;97230;0.63;0;0.41;0.4
2006;3;20;79;11.8;4.3;-3.2;2.7;-0.8;-4.9;0.4;0.6;0.21;1.2;1.9;7.92;560;166;132;85;96815;0.7;0;0.41;0.4
2006;3;21;80;13.4;5.8;-2.3;4.4;1.1;-3.5;1.3;1.2;0.18;1.2;1.9;4.55;576;160;125;72;96615;0.79;0.19;0.41;0.4
2006;3;22;81;13.9;7.7;0.3;6.1;3.7;-0.3;-0.4;-0.5;0.15;1.2;1.9;2.21;534;146;105;62;96418;1;0.47;0.41;0.4
2006;3;23;82;8.3;4.5;-0.4;2.2;-2.9;-5.6;-1;-2.6;0.14;1.2;1.9;1.07;515;148;117;72;96779;1.25;0.16;0.4;0.4
2006;3;24;83;8.7;3.2;-2.2;-0.7;-3.6;-7.4;-0.7;1.5;0.14;1.2;1.9;0.79;625;187;131;91;97184;0.97;0;0.4;0.4
2006;3;25;84;12.9;6.6;-0.5;5.8;2.2;-2.3;0.5;0.5;0.14;1.2;1.9;0.49;468;135;91;66;97149;1.08;1.55;0.4;0.4
2006;3;26;85;13;6.7;-0.3;6.4;3.2;-1.1;1.3;0.3;0.14;1.3;1.9;0.27;340;78;67;42;97595;0.57;0.16;0.4;0.4
2006;3;27;86;19;10.4;2;8.3;5.3;1.1;1.8;0.9;0.14;1.3;1.9;0.13;618;180;126;72;97167;1.57;0;0.39;0.4
2006;3;28;87;16.6;10.9;5.7;8.2;6.3;4;1.6;1;0.14;1.3;1.9;0.02;563;136;95;52;96599;1.3;5.49;0.39;0.4
2006;3;29;88;13.8;8.3;3.6;6.6;2;-1.7;1.8;-0.8;0.14;1.3;1.9;0.01;530;130;129;63;96821;1.74;9.23;0.4;0.4
2006;3;30;89;16.1;9;-0.2;3.4;1.1;-2.3;1.5;0.9;0.14;1.3;1.9;0;585;163;123;72;97365;1.53;0;0.4;0.4
2006;3;31;90;17.2;10.1;4.6;7.6;5.3;2.8;1.6;0.6;0.14;1.4;1.9;0;518;127;119;61;97146;1.32;1.23;0.4;0.4
2006;4;1;91;18.4;10.9;1.9;7.9;5.1;1.1;0.7;0.8;0.14;1.4;1.9;0;610;184;125;80;97401;1.82;0.06;0.39;0.4
2006;4;2;92;16.5;11.1;5.8;8.2;6.1;3.5;0.3;-0.7;0.14;1.4;1.9;0;590;162;114;71;97326;1.67;1.02;0.39;0.4
2006;4;3;93;14.4;8.1;2.8;6.9;4.8;2.3;1.3;-0.6;0.14;1.4;1.9;0;449;105;92;52;97421;1.41;2.87;0.39;0.4
2006;4;4;94;13.9;8.1;1.2;3.5;1.4;0;0.6;0.2;0.14;1.4;1.9;0;634;190;129;89;97399;1.85;0.25;0.39;0.4
2006;4;5;95;13.7;8.2;3.4;4.1;2.6;1.2;0.7;2;0.14;1.4;1.9;0;284;93;88;56;96548;0.99;0.14;0.38;0.4
2006;4;6;96;6.1;4.2;0.4;3.3;-1.6;-3.7;-0.3;-2.2;0.14;1.5;1.9;0;308;73;78;42;97122;1.66;3.34;0.38;0.4
2006;4;7;97;10.8;4.7;-2.3;-0.2;-3.4;-5.3;-0.2;-0.6;0.14;1.5;1.9;0;618;205;126;96;97466;1.65;0;0.38;0.4
2006;4;8;98;13.9;7.4;-0.8;2.2;-0.3;-3.4;0.1;1.3;0.14;1.5;1.9;0;682;221;142;100;97421;1.85;0;0.38;0.4
2006;4;9;99;17.1;9.2;0.2;4.2;2.2;-1.4;1.4;1.6;0.15;1.5;1.9;0;628;199;126;89;97131;1.93;0;0.37;0.4
2006;4;10;100;17;11.7;5.8;7.2;5.4;2.8;1.6;2.3;0.15;1.5;1.9;0;535;166;95;67;96705;1.7;2.23;0.37;0.4
2006;4;11;101;9.5;7.1;4.4;7.6;2.2;-2.3;0.3;-2.8;0.15;1.6;1.9;0;313;73;71;27;96693;1.78;16.4;0.38;0.4
2006;4;12;102;12;6.9;3.2;0.1;-2;-3.2;1;-2.8;0.15;1.6;1.9;0;611;149;106;59;96904;1.99;0.61;0.38;0.4
2006;4;13;103;13.3;8.7;3.9;1.5;-0.9;-3.3;1;-1.6;0.15;1.6;1.9;0;481;158;105;63;97050;1.76;0.11;0.38;0.4
2006;4;14;104;17.4;10.3;2.1;7.4;3.9;0;0.4;0;0.15;1.6;1.9;0;573;165;101;69;97177;1.77;0.15;0.38;0.4
2006;4;15;105;16.4;11.8;6.6;7.5;6.2;4.8;0.1;2;0.15;1.6;1.9;0;391;120;72;49;97506;1.37;0.01;0.38;0.4
2006;4;16;106;15;10.9;5;11.3;8.2;4.6;1.4;0.7;0.15;1.7;1.9;0;385;89;82;51;97100;1.47;6.42;0.38;0.4
2006;4;17;107;16.6;11;3.5;9.9;5.7;2.6;0.2;-0.5;0.15;1.7;1.9;0;591;185;115;75;97145;2.07;0.07;0.38;0.4
2006;4;18;108;15;10.5;4.8;9.2;7.1;4.3;0.7;-1.3;0.15;1.7;1.9;0;453;125;78;48;97191;1.73;3.18;0.37;0.4
2006;4;19;109;17.1;12.5;8.6;7.4;5.4;3.4;-0.2;-1.8;0.15;1.8;1.9;0;513;154;101;61;97236;2.08;0.12;0.37;0.4
2006;4;20;110;18.1;13.1;5.5;7.9;5;3.9;0.1;-0.8;0.15;1.8;1.9;0;645;211;131;87;97424;2.47;0.07;0.37;0.4
2006;4;21;111;18.9;13;4.2;8.7;5;3.1;-0.2;-0.4;0.15;1.8;1.9;0;651;221;138;93;97608;2.62;0;0.37;0.4
2006;4;22;112;19.3;13.6;4.9;9.3;6.6;3.7;0;0.5;0.16;1.8;1.9;0;630;214;119;85;97523;2.58;0.39;0.36;0.4
2006;4;23;113;20.5;13.6;7;11.6;8.7;5.4;0.5;0.2;0.16;1.9;1.9;0;656;194;116;75;97453;2.38;5.34;0.36;0.4
2006;4;24;114;21.4;14.2;5.5;10.6;8.4;5.2;0.1;0.8;0.16;1.9;1.9;0;645;222;133;85;97738;2.89;0;0.36;0.4
2006;4;25;115;22.7;16.6;9.4;10.9;8.3;6.1;-0.1;1;0.16;1.9;1.9;0;590;206;123;86;97662;2.78;0;0.36;0.4
2006;4;26;116;22.2;16;8.3;11.8;9.4;6.7;-0.3;-0.1;0.16;2;1.9;0;605;185;109;69;97443;2.52;0.31;0.35;0.4
2006;4;27;117;16.9;13.4;10.1;12.9;11.2;8.8;0.2;-1.1;0.16;2;1.9;0;311;94;54;38;97230;1.77;12.4;0.35;0.4
2006;4;28;118;14.9;12.6;11.2;12.4;11.1;10;0.1;-1.3;0.16;2;1.9;0;214;60;55;21;96889;1.34;20.67;0.37;0.4
2006;4;29;119;11.3;10.4;7.8;10;8.6;5.9;-0.6;-1.6;0.16;2.1;1.9;0;135;44;24;18;96738;1.58;20.46;0.39;0.4
2006;4;30;120;7.5;6.5;5.2;4.9;3.7;2.4;-0.2;-1.6;0.16;2.1;1.9;0;217;58;28;21;97225;1.75;10.67;0.4;0.4
2006;5;1;121;13.6;9.6;5.8;6;5.1;3.8;-0.4;0.8;0.16;2.1;1.9;0;429;135;85;49;97318;1.79;0.36;0.4;0.4
2006;5;2;122;16.6;11.5;5.8;8.7;7.1;4.7;-0.5;0.9;0.16;2.1;1.9;0;502;164;77;63;97766;1.93;0.02;0.4;0.4
2006;5;3;123;17.4;12.5;5.7;9.5;8;5.7;-0.9;0.1;0.16;2.2;1.9;0;482;157;99;58;98175;2.06;0.16;0.4;0.4
2006;5;4;124;17.2;12.3;7.1;7.7;5.7;4;-1.9;0.5;0.16;2.2;1.9;0;723;224;124;85;98348;2.88;0.01;0.39;0.4
2006;5;5;125;17.9;12.4;4.7;7.7;4.7;2.8;-0.6;-0.7;0.17;2.2;1.9;0;599;219;125;91;98333;2.89;0.06;0.39;0.4
2006;5;6;126;18.9;12.5;5.4;7.7;4.7;1.9;-0.1;-1.3;0.17;2.3;1.9;0;691;229;129;85;97950;3.14;3.22;0.38;0.4
2006;5;7;127;15.8;12;7.1;8.7;7.6;5.7;0;-1.6;0.17;2.3;1.9;0;538;202;99;73;97854;2.8;2.26;0.38;0.4
2006;5;8;128;17.3;12.6;5.7;9.1;7.1;4.6;-0.2;-0.6;0.17;2.3;1.9;0;588;205;111;81;97550;2.69;0.55;0.38;0.4
2006;5;9;129;17.2;12.5;8.3;10.8;8.8;6.3;0.2;-0.2;0.17;2.4;1.9;0;543;152;87;60;97231;2.24;5.04;0.38;0.4
2006;5;10;130;18.9;13.9;8.7;8.3;6.1;3.6;0.3;-2.5;0.17;2.4;1.9;0;653;232;123;80;97125;3.64;0.72;0.38;0.4
2006;5;11;131;17.2;12.9;6.9;8;4.9;3.5;-0.2;-1.4;0.17;2.4;1.9;0;564;190;112;82;97567;2.74;0.06;0.38;0.4
2006;5;12;132;21.4;14.7;5.4;9.9;7.3;4;0.4;1.2;0.17;2.5;1.9;0;706;239;131;91;97817;3.46;0;0.37;0.4
2006;5;13;133;22.6;16;8.1;13.2;9.9;7.1;1.2;0.6;0.17;2.5;1.9;0;669;222;116;82;97629;3.3;0.25;0.37;0.4
2006;5;14;134;18.3;13.1;8.4;12.3;10.3;7.9;1.1;-0.6;0.17;2.5;1.9;0;428;126;71;51;97693;2.23;9.21;0.37;0.4
2006;5;15;135;20;14.5;6.5;11.2;8.7;5.5;0.1;0.7;0.17;2.5;1.9;0;594;213;116;81;97980;3.21;0.02;0.37;0.4
2006;5;16;136;23.8;17.5;9.9;15.5;12.3;8.6;0.4;0.6;0.17;2.6;1.9;0;552;209;104;73;97643;3.11;0.27;0.37;0.4
2006;5;17;137;21.6;17;12.2;14.4;11.3;8.1;0.8;-0.8;0.17;2.6;1.9;0;609;207;106;68;97676;3.54;1.86;0.36;0.4
2006;5;18;138;25.6;18.7;10.9;16.8;13.9;10.1;0.2;1.3;0.17;2.6;1.9;0;673;231;104;70;97577;3.45;0.39;0.36;0.39
2006;5;19;139;19.2;15.8;12.4;16.1;14.2;11.7;0.2;-0.1;0.17;2.6;1.9;0;317;69;44;28;97231;1.42;25.03;0.37;0.39
2006;5;20;140;17.7;14.2;11.9;11.8;10.3;7.8;0.5;0.5;0.17;2.7;1.9;0;518;125;64;40;96875;2.29;7.27;0.38;0.39
2006;5;21;141;17.3;13.9;11.3;14.1;11.9;10.1;-0.2;-0.8;0.17;2.7;1.9;0;330;85;52;26;97010;1.65;10.99;0.38;0.39
2006;5;22;142;24.6;17.3;8.9;13.8;10.9;8.3;1.4;2.4;0.17;2.7;1.9;0;526;203;111;65;97046;3.79;0.07;0.39;0.39
2006;5;23;143;22;17.1;11.7;13.9;11.4;8.4;-0.7;-0.7;0.17;2.7;1.9;0;605;181;98;61;97444;3.23;3.51;0.38;0.39
2006;5;24;144;13.1;12;8.7;10.2;9.4;7.3;0.8;-1.1;0.17;2.7;1.9;0;154;58;72;27;97997;1.87;18.85;0.39;0.39
2006;5;25;145;19.5;13.4;4.9;9;6.7;4.4;0.7;0.7;0.17;2.8;1.9;0;656;235;114;84;98024;3.73;0;0.4;0.39
2006;5;26;146;21;15.7;8.2;12.6;10.3;7.1;0.3;-0.1;0.17;2.8;1.9;0;564;184;87;60;97899;2.85;0.19;0.39;0.39
2006;5;27;147;21.5;17.5;11.8;14.3;12;10.8;1.1;-0.1;0.17;2.8;1.9;0;516;186;94;64;97794;3.12;0.35;0.39;0.39
2006;5;28;148;25.8;18.2;12.5;16.5;13.5;10.6;0.7;-0.4;0.17;2.8;1.9;0;636;203;106;64;97317;3.52;6;0.39;0.39
2006;5;29;149;13.6;12;9.6;11.5;9.6;8;-0.4;0.5;0.17;2.9;1.9;0;166;54;52;32;97040;1.54;13.41;0.39;0.39
2006;5;30;150;11.3;9.6;7.8;9;6.8;1.9;0.8;-0.8;0.17;2.9;1.9;0;179;63;48;40;96402;1.74;10.34;0.4;0.39
2006;5;31;151;14.9;10.5;6.1;4.7;2.3;0.9;1.6;-1.2;0.17;2.9;1.9;0;714;236;125;91;97068;3.56;0.56;0.4;0.39
2006;6;1;152;15.1;10.1;4.5;7.4;4.6;1.2;0.2;-0.9;0.17;2.9;1.9;0;670;231;113;84;97639;3.11;2.99;0.4;0.39
2006;6;2;153;11.9;9.4;7.3;7.2;5.4;3.4;0.7;-4.3;0.17;2.9;1.9;0;313;94;49;32;97601;3.17;17.44;0.4;0.39
2006;6;3;154;12.5;10.9;8.8;8.5;7;4.8;0.5;-4.1;0.17;3;1.9;0;205;68;44;21;97490;3.44;14.12;0.42;0.39
2006;6;4;155;16;12.9;9.1;7.8;6.3;4.4;1.3;-2.2;0.17;3;1.9;0;470;157;92;67;97520;2.74;0.51;0.41;0.4
2006;6;5;156;16.6;12.5;7.5;8;5.2;3.2;0.8;-0.4;0.17;3;1.9;0;523;200;93;74;97857;3.1;0.39;0.41;0.4
2006;6;6;157;14.4;10.5;6.2;9.2;7.5;5.3;-0.2;-0.5;0.17;3;1.9;0;476;148;88;58;98126;2.29;4.86;0.41;0.4
2006;6;7;158;16.5;11.7;5.6;7.3;6.3;4.4;0.5;-2.1;0.17;3;1.9;0;616;233;106;81;98278;3.54;0.35;0.4;0.4
2006;6;8;159;17.6;13.1;7.5;7.4;5.4;3.7;-0.1;-1.9;0.17;3.1;1.9;0;632;233;106;84;98452;3.66;0.21;0.4;0.4
2006;6;9;160;17.9;13.9;7.7;10.4;7.3;4.5;0.4;-1.3;0.17;3.1;1.9;0;592;211;107;75;98274;3.41;1.4;0.39;0.4
2006;6;10;161;16.7;13.2;9.9;11.8;8;4.9;0.2;-1.8;0.17;3.1;1.9;0;435;133;101;53;98013;2.95;8.9;0.4;0.4
2006;6;11;162;17.8;14;9.3;11.4;8.1;4.8;-0.6;-1.9;0.17;3.1;1.9;0;479;169;90;65;98562;2.87;0.49;0.39;0.4
2006;6;12;163;23;17.4;9;14;9.8;7.4;0.7;-0.7;0.17;3.2;1.9;0;656;236;106;78;98530;3.83;0;0.39;0.4
2006;6;13;164;24;18.7;10.8;14;11.5;9.1;0;-1.2;0.17;3.2;1.9;0;682;239;116;76;98099;4.14;0.38;0.38;0.4
2006;6;14;165;23.7;19;12;16.9;13.9;10.9;-0.2;-0.3;0.17;3.2;1.9;0;569;215;93;68;97657;3.61;2.03;0.38;0.4
2006;6;15;166;25.3;20.3;12.2;17;14.6;11.9;-0.4;0;0.17;3.2;1.9;0;633;238;104;72;97741;4.15;0.11;0.38;0.4
2006;6;16;167;27.2;21.9;14.5;19.9;17.2;13.7;0.2;0.2;0.17;3.2;1.9;0;685;224;97;62;97641;3.74;0.08;0.37;0.4
2006;6;17;168;26.5;20.9;15.8;19.1;17.3;15.6;0.7;0.1;0.17;3.2;1.9;0;611;195;93;63;97611;3.36;0.98;0.37;0.4
2006;6;18;169;26.4;20.9;14.3;19.9;17.6;14.2;0.4;0.1;0.17;3.3;1.9;0;645;213;93;61;97677;3.57;1.93;0.36;0.4
2006;6;19;170;29;22.4;15.1;20.3;17.9;14.8;0.5;-0.3;0.17;3.3;1.9;0;672;243;101;71;97511;4.33;0.57;0.36;0.4
2006;6;20;171;30.1;24;16.7;19.1;16.8;14.8;0.4;-0.1;0.17;3.3;1.9;0;706;251;105;78;97635;4.67;0.06;0.36;0.4
2006;6;21;172;30.5;24.5;17.1;21.7;19.3;16.2;-0.2;0.7;0.17;3.3;1.9;0;704;245;101;74;97389;4.43;0.29;0.35;0.4
2006;6;22;173;27.6;22.3;16.7;19.5;18.1;15.9;0;-0.6;0.17;3.3;1.9;0;644;216;98;69;97253;3.86;3.81;0.35;0.4
2006;6;23;174;24.3;21;17.1;17.5;16.6;15.4;0;-1.4;0.17;3.3;1.9;0;502;177;75;52;97518;3.53;3.58;0.35;0.4
2006;6;24;175;26.6;22.2;15.8;18;16.1;14.8;-0.2;-0.1;0.17;3.3;1.9;0;566;218;95;67;97627;3.9;0;0.35;0.4
2006;6;25;176;29.3;24.4;18.9;20;18.1;16.6;-0.6;1.8;0.17;3.4;1.9;0;669;244;100;70;97515;4.58;0.09;0.34;0.39
2006;6;26;177;31.9;25.8;19.2;20.7;18.4;16.6;0.3;1.5;0.17;3.4;1.9;0;721;248;100;79;97377;4.79;0.28;0.34;0.39
2006;6;27;178;29.6;24.4;17.2;20.9;18.8;16.1;-0.2;-0.8;0.17;3.4;1.9;0;634;238;97;72;97609;4.36;0.63;0.33;0.39
2006;6;28;179;28.5;23.6;19;19.5;18.3;17.4;0.4;-0.5;0.17;3.4;1.9;0;663;221;98;64;97612;4.3;5.46;0.33;0.39
2006;6;29;180;24.2;20.4;17.7;19.4;17.8;16.2;0.3;-0.5;0.17;3.4;1.9;0;425;109;49;32;97656;2.36;11.78;0.33;0.39
2006;6;30;181;24.4;20.5;16.8;17.7;14.4;11.7;1;-1.7;0.17;3.4;1.9;0;592;213;89;67;97778;4.49;1.19;0.34;0.39
2006;7;1;182;21.2;19;16.5;12.7;12.3;11.7;0.5;-3.1;0.17;3.4;1.9;0;351;136;64;42;97997;3.38;1.92;0.33;0.39
2006;7;2;183;21.1;18.3;16.1;14.5;13.4;12.6;-1;-2.4;0.17;3.5;1.9;0;336;118;51;26;97963;3.18;1.46;0.33;0.39
2006;7;3;184;20.1;17.7;16.2;18;15.6;13.3;-1;-0.9;0.17;3.5;1.9;0;255;80;49;20;97939;2;14.81;0.33;0.39
2006;7;4;185;22.9;19.3;15.4;16.3;14;12.1;-0.8;0.6;0.17;3.5;1.9;0;563;185;95;56;98039;3.67;0.17;0.34;0.39
2006;7;5;186;24.8;20.4;15.6;14.7;12.8;11.4;-0.6;1.4;0.17;3.5;1.9;0;725;266;121;91;98111;4.8;0;0.34;0.39
2006;7;6;187;26.7;21.4;14.9;17.6;15;11.9;-0.5;1.6;0.17;3.5;1.9;0;720;253;107;79;97874;4.63;0;0.33;0.39
2006;7;7;188;26.8;22;16.5;18.6;16.9;14.5;0.1;0.4;0.17;3.5;1.9;0;675;233;97;69;97494;4.29;1.43;0.33;0.39
2006;7;8;189;25.1;20.9;16.5;18.6;17.2;15.6;0.5;-1;0.17;3.5;1.9;0;632;204;89;59;97652;4.01;7.83;0.33;0.39
2006;7;9;190;26.6;21.7;15.2;18.6;16.6;14.5;0.2;-0.3;0.17;3.6;1.9;0;623;223;96;69;97812;4.22;0.86;0.33;0.39
2006;7;10;191;27.9;22.6;16.2;19.5;17.2;15.4;0.6;-1.2;0.17;3.6;1.9;0;643;239;96;65;98160;4.61;0.91;0.33;0.39
2006;7;11;192;28.8;23.6;17.4;20.6;18;16.4;0.3;-0.6;0.17;3.6;1.9;0;658;232;97;68;98112;4.42;0.14;0.32;0.39
2006;7;12;193;27.7;22.8;17.8;20;18.2;15.7;0.2;-1;0.17;3.6;1.9;0;618;217;97;64;97955;4.23;4.58;0.32;0.39
2006;7;13;194;26;21.9;16.6;18.9;17.4;15.5;0.6;-1.2;0.17;3.6;1.9;0;591;207;85;63;97836;4.31;2.99;0.32;0.39
2006;7;14;195;28.9;23;16.9;18.5;17;15.4;0.4;-1.6;0.17;3.6;1.9;0;653;228;102;70;97869;4.58;0.76;0.32;0.39
2006;7;15;196;24.4;20.8;16.3;16;11.7;8.4;-0.8;-2.7;0.17;3.6;1.9;0;684;258;131;92;98326;5.11;0;0.31;0.39
2006;7;16;197;23.1;18.8;14.2;10.9;8.9;7.8;-0.7;-2.4;0.17;3.6;1.9;0;631;238;123;90;98388;4.51;0.01;0.31;0.39
2006;7;17;198;24.7;19.4;13;13.9;9.6;7.2;-0.2;-1.9;0.17;3.6;1.9;0;719;241;119;88;98300;4.35;0;0.3;0.38
2006;7;18;199;25.9;20.5;12.9;16.4;12.5;10.4;0.3;-0.3;0.17;3.6;1.9;0;717;263;127;91;98208;4.32;0;0.3;0.38
2006;7;19;200;29.3;22.6;13.4;19.2;14.1;11.8;0.3;0.4;0.17;3.6;1.9;0;724;265;130;91;98113;4.48;0;0.29;0.38
2006;7;20;201;30.7;24.1;15.2;18;15.3;13.5;0.1;0.9;0.17;3.6;1.9;0;726;261;124;89;98003;4.5;0;0.29;0.38
2006;7;21;202;31.5;25.2;16.8;19.2;17.3;15.3;0.5;-0.2;0.17;3.6;1.9;0;685;233;112;75;97898;4.05;0;0.29;0.38
2006;7;22;203;30.6;25;18.3;20.1;18;17.2;0.1;-0.8;0.17;3.6;1.9;0;637;230;104;68;97674;4.19;1.85;0.28;0.38
2006;7;23;204;30.4;24.6;19;19.7;17.9;15.7;0.4;-0.9;0.17;3.6;1.9;0;667;207;94;63;97653;3.75;2.01;0.28;0.38
2006;7;24;205;29.5;24.2;18.4;20.4;18;15.7;0.6;-0.5;0.17;3.6;1.9;0;616;201;98;64;97782;3.82;0.94;0.28;0.38
2006;7;25;206;29.6;24.5;18.2;20.4;18.1;15.5;0.2;-0.7;0.17;3.6;1.9;0;598;209;102;67;97735;3.63;0.13;0.28;0.38
2006;7;26;207;30.1;25.3;18.5;20.1;17.4;14.9;0;-0.4;0.17;3.6;1.9;0;614;217;99;73;97670;3.69;0;0.27;0.38
2006;7;27;208;30.5;24.9;19.1;19.5;17.2;14.5;0.9;-0.5;0.17;3.6;1.9;0;590;189;105;65;97547;3.3;0.28;0.27;0.38
2006;7;28;209;31.1;25;18.7;19.3;16.9;13.2;0.6;0.4;0.17;3.6;1.9;0;643;207;109;70;97114;3.53;0;0.27;0.38
2006;7;29;210;29.8;23.6;18.7;18.5;16.8;14.2;1.3;0.1;0.17;3.6;1.9;0;660;221;106;71;96761;3.7;3.64;0.27;0.38
2006;7;30;211;27.9;23.8;18.4;18.5;15.9;13.8;0.7;-0.7;0.17;3.6;1.9;0;654;206;104;69;97217;3.67;0.06;0.26;0.38
2006;7;31;212;29.3;24.4;17.4;18;15.7;13.2;0.2;-0.1;0.17;3.6;1.9;0;568;196;105;69;97302;3.19;0.19;0.26;0.38
2006;8;1;213;23.2;20.7;17.3;19.3;18.1;16.4;-0.2;-0.4;0.17;3.6;1.9;0;280;83;57;40;96957;1.7;18.64;0.27;0.38
2006;8;2;214;20.6;18.7;16.3;16.9;14.5;12.6;1.1;-0.2;0.17;3.6;1.9;0;296;87;52;33;96942;2.23;2.28;0.28;0.38
2006;8;3;215;19.6;17.5;15.3;17.3;14.7;13;-0.4;0.3;0.17;3.6;1.9;0;312;83;57;30;96436;2.11;9.72;0.28;0.38
2006;8;4;216;19.2;16.2;14;13.7;11.9;9.9;0.8;-1.2;0.17;3.6;1.9;0;412;105;65;43;96589;2.78;4.97;0.29;0.38
2006;8;5;217;21.8;17.4;12.3;12.8;10.8;9;1.1;-0.6;0.17;3.6;1.9;0;549;188;94;66;97044;3.33;0.61;0.29;0.37
2006;8;6;218;21.9;17.7;14.5;14.9;12.8;11.8;1.5;0.8;0.17;3.6;1.9;0;397;128;74;46;96944;2.8;2.59;0.29;0.37
2006;8;7;219;19.2;16.9;14;15.2;12.8;11.1;2.4;-1;0.17;3.5;1.9;0;186;63;43;27;96638;2.92;20.67;0.3;0.37
2006;8;8;220;23.6;18.7;15.1;14.8;11.5;9.3;1.7;-1.7;0.17;3.5;1.9;0;677;191;111;65;96831;3.88;2.32;0.3;0.37
2006;8;9;221;22.6;18.3;13.1;13.5;11.5;9.9;0;-0.9;0.17;3.5;1.9;0;529;186;96;67;97097;3.55;0.03;0.3;0.37
2006;8;10;222;21.2;17.4;13.4;13.5;11.9;11;1;-0.7;0.17;3.5;1.9;0;479;141;80;53;97094;2.64;0.46;0.3;0.37
2006;8;11;223;19.7;16;12.5;11.7;10.4;9;1.3;-0.2;0.17;3.5;1.9;0;402;138;74;58;96995;2.64;1.09;0.3;0.37
2006;8;12;224;14.9;13.4;12.3;13;11.4;10.3;-0.2;-1;0.17;3.5;1.9;0;112;36;35;23;96724;1.32;27.25;0.3;0.37
2006;8;13;225;18.7;14.7;11.3;11.5;10.1;9.3;0.4;0.5;0.17;3.5;1.9;0;425;143;88;57;96775;2.69;6.56;0.32;0.37
2006;8;14;226;20.4;15.3;9.2;14.3;11.9;8.7;0.3;1.1;0.17;3.5;1.9;0;518;175;86;67;96979;2.83;1.72;0.32;0.37
2006;8;15;227;22.8;16.6;9.2;13.3;11.7;9.1;0.3;0.7;0.17;3.5;1.9;0;647;209;112;79;97262;3.46;0.08;0.32;0.37
2006;8;16;228;24.6;18.9;12.3;15.5;13.6;10.7;0.8;2.2;0.17;3.5;1.9;0;600;192;90;71;97072;3.46;0;0.32;0.37
2006;8;17;229;27.4;20.9;12.9;17.3;15.1;11.6;1.1;2.1;0.17;3.5;1.9;0;675;229;108;83;96961;4.12;0;0.31;0.37
2006;8;18;230;27.8;22.4;17.6;17.3;15.4;14.2;1.5;2.7;0.16;3.4;1.9;0;653;218;109;79;97077;4.37;0;0.31;0.37
2006;8;19;231;28;21.7;14.4;18.4;16.3;13.6;0.4;1;0.16;3.4;1.9;0;584;187;89;68;97593;3.38;0;0.31;0.37
2006;8;20;232;26.9;21.1;16.2;19;16.2;12.7;0.4;-0.1;0.16;3.4;1.9;0;595;172;93;56;97663;3.64;10.73;0.3;0.37
2006;8;21;233;22.2;17.7;12.9;13.8;12.1;10.5;1;-0.2;0.16;3.4;1.9;0;516;165;99;71;97812;3.05;0.55;0.31;0.37
2006;8;22;234;22.4;17.4;11.4;15;12.8;10.3;0.6;-0.4;0.16;3.4;1.9;0;531;181;98;76;97534;2.99;1.01;0.31;0.37
2006;8;23;235;20.8;16.7;11.2;14.2;12.6;10.5;0.4;0.8;0.16;3.3;1.9;0;483;143;91;64;97535;2.34;0.19;0.31;0.37
2006;8;24;236;22.9;17.9;13;16.4;14.3;11.8;0.2;0.7;0.16;3.3;1.9;0;455;154;74;58;97139;2.42;0.54;0.3;0.37
2006;8;25;237;18;15.8;13.3;14.2;12.5;11.4;0.6;0.1;0.16;3.3;1.9;0;183;61;60;37;96952;1.22;3.14;0.31;0.37
2006;8;26;238;21.5;16.4;10.2;13.7;11.5;9.9;0.4;0.3;0.16;3.3;1.9;0;564;175;104;68;96991;2.82;0.07;0.3;0.37
2006;8;27;239;20.5;15.4;10.8;13.8;12.2;10.4;0.7;-0.3;0.16;3.2;1.9;0;524;132;87;60;97092;2.01;1.54;0.3;0.37
2006;8;28;240;20.7;15.7;9.8;13.2;11.2;9.3;0.5;0.7;0.16;3.2;1.9;0;561;159;101;61;96948;2.68;3.23;0.3;0.37
2006;8;29;241;19.8;15.9;12.3;12.8;8.8;3.8;0.9;-0.6;0.16;3.2;1.9;0;662;189;124;70;96640;3.5;9.69;0.31;0.37
2006;8;30;242;16.3;12.8;10.5;9.9;7;4;1.2;-1.2;0.16;3.2;1.9;0;457;112;109;59;97175;2.51;6.67;0.31;0.37
2006;8;31;243;19.4;14.6;10.3;7.7;6.2;3.9;2.1;-1.3;0.16;3.1;1.9;0;602;188;116;82;97955;3.25;0;0.31;0.37
2006;9;1;244;21.1;15.1;7.2;12;8.8;5.8;0.4;0.4;0.16;3.1;1.9;0;626;203;120;87;98040;3.04;0;0.31;0.37
2006;9;2;245;23.1;17.2;10;15.5;12.8;9.3;0.1;0.7;0.16;3.1;1.9;0;613;192;112;76;97728;2.81;0;0.31;0.36
2006;9;3;246;25.2;18.8;11.9;17.6;15.2;11.4;0.7;0.6;0.16;3.1;1.9;0;537;143;87;56;97742;2.16;0;0.3;0.36
2006;9;4;247;29.4;22.2;14.8;20.3;16.6;13.8;1;-0.3;0.16;3.1;1.9;0;595;184;97;65;97943;3.08;0;0.3;0.36
2006;9;5;248;25.7;21.6;17.8;18.9;16.7;14.8;0;-0.2;0.16;3;1.9;0;514;159;84;59;98103;2.62;1.35;0.3;0.36
2006;9;6;249;23.2;19.7;15.9;16.5;15.3;14.4;-0.6;0.6;0.16;3;1.9;0;408;118;80;49;98020;2.09;0.07;0.3;0.36
2006;9;7;250;26;20.6;15.7;18.1;16.7;14.5;-0.2;1.1;0.16;3;1.9;0;384;112;68;41;97577;1.89;0.08;0.3;0.36
2006;9;8;251;20;16.9;11.4;17.3;12;7.7;0.4;-1.7;0.16;3;1.9;0;404;102;99;60;97952;2.25;6.4;0.3;0.36
2006;9;9;252;19.5;14.7;8.6;9.9;8.1;6.6;-0.3;-0.5;0.15;2.9;1.9;0;593;188;124;89;98677;2.62;0;0.3;0.36
2006;9;10;253;20.4;15.1;8.5;12;9.5;7;-0.3;0.1;0.15;2.9;1.9;0;594;187;125;87;98715;2.51;0;0.3;0.36
2006;9;11;254;21.1;16;9.2;14;10.8;7.7;-0.4;0.2;0.15;2.9;1.9;0;522;161;97;73;98541;2.19;0;0.29;0.36
2006;9;12;255;21.7;16.8;12.5;13.6;10.7;8.9;-0.8;0.7;0.15;2.9;1.9;0;554;175;126;82;98298;2.45;0;0.29;0.36
2006;9;13;256;21.8;16.7;11.9;12.5;10.4;8.2;-0.6;0.8;0.15;2.9;1.9;0;576;181;124;86;98062;2.4;0;0.29;0.36
2006;9;14;257;23.4;17.2;11.4;14;12.2;9.5;-0.3;1.7;0.15;2.8;1.9;0;584;171;115;72;97548;2.31;0;0.29;0.36
2006;9;15;258;20.1;17.1;12.9;14.9;14;12;-1.2;-0.2;0.15;2.8;1.9;0;312;76;48;34;97185;1.19;4.34;0.29;0.36
2006;9;16;259;16.4;15.5;14.8;14.9;14.3;13.5;-1.2;-1.4;0.15;2.8;1.9;0;138;26;18;14;97214;1.11;25.32;0.3;0.36
2006;9;17;260;20.9;16.4;13.1;15.3;13.9;12.2;-1;-0.8;0.15;2.7;1.9;0;340;103;70;36;97093;1.78;4.37;0.31;0.36
2006;9;18;261;18.2;15.6;12.4;15.7;14.5;12.3;-0.2;-1;0.15;2.7;1.9;0;159;46;57;25;97032;1;7.7;0.32;0.36
2006;9;19;262;19;15.3;11.3;14.9;13.2;11.2;0.9;-0.7;0.15;2.6;1.9;0;300;92;67;38;97228;1.75;4.41;0.32;0.36
2006;9;20;263;21.7;17.3;12.8;12.9;11.3;10.5;0.6;-0.8;0.15;2.6;1.9;0;497;139;97;65;97724;2.34;0.13;0.32;0.36
2006;9;21;264;21;16.3;10.3;13.7;11.3;9.2;0.1;-0.1;0.15;2.6;1.9;0;491;141;96;65;97927;2.01;0;0.32;0.36
2006;9;22;265;20.1;16.2;11.7;14.4;12.6;10.5;-0.8;-0.6;0.15;2.5;1.9;0;353;101;64;43;97746;1.46;0.2;0.32;0.36
2006;9;23;266;19.3;15;10.8;12;9.6;8.6;-0.5;-0.6;0.15;2.5;1.9;0;558;164;125;83;97875;2.15;0;0.32;0.36
2006;9;24;267;20.6;15;8.9;13;11;7.9;0.1;0.9;0.15;2.4;1.9;0;495;128;94;63;97628;1.73;0.02;0.32;0.36
2006;9;25;268;20.8;15.6;11.4;13;11.9;10.3;-0.3;1.4;0.15;2.4;1.9;0;464;130;102;65;97211;1.71;0;0.32;0.36
2006;9;26;269;21.3;15.9;9.8;13.9;11.7;9.4;-0.2;-1.7;0.15;2.4;1.9;0;465;126;97;65;97179;1.83;0.62;0.31;0.36
2006;9;27;270;20.3;15.5;11.7;14.2;12.1;9.8;0.4;-1.6;0.15;2.3;1.9;0;379;119;93;63;97266;1.71;1.48;0.31;0.36
2006;9;28;271;20.5;15.1;9.5;13.7;11.7;9.1;0.5;-0.8;0.15;2.3;1.9;0;472;129;95;62;97210;1.76;0.52;0.31;0.36
2006;9;29;272;21.2;15.6;9.4;14.3;12.4;8.9;0.2;0.4;0.15;2.2;1.9;0;437;125;91;63;97348;1.54;0.04;0.31;0.36
2006;9;30;273;21.8;16.1;9.6;15.4;13.1;9.5;0.2;-0.1;0.15;2.2;1.9;0;467;122;95;59;97454;1.45;0;0.31;0.36
2006;10;1;274;22.5;16.4;10.6;15;13;10.4;0.7;-0.1;0.15;2.2;1.9;0;429;114;78;54;97497;1.47;0;0.31;0.36
2006;10;2;275;19.2;16;12.6;16.3;14.4;12.1;0.3;0.3;0.14;2.1;1.9;0;189;49;58;36;97465;0.66;1.25;0.31;0.36
2006;10;3;276;24.2;19.1;13.7;15.6;13.8;12.8;2.2;3;0.14;2.1;1.9;0;471;131;101;70;96644;1.96;0;0.31;0.36
2006;10;4;277;18.7;15.3;12.8;14.1;11.3;9.1;-0.2;-0.2;0.14;2;1.9;0;174;42;63;33;96983;1.02;7.33;0.31;0.36
2006;10;5;278;15;12.7;8.4;11.3;8.4;6.2;1.2;-0.7;0.14;2;1.9;0;220;56;83;42;97812;1.1;0.24;0.31;0.36
2006;10;6;279;17.5;11.5;5.7;7.9;6.7;4.8;0.6;0.8;0.14;2;1.9;0;484;139;124;88;97963;1.54;0;0.31;0.36
2006;10;7;280;17.3;12.4;6.6;10.5;8.6;5.5;0.4;0.1;0.14;1.9;1.9;0;443;121;101;63;97529;1.24;0.37;0.31;0.36
2006;10;8;281;16.9;12.9;8.8;9.4;6.6;5.4;0;-1;0.14;1.9;1.9;0;500;138;125;83;98214;1.58;0;0.31;0.36
2006;10;9;282;17.6;11.4;5.2;9.8;6.9;4.2;0.5;0.3;0.14;1.8;1.9;0;506;137;132;85;98286;1.35;0;0.31;0.36
2006;10;10;283;18;11.5;4.6;11;8.2;4.2;0.2;0.3;0.14;1.8;1.9;0;485;129;124;79;98247;1.16;0;0.31;0.36
2006;10;11;284;17.8;11.7;5.2;11.1;8.6;4.9;0;0.2;0.14;1.8;1.9;0;474;119;116;68;97961;1.08;0;0.31;0.36
2006;10;12;285;17.8;13.2;8.9;10.8;9.2;7.4;0.1;-0.2;0.14;1.7;1.9;0;417;110;100;65;98084;1;0.01;0.3;0.36
2006;10;13;286;17.3;12.5;7.4;12.2;10;6.8;0;-0.6;0.14;1.7;1.9;0;293;76;72;42;98548;0.72;0.35;0.3;0.36
2006;10;14;287;15.5;12.2;8.7;11.3;10;7.9;-0.4;-1.1;0.14;1.6;1.9;0;275;76;77;49;98718;0.8;1.07;0.3;0.36
2006;10;15;288;16.2;11;6.9;10;7.6;5.7;0.2;-0.7;0.14;1.6;1.9;0;407;103;108;66;98539;0.99;0;0.3;0.36
2006;10;16;289;13.3;9.7;6.4;6.1;3.3;0.7;-0.6;-1.5;0.14;1.6;1.9;0;396;100;122;72;98381;0.94;0;0.3;0.36
2006;10;17;290;12.2;7.4;2.7;4.9;2.9;0.8;-0.4;0.7;0.14;1.6;1.9;0;474;119;127;87;98214;0.8;0;0.3;0.36
2006;10;18;291;13.3;6.6;1;4.8;3;0.2;-0.1;1.3;0.14;1.6;1.9;0;478;126;131;93;97642;0.86;0;0.3;0.36
2006;10;19;292;16;8.7;2.7;8.5;5.3;1.6;0.5;1.8;0.14;1.5;1.9;0;385;106;110;75;96932;0.77;0;0.3;0.35
2006;10;20;293;17.6;12.3;7.9;10.8;9.4;6.4;1;2.5;0.13;1.5;1.9;0;353;79;68;44;96654;0.92;1.69;0.3;0.35
2006;10;21;294;19.2;13.4;9.2;10.8;10;9.1;1.1;0.8;0.13;1.5;1.9;0;438;97;101;54;96773;0.88;0;0.3;0.35
2006;10;22;295;18.6;12.9;7.7;11.9;10.1;7.2;0.2;0.7;0.13;1.5;1.9;0;425;108;108;70;97106;0.82;0;0.3;0.35
2006;10;23;296;20.9;14.9;10.1;12.1;10.7;9.1;1.4;2.5;0.13;1.5;1.9;0;420;93;97;66;96776;0.98;0;0.3;0.35
2006;10;24;297;19.9;16.2;12;14.8;13.1;10.3;0.8;1.5;0.13;1.5;1.9;0;173;43;59;44;96638;0.65;7.05;0.3;0.35
2006;10;25;298;17.1;13.1;9.7;12.5;10.7;8.9;0.3;0.3;0.13;1.5;1.9;0;229;59;75;46;97591;0.65;0;0.3;0.35
2006;10;26;299;19.6;13.2;8.3;12.9;10.8;8;0.4;0.9;0.13;1.4;1.9;0;369;87;85;60;97760;0.68;0;0.3;0.35
2006;10;27;300;20.9;13.4;6.7;14.4;10.8;6.3;0.6;0.2;0.13;1.4;1.9;0;412;102;110;70;98066;0.77;0;0.3;0.35
2006;10;28;301;19.2;13.3;8.4;13.9;11.5;8;0.4;-0.1;0.13;1.4;1.9;0;314;69;84;46;98326;0.56;0.47;0.3;0.35
2006;10;29;302;19.9;14.1;10.1;12.8;9.4;4.2;1.8;-1;0.13;1.4;1.9;0;265;63;104;54;97377;0.85;0.03;0.3;0.35
2006;10;30;303;12;8.9;3.7;4.5;1.8;-1;-0.6;-1.6;0.13;1.4;1.9;0;389;96;116;91;97909;0.9;0.02;0.3;0.35
2006;10;31;304;12.3;6.8;2.1;3.5;1.4;-0.4;-0.2;1.7;0.13;1.4;1.9;0;404;98;114;75;97598;0.73;0;0.3;0.35
2006;11;1;305;9.3;6.6;2.5;6.9;3.9;-2.4;0.4;0;0.12;1.4;1.9;0;143;24;84;40;96885;0.37;4.78;0.3;0.35
2006;11;2;306;3.5;1.1;-2;-2.8;-7.6;-11.5;1.6;-2.5;0.12;1.4;1.9;0;388;92;114;91;97860;0.88;0.07;0.3;0.35
2006;11;3;307;4;0.3;-2.5;-4.1;-6.7;-8;1.1;-1.1;0.13;1.3;1.9;0.15;363;88;108;77;98216;0.59;0.42;0.3;0.35
2006;11;4;308;6.5;1.6;-2.9;-2.3;-4.8;-7.3;1.8;0.6;0.13;1.3;1.9;0.19;230;66;89;65;98523;0.4;0;0.3;0.35
2006;11;5;309;10.4;5.9;1.8;0.8;-1.2;-4.5;2.1;0.5;0.12;1.3;1.9;0.15;263;51;73;50;98081;0.53;0.03;0.3;0.35
2006;11;6;310;12;6.5;1.6;4.8;2.4;0.3;1.3;0.1;0.12;1.3;1.9;0.14;227;53;77;58;98145;0.37;0;0.3;0.35
2006;11;7;311;12.8;5;-1.1;5.5;1.5;-2;0.7;0;0.12;1.3;1.9;0.05;387;93;124;81;98323;0.53;0;0.3;0.35
2006;11;8;312;11.9;4.3;-1.3;5.6;1.6;-2.3;1.2;0.1;0.12;1.3;1.9;0;382;92;123;76;98254;0.46;0;0.3;0.35
2006;11;9;313;13.2;6.7;1.1;7.3;3.7;0.3;1.5;-0.4;0.12;1.3;1.9;0;281;61;72;61;98150;0.32;0.01;0.3;0.35
2006;11;10;314;9.3;5.1;-0.5;1.7;-1.1;-3;1.5;-1.6;0.12;1.2;1.9;0;363;86;120;90;98892;0.59;0;0.3;0.35
2006;11;11;315;6.3;2.4;-0.5;1.2;-0.6;-3;1;0.8;0.12;1.2;1.9;0;198;49;63;47;98094;0.21;0;0.3;0.35
2006;11;12;316;11.4;5.4;1.5;4.8;0.8;-2.9;1.8;-0.4;0.12;1.2;1.9;0;338;74;106;65;96998;0.76;1.51;0.3;0.35
2006;11;13;317;10.1;5.5;0.8;2.2;-0.6;-2.5;1.5;0.7;0.11;1.2;1.9;0;296;52;85;54;97224;0.43;0.02;0.3;0.35
2006;11;14;318;12.8;7.8;4.6;6.6;4.6;2.3;1.6;0.4;0.11;1.2;1.9;0;189;46;71;43;97459;0.24;0.01;0.3;0.35
2006;11;15;319;14.8;7.6;2.5;8.1;5.1;2.1;1.4;0.5;0.11;1.2;1.9;0;343;78;108;68;97853;0.4;0;0.3;0.35
2006;11;16;320;16.1;8.9;2.7;9;6;2.2;1.6;1.8;0.11;1.2;1.9;0;349;81;115;80;97512;0.41;0;0.3;0.35
2006;11;17;321;16.9;9.8;5.1;10;7.1;4.5;1.2;1.1;0.11;1.2;1.9;0;324;76;104;74;97426;0.42;0;0.3;0.35
2006;11;18;322;16.7;9.5;3.9;10.8;7.5;3.6;0.8;0.8;0.11;1.2;1.9;0;279;62;100;53;97713;0.35;1.12;0.3;0.35
2006;11;19;323;13.3;9.7;6.9;9.7;8.1;6.4;0.1;0.7;0.11;1.2;1.9;0;202;41;57;30;98062;0.33;0.94;0.3;0.35
2006;11;20;324;9.2;7.4;5.4;8.4;6.8;5.1;0.5;0.4;0.11;1.2;1.9;0;51;10;49;19;97675;0.08;5.08;0.3;0.35
2006;11;21;325;11;7.7;5.9;6.2;5.5;4.3;0.2;1.8;0.11;1.2;1.9;0;161;37;80;38;96644;0.42;0.03;0.3;0.35
2006;11;22;326;6;5.5;4.9;4.8;4;2.4;0.3;-1.6;0.11;1.2;1.9;0;44;11;47;18;95939;0.92;18.17;0.32;0.35
2006;11;23;327;10.3;6.1;4.1;2.8;2.1;1.4;0.5;0.3;0.11;1.2;1.9;0;283;57;116;53;96572;0.68;0.32;0.32;0.35
2006;11;24;328;11.9;6.5;1.6;6.7;4;0.7;0.2;1.6;0.11;1.2;1.9;0;301;64;101;64;97139;0.27;0;0.32;0.35
2006;11;25;329;15.7;10.2;6.2;10.1;7.9;5.6;0.9;2.4;0.11;1.2;1.9;0;269;60;97;63;97375;0.33;0;0.32;0.35
2006;11;26;330;12.2;7.3;3.6;9.3;6.4;3.4;0.4;-0.3;0.11;1.2;1.9;0;205;47;60;43;98135;0.24;0;0.32;0.35
2006;11;27;331;10.3;5.9;2.4;8.1;5.3;2.4;0.3;-0.3;0.11;1.2;1.9;0;210;48;88;43;98512;0.19;0.03;0.32;0.35
2006;11;28;332;8.6;5.4;2.3;7.1;4.8;2.3;0.1;0.2;0.11;1.2;1.9;0;162;35;47;28;98478;0.16;0.28;0.32;0.35
2006;11;29;333;9.2;5.4;2.6;5.5;3.7;1.9;0.5;-0.3;0.11;1.2;1.9;0;226;48;75;42;98696;0.33;0.05;0.32;0.35
2006;11;30;334;10.1;7.1;4.1;6.9;5.3;2.8;0.1;-0.7;0.11;1.2;1.9;0;128;24;40;18;99373;0.23;0.77;0.32;0.35
2006;12;1;335;8.6;6.4;4.4;6.1;4.4;2.8;0;0.8;0.11;1.2;1.9;0;115;27;49;27;99197;0.29;0.06;0.32;0.35
2006;12;2;336;8.1;4;-0.7;3.3;2.1;-1.1;-0.1;0.8;0.11;1.2;1.9;0;261;56;102;64;98479;0.29;0.07;0.32;0.35
2006;12;3;337;7.4;2;-1.7;3.6;0.4;-2.3;0.6;0.1;0.11;1.2;1.9;0;304;59;103;64;97782;0.21;0;0.32;0.35
2006;12;4;338;7.4;2.8;-0.6;3.6;0.7;-1.7;0.8;-0.2;0.11;1.2;1.9;0;251;49;77;41;97209;0.33;0.74;0.32;0.35
2006;12;5;339;9.9;4.1;0.6;6.7;2.8;-0.1;1.1;0.5;0.11;1.2;1.9;0;245;46;90;48;97411;0.21;0.02;0.32;0.35
2006;12;6;340;13.9;7.6;1.5;9.5;6.2;1.1;1.2;1.5;0.1;1.2;1.9;0;238;50;91;46;97019;0.16;0;0.32;0.35
2006;12;7;341;8.6;7.3;5.7;7.1;6.4;5.6;-0.4;0.5;0.1;1.2;1.9;0;62;11;51;17;97353;0.1;1.29;0.32;0.35
2006;12;8;342;13.8;9.5;5.6;9;7.1;5.5;0.7;3;0.1;1.2;1.9;0;244;53;94;62;96900;0.41;0.02;0.32;0.35
2006;12;9;343;11.9;9.6;5.7;8.8;7.4;4.3;-0.4;2.4;0.1;1.2;1.9;0;135;25;72;42;96770;0.53;5.99;0.32;0.35
2006;12;10;344;6.8;3.9;-0.5;4;2.5;-1.1;1.2;0;0.1;1.2;1.9;0;110;22;85;48;98389;0.32;2.75;0.33;0.35
2006;12;11;345;6.1;0.9;-2.6;2.4;-0.6;-3.3;0.5;0.4;0.1;1.2;1.9;0;207;47;95;65;98799;0.23;0;0.33;0.35
2006;12;12;346;4.6;0.5;-2.2;0.6;-1.7;-3.1;0.5;0.5;0.1;1.2;1.9;0;213;41;72;54;98454;0.18;0;0.33;0.35
2006;12;13;347;5.6;0.3;-2.3;-1.1;-2.8;-4.1;0.7;0.4;0.1;1.2;1.9;0;283;59;109;69;98878;0.22;0;0.33;0.35
2006;12;14;348;6.8;0.5;-2.5;1.5;-2.4;-4.6;0.9;0.5;0.1;1.2;1.9;0;278;59;103;69;99066;0.15;0;0.33;0.35
2006;12;15;349;7;0.2;-2.8;1.1;-2.8;-4.9;0.5;-0.2;0.1;1.2;1.9;0;280;59;104;68;98911;0.12;0;0.33;0.35
2006;12;16;350;6.1;-0.3;-3.9;1.7;-2.5;-5.2;0.7;-0.1;0.1;1.2;1.9;0;268;56;95;62;98572;0.08;0.01;0.33;0.35
2006;12;17;351;3;0.4;-2.3;1;-1.1;-3.7;0.7;-0.2;0.1;1.2;1.9;0;71;15;51;18;98331;0.06;1.86;0.33;0.35
2006;12;18;352;3.4;1.7;0;1.8;0.4;-1.9;-0.5;-1.4;0.1;1.2;1.9;0.07;89;17;42;17;98272;0.33;6.95;0.33;0.35
2006;12;19;353;3.1;0.6;-0.9;-2;-4.2;-6.3;-0.7;-2.4;0.11;1.2;1.9;0.31;190;41;85;60;98547;0.44;0;0.33;0.35
2006;12;20;354;3.9;0;-3;-3.2;-4.7;-5.7;0.7;-0.1;0.11;1.1;1.9;0.29;234;50;96;66;98978;0.12;0.11;0.33;0.35
2006;12;21;355;4.1;1.6;-0.2;1.1;-1.1;-3.9;-0.1;-1.5;0.11;1.1;1.9;0.44;101;22;43;26;99357;0.16;1.35;0.33;0.35
2006;12;22;356;3.8;0.8;-2;1;-1.4;-3.4;0.2;-0.5;0.11;1.1;1.9;0.43;150;32;63;38;99786;0.23;0.16;0.33;0.35
2006;12;23;357;4.6;0.4;-2.5;0.4;-2;-3.9;0.6;-0.1;0.11;1.1;1.9;0.39;254;52;96;59;99727;0.15;0;0.33;0.35
2006;12;24;358;3.6;-0.1;-3;0.7;-1.8;-3.6;0.6;-0.1;0.11;1.1;1.9;0.31;225;46;72;50;99282;0.06;0;0.33;0.35
2006;12;25;359;4.8;0.1;-3.7;0.4;-2;-4.5;0.1;-0.2;0.1;1.1;1.9;0.28;222;48;90;55;99038;0.06;0.01;0.33;0.35
2006;12;26;360;3.5;-0.3;-2.6;-0.8;-2.5;-3.7;0.3;-0.1;0.1;1.1;1.9;0.24;245;50;105;63;99349;0.06;0;0.33;0.35
2006;12;27;361;3.2;-1.6;-4.7;-2.1;-3.8;-5.5;0.6;0.6;0.1;1.1;1.9;0.21;281;60;110;78;99121;0.06;0;0.33;0.35
2006;12;28;362;4.8;-1.5;-5;-2;-4.7;-7;0.5;0.1;0.1;1.1;1.9;0.18;278;59;113;72;98492;0.04;0;0.33;0.35
2006;12;29;363;4.5;-0.1;-3.3;-1;-2.9;-4.6;0.3;0.2;0.1;1.1;1.9;0.16;197;41;74;47;98792;0.01;0;0.33;0.35
2006;12;30;364;3.4;-0.9;-2.9;-0.2;-2.3;-3.7;0;0.8;0.1;1.1;1.9;0.16;228;48;94;55;99014;0.04;0.01;0.33;0.35
2006;12;31;365;5.7;-0.3;-3.2;0.4;-2.5;-4.2;1.1;0.5;0.1;1.1;1.9;0.16;244;51;101;59;98944;0.06;0;0.33;0.35
2007;1;1;1;5.6;2.3;-1.8;3.1;0.8;-2.9;1.9;1;0.1;1.1;1.9;0.15;92;21;55;27;98011;-0.03;3.63;0.33;0.35
2007;1;2;2;3.1;0.3;-3.6;1.2;-1.8;-4.3;1.2;-1.2;0.1;1.1;1.9;0.13;101;19;72;44;97589;0.19;0.7;0.34;0.35
2007;1;3;3;6.9;1.2;-1.6;-1.4;-3.7;-4.9;1.5;-0.3;0.1;1.1;1.9;0.12;259;52;103;65;98275;0.17;0.04;0.34;0.35
2007;1;4;4;4;1.1;-1.3;0.1;-1.9;-4.5;1;0.9;0.1;1;1.9;0.12;106;23;41;26;97742;0.03;1.36;0.34;0.35
2007;1;5;5;8.6;1.4;-2.8;3.4;-0.7;-4;1.6;0.3;0.1;1;1.9;0.07;268;57;90;60;97794;0.22;0;0.34;0.35
2007;1;6;6;7.9;2.1;-0.6;4.2;0.2;-1.5;1.2;0.2;0.1;1;1.9;0.01;231;47;80;44;98185;0.15;0;0.34;0.35
2007;1;7;7;9.6;2.9;-0.6;4.2;0.9;-1.4;1.5;0.5;0.1;1;1.9;0;283;60;99;56;97899;0.2;0;0.34;0.35
2007;1;8;8;7.1;1.3;-1.4;4.2;0.4;-2.3;1.5;0.6;0.1;1;1.9;0;253;47;76;50;97589;0.04;0;0.34;0.35
2007;1;9;9;7.1;1.9;-2.3;4.6;0.6;-3.3;1.6;0.3;0.1;1;1.9;0;183;40;66;36;97838;0.11;0.28;0.34;0.35
2007;1;10;10;11.1;3.9;-1;6;2;-1.7;1.4;0.8;0.1;1;1.9;0;281;61;93;58;98116;0.2;0;0.34;0.35
2007;1;11;11;10.6;5;1.4;6.3;3.1;0.6;1.5;0.8;0.1;1;1.9;0;258;57;96;57;97848;0.23;0;0.34;0.35
2007;1;12;12;10.5;5;1.2;2.4;-0.3;-2.1;2.1;-0.6;0.1;1;1.9;0;302;66;118;73;97831;0.53;0;0.34;0.35
2007;1;13;13;10.6;3.7;-0.5;4.2;0.4;-2.4;1.4;0.2;0.1;1;1.9;0;277;60;94;60;98206;0.23;0;0.33;0.35
2007;1;14;14;9.5;2.5;-1.8;4.9;0.4;-2.4;1.3;0;0.1;1;1.9;0;271;58;99;61;98432;0.22;0;0.33;0.35
2007;1;15;15;8.1;1.9;-1.7;4.6;0.2;-2.6;0.7;0.5;0.1;1;1.9;0;310;67;109;67;98911;0.16;0;0.33;0.35
2007;1;16;16;7;0.7;-2.9;2.2;-1.3;-4.1;0.7;-0.2;0.1;1;1.9;0;304;69;107;71;98308;0.16;0;0.33;0.35
2007;1;17;17;8.7;1.7;-1.9;5;-0.2;-2.9;1.1;0.3;0.1;1;1.9;0;298;66;100;57;98180;0.09;0;0.33;0.35
2007;1;18;18;8.8;3.8;-1.2;4.3;1.3;-2;2.4;1.8;0.1;1;1.9;0;255;52;85;54;97221;0.13;0;0.33;0.35
2007;1;19;19;8.7;5;1.2;6.7;3.6;1.1;1.4;0.4;0.1;0.9;1.9;0;187;32;67;42;96882;0.25;7.92;0.34;0.35
2007;1;20;20;9.4;4.4;0;7.8;3.8;-0.3;0.8;0.2;0.1;0.9;1.9;0;150;31;86;30;97713;0.07;0;0.34;0.35
2007;1;21;21;10.5;4.8;-0.5;6.7;3.2;-0.8;1;-0.1;0.1;0.9;1.9;0;248;52;69;35;97354;0.28;0.04;0.34;0.35
2007;1;22;22;4.6;3.1;1.6;4;2.1;1.2;-0.4;0;0.1;0.9;1.9;0;56;13;20;14;97628;0.25;4.65;0.34;0.35
2007;1;23;23;2;1.5;0.6;1.6;1.1;0.3;-0.6;-1.1;0.11;0.9;1.9;0.93;53;11;10;7;96614;0.26;9.43;0.35;0.35
2007;1;24;24;6.8;2;-1.1;2.5;-0.4;-5.8;0.1;-0.3;0.13;0.9;1.9;2.12;236;42;71;28;95419;0.55;4.96;0.35;0.35
2007;1;25;25;1.9;-0.8;-2.7;-5.3;-7.9;-10.2;-0.3;-0.7;0.14;0.9;1.9;2.7;205;51;88;53;97134;0.39;0.28;0.35;0.35
2007;1;26;26;-0.9;-2.8;-4.5;-6.8;-7.8;-8.6;-0.6;0.6;0.14;0.9;1.9;2.81;204;47;81;55;97845;0.14;0.1;0.35;0.35
2007;1;27;27;3.9;-1;-4.7;-6.4;-8;-9.7;1.7;-0.5;0.14;0.9;1.9;2.7;328;73;112;74;97682;0.18;0.11;0.35;0.35
2007;1;28;28;7;1.1;-2.7;-2.7;-4.8;-7.8;1.4;1.2;0.14;0.9;1.9;2.48;305;70;113;64;98065;0.14;0;0.35;0.35
2007;1;29;29;8.5;3.3;-0.2;-0.9;-2;-3.1;2;0.7;0.13;0.9;1.9;2.04;316;66;106;52;97391;0.34;0.05;0.35;0.35
2007;1;30;30;9.7;3.9;-0.7;2.7;-1;-2.4;0.3;0;0.12;0.9;1.9;1.55;320;75;112;56;97877;0.32;0;0.35;0.35
2007;1;31;31;8.3;1.8;-1.7;1.9;-1.1;-3.4;0.9;0.7;0.12;0.9;1.9;1.12;371;87;116;76;97848;0.25;0;0.35;0.35
2007;2;1;32;9.1;2.9;-2;-0.4;-2.3;-3.8;1.8;-1;0.11;0.9;1.9;0.8;338;75;107;64;97877;0.35;0;0.35;0.35
2007;2;2;33;7.3;2.7;-1.4;0.3;-1.5;-3.5;0.7;0.3;0.11;0.9;1.9;0.59;304;70;87;50;98592;0.27;0;0.35;0.35
2007;2;3;34;7.3;3.5;0.4;1.3;-2.2;-4.2;1.5;-2.3;0.11;0.9;1.9;0.46;340;75;107;62;98310;0.53;0.14;0.35;0.35
2007;2;4;35;7.8;3.7;-1.1;-1.6;-3.6;-4.6;0.9;-1.8;0.11;0.9;1.9;0.38;288;74;109;75;98476;0.47;0;0.35;0.35
2007;2;5;36;9.9;2;-2.8;-0.3;-2.6;-4.9;1.3;0.6;0.11;0.9;1.9;0.29;399;97;127;78;97418;0.41;0;0.35;0.35
2007;2;6;37;7.5;3;-1.4;2.2;0.2;-2.5;0.2;0.2;0.1;0.8;1.9;0.2;334;73;91;44;96410;0.27;1.76;0.35;0.35
2007;2;7;38;6.4;3.7;1.7;3;2.1;1.4;-0.3;0.4;0.1;0.8;1.9;0.15;183;42;46;24;96236;0.3;2.61;0.35;0.35
2007;2;8;39;11;5.6;1.1;3.2;1.7;0.6;1.6;2;0.1;0.8;1.9;0.1;381;82;97;53;96122;0.52;0.03;0.35;0.35
2007;2;9;40;10.3;6.4;1.9;5.4;3.8;1.5;0.1;0.6;0.1;0.8;1.9;0.03;289;59;82;44;96553;0.4;2.01;0.36;0.35
2007;2;10;41;11.2;3.8;-1.2;4.8;1.9;-1.4;0.2;0.3;0.1;0.8;1.9;0;392;81;96;54;96761;0.4;0;0.36;0.35
2007;2;11;42;10.1;4.2;-0.8;3.4;1.3;-1.5;0.4;0.7;0.1;0.8;1.9;0;364;85;105;59;96875;0.36;0.06;0.35;0.35
2007;2;12;43;11.7;5;-1.3;4.4;1.5;-2;1.4;1.1;0.1;0.8;1.9;0;391;86;103;57;96334;0.49;9.37;0.35;0.35
2007;2;13;44;10.8;6;2.9;4.1;1.2;-1.7;1.6;-0.8;0.1;0.8;1.9;0;287;66;96;54;96336;0.56;5.09;0.37;0.35
2007;2;14;45;12.3;6.2;0.1;0.9;-1.2;-2.6;0.6;1.1;0.1;0.8;1.9;0;443;112;134;82;97083;0.66;0;0.37;0.35
2007;2;15;46;9.8;5.8;3.7;5.6;1.8;-1.6;1.4;-0.2;0.1;0.8;1.9;0;197;41;94;44;97338;0.51;2.76;0.37;0.35
2007;2;16;47;8.5;5;2.7;1.2;-0.6;-1.8;0;-2;0.1;0.8;1.9;0;304;68;77;50;98198;0.57;0.33;0.37;0.35
2007;2;17;48;6.4;3.5;1.4;1.2;-0.4;-2;-0.8;-0.2;0.1;0.8;1.9;0;271;66;73;41;98426;0.42;0.19;0.37;0.35
2007;2;18;49;4.9;1.8;-0.3;0.2;-0.5;-1.4;-0.6;1.3;0.11;0.8;1.9;0;284;62;73;44;98007;0.28;0.02;0.37;0.35
2007;2;19;50;8.6;3;-2;1.7;-0.1;-2.8;-0.3;0.3;0.11;0.8;1.9;0;354;95;98;65;97293;0.41;0;0.37;0.35
2007;2;20;51;10.9;4.6;-0.2;4.1;1.8;-0.7;0.4;0.5;0.11;0.8;1.9;0;450;115;117;70;97303;0.53;0;0.36;0.35
2007;2;21;52;10.9;4.3;-1.3;5.5;2.3;-1.8;-0.3;-0.4;0.11;0.9;1.9;0;410;102;100;54;97426;0.47;0;0.36;0.35
2007;2;22;53;12.6;6.4;1.1;5.2;3.3;1.1;-0.2;-0.1;0.11;0.9;1.9;0;467;110;117;56;97247;0.62;0.18;0.36;0.35
2007;2;23;54;7.7;5.9;4.3;5.2;3.7;2.2;-0.7;-0.3;0.11;0.9;1.9;0;135;29;37;19;97388;0.31;0.68;0.36;0.35
2007;2;24;55;9.5;5.4;2.1;3.3;1.5;0;-1.6;1.9;0.11;0.9;1.9;0;265;68;68;43;97284;0.5;0.04;0.36;0.35
2007;2;25;56;10.6;5;0.5;5.2;1.9;-1.8;-0.8;1.5;0.11;0.9;1.9;0;305;76;70;36;96845;0.54;3.29;0.36;0.35
2007;2;26;57;10.2;5.6;0.8;5.3;2.4;-0.4;0.4;0.2;0.11;0.9;1.9;0;360;79;92;47;96582;0.73;9.57;0.37;0.35
2007;2;27;58;10.6;4.5;-1.6;2.1;-0.5;-2.6;1.1;-0.5;0.11;0.9;1.9;0;465;119;119;68;97159;0.76;0.62;0.37;0.35
2007;2;28;59;11.5;6.4;1;6.3;3.2;0.4;0.8;1.1;0.11;0.9;1.9;0;311;81;82;53;96621;0.88;3.04;0.37;0.35
2007;3;1;60;13.6;7.2;-0.1;5.6;3.3;-1.1;1.5;1.6;0.12;0.9;1.9;0;280;72;86;54;96295;0.59;0.05;0.37;0.35
2007;3;2;61;11.4;6.4;1;5.8;3.2;-1;0.9;-0.3;0.12;0.9;1.9;0;340;68;118;58;96480;0.6;3.25;0.37;0.35
2007;3;3;62;10.8;4.9;-0.5;8.3;3.5;-0.8;1;0.9;0.12;0.9;1.9;0;260;58;86;43;96768;0.43;3.49;0.37;0.35
2007;3;4;63;11.3;5.2;-1.6;1.6;-1.2;-3.8;0.6;-0.4;0.12;1;1.9;0;428;109;114;79;97923;0.88;0;0.38;0.35
2007;3;5;64;13.7;6.3;0.2;4.8;1.8;-1.5;-0.1;0.3;0.12;1;1.9;0;513;140;121;75;98103;0.82;0;0.37;0.35
2007;3;6;65;15.4;8.5;0.8;6.4;3.2;0.4;0.5;1.7;0.12;1;1.9;0;512;130;111;71;97988;0.92;0;0.37;0.35
2007;3;7;66;15.1;9.6;4;7.9;5.4;2;0.1;2.3;0.12;1;1.9;0;426;111;89;62;96962;0.94;1.13;0.37;0.35
2007;3;8;67;9.6;7.8;5.9;8.3;6.5;4.2;-0.2;-0.8;0.12;1;1.9;0;99;20;39;16;97338;0.51;13.99;0.38;0.35
2007;3;9;68;11.8;7.6;4.3;4.5;1.8;-1.3;-0.5;-1.5;0.12;1;1.9;0;374;105;105;59;98318;1.04;1.58;0.38;0.35
2007;3;10;69;11.7;6.1;-0.3;0.9;-0.6;-2.1;0;-3;0.12;1;1.9;0;439;117;99;74;98624;0.94;0.03;0.38;0.35
2007;3;11;70;11.3;6.7;2;-0.3;-1.7;-3.2;-0.6;-2;0.12;1;1.9;0;560;156;136;94;99115;1.15;0;0.38;0.35
2007;3;12;71;13.9;6.6;-1.2;5.3;1.2;-2.9;0.6;-0.4;0.12;1;1.9;0;550;159;131;84;98778;1.06;0;0.38;0.35
2007;3;13;72;16.4;8.6;0.2;6.8;3.1;-0.7;0.5;-0.1;0.13;1;1.9;0;562;162;137;86;98508;1.17;0;0.38;0.35
2007;3;14;73;17.8;9.5;1;5.7;3.6;0.1;0.4;-1.6;0.13;1.1;1.9;0;570;161;132;86;98632;1.32;0;0.38;0.35
2007;3;15;74;14.2;8.5;3.4;3.5;2.3;0.8;-0.9;-0.5;0.13;1.1;1.9;0;536;154;121;88;98634;1.12;0;0.37;0.35
2007;3;16;75;14.6;8.4;1.1;4.4;2.8;0.2;0.2;0.3;0.13;1.1;1.9;0;572;159;128;86;98237;1.18;0;0.37;0.35
2007;3;17;76;17.6;9.5;1.4;6;2.8;0.1;0.9;-0.9;0.13;1.1;1.9;0;541;141;116;73;97695;1.22;0;0.37;0.35
2007;3;18;77;17.7;10.9;3.9;6.1;4.3;1;1.9;2.1;0.13;1.1;1.9;0;545;151;109;78;96707;1.32;0;0.37;0.35
2007;3;19;78;8.9;3.6;0.4;5.4;2.4;0.1;0;-0.2;0.22;1.1;1.9;7.01;67;16;58;20;95268;0.38;35.44;0.37;0.35
2007;3;20;79;3.1;1.2;-2;0.1;-1.2;-4.7;1.5;-1.3;0.36;1.2;1.9;29.43;161;47;83;39;94839;0.22;13.93;0.38;0.35
2007;3;21;80;5.5;1.6;-4.1;-2.9;-4.8;-6.6;0.6;-0.8;0.35;1.2;1.9;26.75;301;86;83;52;95822;0.76;0.13;0.39;0.35
2007;3;22;81;5.9;1.1;-4.3;-2.6;-4.9;-8.9;-0.1;-0.7;0.34;1.2;1.9;21.53;410;115;119;65;96660;0.89;0.02;0.39;0.35
2007;3;23;82;10;3.7;-3.3;1.2;-2.7;-6.5;1.9;-2.6;0.32;1.2;1.9;15.61;361;100;86;43;96058;1.2;7.88;0.39;0.35
2007;3;24;83;6.1;4.3;2.7;3.7;2.2;0.4;-0.2;-2.2;0.25;1.2;1.9;9.38;129;38;28;16;96423;0.55;13.09;0.41;0.35
2007;3;25;84;12;6.5;1.5;4.2;2.7;0.9;-1.7;-1.7;0.2;1.2;1.9;5.05;449;114;88;52;97709;1.07;1.32;0.42;0.36
2007;3;26;85;11.9;7.3;3.3;3;1.5;0.2;-1.6;-1.7;0.16;1.3;1.9;2.21;501;142;96;68;98043;1.17;0.46;0.42;0.36
2007;3;27;86;11.6;6.7;1.3;1.7;0.2;-2.1;-1.5;-1;0.15;1.3;1.9;1.03;570;151;113;68;98063;1.27;0.29;0.41;0.36
2007;3;28;87;11.9;6.7;1.6;3.1;0.5;-1.4;-1.5;-0.4;0.14;1.3;1.9;0.52;557;149;117;67;97798;1.24;0.24;0.41;0.36
2007;3;29;88;9.8;6.8;4.5;3.5;2.6;1.3;-0.7;0.5;0.14;1.3;1.9;0.24;287;92;69;38;97709;1.06;0.81;0.4;0.36
2007;3;30;89;10.5;7.7;4.6;5.2;3.8;2.2;-1;-0.1;0.14;1.3;1.9;0.14;242;77;41;32;97356;0.7;0.43;0.4;0.36
2007;3;31;90;13.1;9.3;5.1;5;4;3.3;-1;-0.6;0.14;1.4;1.9;0.04;416;118;81;51;97603;1.12;0.74;0.4;0.37
2007;4;1;91;14.3;8.9;2.8;7.7;5.1;1.8;-0.4;-0.5;0.14;1.4;1.9;0;444;130;83;56;98434;1.28;1.29;0.4;0.37
2007;4;2;92;15.1;9.9;3.6;6.3;2.4;-0.3;-0.8;0.3;0.14;1.4;1.9;0;566;177;122;82;98433;1.81;0;0.39;0.37
2007;4;3;93;16.2;9.8;2.1;6.3;3.8;0.4;0.5;-0.2;0.14;1.4;1.9;0;616;185;124;78;97030;1.81;2.26;0.39;0.37
2007;4;4;94;12.8;8.3;4.2;5.2;2.4;-2.7;-1.1;-2.8;0.14;1.4;1.9;0;586;165;100;73;96966;1.72;0.88;0.39;0.37
2007;4;5;95;12.6;6.8;0.7;0.6;-1.7;-3.6;0.1;-0.2;0.14;1.4;1.9;0;677;217;149;111;97570;1.85;0;0.39;0.37
2007;4;6;96;17.9;10.6;1;6.2;2.2;-1.7;0.2;-0.2;0.14;1.5;1.9;0;660;195;139;84;97707;1.97;0;0.38;0.37
2007;4;7;97;17.1;11.7;5.9;7.1;5.2;3.8;-0.8;-0.3;0.14;1.5;1.9;0;617;176;116;73;97842;1.79;0.58;0.38;0.37
2007;4;8;98;14.9;10.5;6.7;6;4.1;2.2;-0.4;-0.2;0.14;1.5;1.9;0;563;154;108;67;98027;1.74;0.19;0.38;0.37
2007;4;9;99;18.3;11.3;3.7;7;5.3;2.6;0.5;0.4;0.15;1.5;1.9;0;649;195;126;86;97686;1.94;0.01;0.38;0.37
2007;4;10;100;20.2;12.8;3.9;9.5;4.9;2.8;0.9;-0.2;0.15;1.5;1.9;0;559;190;126;88;97722;2.16;0.1;0.37;0.37
2007;4;11;101;17.4;12.6;6.9;7.8;5.8;3.2;-0.5;0.1;0.15;1.6;1.9;0;541;163;111;74;98187;1.71;0.01;0.37;0.37
2007;4;12;102;20;13.9;5.6;9.7;7.8;5.1;-0.1;0.5;0.15;1.6;1.9;0;668;218;132;89;98253;2.26;0;0.37;0.37
2007;4;13;103;21.5;15.1;6;10.1;8.2;5.4;-0.6;0.3;0.15;1.6;1.9;0;678;222;137;93;98226;2.43;0;0.36;0.37
2007;4;14;104;21.5;15.9;7.6;10.1;7.7;6.2;-0.4;-0.3;0.15;1.6;1.9;0;679;224;142;94;98246;2.5;0;0.36;0.37
2007;4;15;105;20.7;14.6;7.6;8.5;6.9;5.7;-0.7;-1;0.15;1.6;1.9;0;688;228;140;96;98180;2.49;0;0.36;0.37
2007;4;16;106;17.8;13;8.3;5.6;3.5;1.1;-1.2;-1;0.15;1.7;1.9;0;690;226;143;98;98174;2.43;0;0.36;0.37
2007;4;17;107;20.5;13.3;4.7;6.1;3.7;2.2;0.8;0.9;0.15;1.7;1.9;0;698;232;146;101;97677;2.61;0;0.35;0.37
2007;4;18;108;20.6;12.8;6.9;9.1;5.9;3;0.2;-1.2;0.15;1.7;1.9;0;532;162;102;75;97439;1.98;1.4;0.35;0.37
2007;4;19;109;15.3;10.6;5.8;3.8;2.3;0.9;-0.1;1.2;0.15;1.8;1.9;0;494;163;111;77;97855;1.85;0.01;0.35;0.37
2007;4;20;110;19.9;13.3;4.3;8.1;5.4;2.9;-0.3;0.1;0.15;1.8;1.9;0;703;221;136;91;97500;2.5;0.07;0.35;0.37
2007;4;21;111;15.7;11.4;7.1;5.3;2.5;-1.2;-1.5;-0.1;0.15;1.8;1.9;0;613;210;118;88;98003;2.25;0;0.34;0.37
2007;4;22;112;17.2;12.1;6.4;6.5;4.1;1.7;-0.9;-0.1;0.16;1.8;1.9;0;643;216;132;90;98368;2.29;0;0.34;0.37
2007;4;23;113;21.3;14.9;8.1;9.6;7.2;3.5;0.1;1;0.16;1.9;1.9;0;702;224;133;87;98153;2.49;0;0.34;0.37
2007;4;24;114;19.3;14.3;9.2;11.6;8.5;6.2;1.5;-1;0.16;1.9;1.9;0;288;101;83;57;97836;1.38;0.33;0.34;0.37
2007;4;25;115;19.1;14.2;8.4;10.2;7.3;4.4;-0.6;-1.1;0.16;1.9;1.9;0;562;192;117;80;97834;2.31;0.31;0.34;0.37
2007;4;26;116;19.1;14.2;7.6;8.9;7;5.2;-1;0.1;0.16;2;1.9;0;474;168;104;74;98133;2.02;0.18;0.33;0.37
2007;4;27;117;20.4;15.1;6.9;9.3;6.2;4.4;-0.3;0.5;0.16;2;1.9;0;572;211;128;87;98223;2.5;0.02;0.33;0.37
2007;4;28;118;22.2;15.6;6.6;9.2;5.8;4.3;0.5;1.1;0.16;2;1.9;0;721;245;145;100;97923;2.96;0;0.33;0.37
2007;4;29;119;22.8;15.8;7.9;10.4;7.1;4.4;-0.3;-1.5;0.16;2.1;1.9;0;590;202;121;80;97395;2.72;0.43;0.33;0.37
2007;4;30;120;15.8;12;8.5;4.9;3.3;1.3;-1.2;-1;0.16;2.1;1.9;0;392;134;116;60;97382;1.95;0.55;0.32;0.37
2007;5;1;121;15.2;10.9;5;2.5;0.2;-5.8;-1.1;-1.3;0.16;2.1;1.9;0;426;150;87;70;97396;1.87;0;0.32;0.37
2007;5;2;122;15.1;10.6;6.6;3.4;0.1;-4.6;-1.2;0.4;0.16;2.1;1.9;0;684;216;130;84;97622;2.39;0.01;0.32;0.37
2007;5;3;123;19.3;13.3;7.4;10.5;7.4;3.4;-0.4;1.1;0.16;2.2;1.9;0;520;168;88;64;97145;2.06;1.47;0.32;0.37
2007;5;4;124;17.6;12.9;8.1;12.2;10.6;7.9;-1.5;-0.2;0.16;2.2;1.9;0;424;113;60;34;96900;1.87;21.11;0.32;0.37
2007;5;5;125;19.8;14.7;10;11.5;10.3;9.1;-0.1;0.6;0.17;2.2;1.9;0;536;169;100;54;96601;2.57;2.26;0.34;0.37
2007;5;6;126;18.9;13.6;8.2;11.2;9.5;8.1;0.4;-0.6;0.17;2.3;1.9;0;511;161;99;56;96950;2.46;1.42;0.34;0.37
2007;5;7;127;21.9;16.1;8.9;12;7.7;5;1;-1;0.17;2.3;1.9;0;623;220;128;78;97297;3.3;0.16;0.33;0.37
2007;5;8;128;22.3;16;9.9;13.3;10.4;7.6;0.7;-0.3;0.17;2.3;1.9;0;656;189;114;68;97160;2.86;7.21;0.33;0.37
2007;5;9;129;18.1;13.8;10.2;13;11.1;8.1;0.2;0.7;0.17;2.4;1.9;0;451;118;75;50;97433;2.3;9.03;0.34;0.37
2007;5;10;130;22.3;16.3;9.2;13.8;11.4;9;0.3;1.2;0.17;2.4;1.9;0;583;198;104;66;97547;3.03;0.26;0.34;0.37
2007;5;11;131;25.3;18.6;10.5;14.6;11.7;9.8;1.7;1.3;0.17;2.4;1.9;0;657;232;119;82;96990;3.65;0.05;0.34;0.37
2007;5;12;132;20.6;16.2;12.4;14.2;11.6;9.4;-0.3;0.6;0.17;2.5;1.9;0;536;134;86;45;97349;2.39;2.64;0.34;0.37
2007;5;13;133;23.7;17.6;10.2;15.1;13;10.1;0.1;1.5;0.17;2.5;1.9;0;573;194;94;62;97473;3.22;1.63;0.34;0.37
2007;5;14;134;27;20.6;13.2;14.6;11.9;9.1;1.6;2.5;0.17;2.5;1.9;0;712;252;122;97;97002;4.27;0;0.33;0.37
2007;5;15;135;20.2;15.5;10.5;15.5;11.6;6.7;-0.4;0.1;0.17;2.5;1.9;0;290;82;78;50;97024;1.98;17.44;0.33;0.37
2007;5;16;136;15.2;11.9;7.6;8.7;6.6;5;0.6;-0.7;0.17;2.6;1.9;0;470;158;92;62;97349;2.6;1.2;0.34;0.36
2007;5;17;137;17.6;11.7;4.5;10.3;7.8;4.2;0.1;-0.8;0.17;2.6;1.9;0;660;206;106;69;96869;3.31;10.28;0.34;0.36
2007;5;18;138;16.8;12.3;8;6.2;2.9;0.6;-0.3;-3.5;0.17;2.6;1.9;0;614;222;118;83;97502;3.94;0.13;0.35;0.36
2007;5;19;139;19.1;13.7;5.6;10.8;6.8;2.7;-0.1;-1.2;0.17;2.6;1.9;0;596;194;107;74;97530;2.8;0;0.34;0.36
2007;5;20;140;22.7;16.9;9.2;15.3;11.9;7.8;-0.3;0.1;0.17;2.7;1.9;0;654;192;103;61;97583;2.98;0.62;0.34;0.36
2007;5;21;141;25.1;19.4;12.8;17.1;13.8;11.6;0.3;0.9;0.17;2.7;1.9;0;723;246;116;79;97598;3.81;0;0.34;0.36
2007;5;22;142;27.2;20.4;12.8;16.8;14.7;12;0.8;-1.4;0.17;2.7;1.9;0;644;226;102;73;97419;3.94;1.86;0.34;0.36
2007;5;23;143;26.1;20.7;16.1;16.7;15.2;13.4;0.7;-2;0.17;2.7;1.9;0;692;217;106;71;97525;3.88;3.16;0.34;0.36
2007;5;24;144;26.3;21.4;15.7;17.3;15.6;14.1;0;-1.1;0.17;2.7;1.9;0;658;236;100;76;97516;3.94;0.17;0.33;0.36
2007;5;25;145;27.5;21.7;14.4;18.5;15.6;13.3;0.2;0.7;0.17;2.8;1.9;0;691;241;108;74;97085;4.01;0.23;0.33;0.36
2007;5;26;146;27.3;21.6;15.4;17.1;15;13.1;0.6;1.5;0.17;2.8;1.9;0;673;229;101;78;96558;3.99;0.67;0.33;0.36
2007;5;27;147;25.2;20.5;15.6;14.7;13.1;11.3;1.2;2.8;0.17;2.8;1.9;0;646;228;107;84;96115;4;0.21;0.32;0.36
2007;5;28;148;22.2;18;14.8;15.7;13.9;12.9;-0.7;1.7;0.17;2.8;1.9;0;549;186;81;62;95542;3.05;15.26;0.32;0.36
2007;5;29;149;18.6;14.5;11.5;13.4;9.1;6.7;0.4;0.9;0.17;2.9;1.9;0;633;203;112;64;95956;4.09;8.13;0.34;0.36
2007;5;30;150;13;10.9;9.2;8.9;7;5.2;1.5;-0.9;0.17;2.9;1.9;0;245;76;45;32;97181;2.52;6.59;0.34;0.36
2007;5;31;151;18.6;14.2;8.2;10.1;8.1;6.8;-0.1;0.4;0.17;2.9;1.9;0;478;193;106;75;97383;2.89;0.06;0.34;0.36
2007;6;1;152;21.9;16.4;10.4;14.3;11.1;7.5;-0.1;0.6;0.17;2.9;1.9;0;585;221;103;71;97230;3.31;1.97;0.34;0.36
2007;6;2;153;20.6;16.3;11.8;14.6;13.1;11;0.5;-1.1;0.17;2.9;1.9;0;575;181;85;59;97504;3.1;5.92;0.34;0.36
2007;6;3;154;22.6;18;11.3;14.4;12.6;10.7;-0.3;-0.5;0.17;3;1.9;0;540;207;99;69;97726;3.41;0.26;0.34;0.36
2007;6;4;155;22.2;18.4;14.5;16.6;15;12.9;-0.1;-0.5;0.17;3;1.9;0;498;181;78;60;97748;3.07;11.56;0.34;0.36
2007;6;5;156;22.8;18.1;14.1;16.7;15.3;13.1;-0.2;-1.4;0.17;3;1.9;0;526;167;72;49;97481;3.25;15.54;0.35;0.36
2007;6;6;157;22.9;18.9;15.3;17.4;15.2;13.9;-0.8;-1;0.17;3;1.9;0;577;168;92;47;97383;3.23;2.4;0.36;0.36
2007;6;7;158;23.6;18.6;12.7;15.5;14.1;11.8;-0.3;-0.3;0.17;3;1.9;0;539;197;88;67;97518;3.38;3.77;0.35;0.36
2007;6;8;159;24.3;19.2;12.9;17;15;12;0.2;-0.7;0.17;3.1;1.9;0;573;221;104;70;97638;3.93;6.21;0.35;0.36
2007;6;9;160;25.5;20.5;14.9;16.5;14.5;13.2;0.7;-0.1;0.17;3.1;1.9;0;686;210;105;68;97648;3.95;0.38;0.35;0.36
2007;6;10;161;27.1;20.9;13.2;17.6;14.6;12.4;0.8;0.2;0.17;3.1;1.9;0;686;235;115;78;97372;4.24;0.06;0.35;0.36
2007;6;11;162;25.2;20;14.7;17.1;15.4;14.2;0.3;-0.7;0.17;3.1;1.9;0;659;209;99;68;97183;3.69;0.63;0.35;0.36
2007;6;12;163;22.9;19.4;14.6;16.5;14.9;13.5;0.7;0.3;0.17;3.2;1.9;0;331;137;80;59;96975;2.47;0.46;0.35;0.36
2007;6;13;164;24.8;20.3;13.7;17.9;15.2;12.9;0.1;0.3;0.17;3.2;1.9;0;603;207;94;68;96914;3.59;0.53;0.34;0.36
2007;6;14;165;26.7;21.5;15.2;17.6;15.7;13.8;0.3;1.3;0.17;3.2;1.9;0;676;236;94;74;96911;4.31;0.38;0.34;0.36
2007;6;15;166;27.4;21.7;15.1;17.1;15;13.9;1.6;2.3;0.17;3.2;1.9;0;672;238;98;75;96653;4.65;0.28;0.34;0.36
2007;6;16;167;23.4;20.3;16.6;15.3;13.2;11.1;-0.1;0.1;0.17;3.2;1.9;0;555;191;98;64;96958;3.6;0.59;0.33;0.36
2007;6;17;168;24.5;19.9;14.4;16.7;14.7;12.8;0;0.7;0.17;3.2;1.9;0;575;207;90;69;97156;3.65;0.25;0.33;0.36
2007;6;18;169;27.2;21.7;15.5;18.9;15.5;11.9;0.9;0.4;0.17;3.3;1.9;0;608;221;90;67;97128;4.05;1.6;0.33;0.36
2007;6;19;170;27.1;22.3;17.3;18.6;17;15.8;0.3;0.3;0.17;3.3;1.9;0;630;215;99;67;97494;3.91;1.1;0.32;0.36
2007;6;20;171;30;22.9;15.2;19.4;17.8;15.1;0.3;0.2;0.17;3.3;1.9;0;668;222;91;62;97342;4.14;1.36;0.32;0.36
2007;6;21;172;30.6;24.2;18.4;20.5;17.6;14.9;0.5;0.9;0.17;3.3;1.9;0;636;224;92;66;96980;4.49;0.55;0.32;0.36
2007;6;22;173;28.2;22.3;17.4;16.5;14.6;9.9;0.9;1.4;0.17;3.3;1.9;0;512;184;98;63;97087;3.95;0.36;0.31;0.36
2007;6;23;174;23.4;19.9;16.9;15.1;11.5;8.4;0.5;0.1;0.17;3.3;1.9;0;560;156;92;57;97312;3.02;0.01;0.31;0.36
2007;6;24;175;24.5;20.4;16.2;16.5;14.1;12.7;-0.2;0.6;0.17;3.3;1.9;0;367;134;76;51;97595;2.43;0.05;0.31;0.36
2007;6;25;176;30.3;23.4;14.9;16.2;14.7;12.7;1.2;1.5;0.17;3.4;1.9;0;722;250;110;81;96743;4.53;0;0.31;0.36
2007;6;26;177;20.8;17.6;14.9;15.9;9.8;6.3;0.5;-0.4;0.17;3.4;1.9;0;426;114;74;48;96499;2.46;2.34;0.3;0.36
2007;6;27;178;17.8;15.6;13.5;13.2;11.2;9.7;0.5;-0.7;0.17;3.4;1.9;0;340;116;68;44;96836;2.57;10.36;0.3;0.36
2007;6;28;179;20;16.3;11.9;12;10.4;8.9;0.6;0.2;0.17;3.4;1.9;0;646;213;105;73;97345;3.68;0.76;0.31;0.36
2007;6;29;180;22.5;17.6;11.3;14.4;12.4;10.4;0;0.6;0.17;3.4;1.9;0;539;187;96;64;97589;3.06;0.34;0.31;0.35
2007;6;30;181;23.1;18.6;13.8;15;11.6;9;0.7;0.1;0.17;3.4;1.9;0;628;203;109;67;97703;3.85;4.3;0.31;0.35
2007;7;1;182;27.4;21.3;13.8;15.3;13.5;11.9;0.3;1.7;0.17;3.4;1.9;0;719;259;112;86;97382;4.51;0.01;0.3;0.35
2007;7;2;183;28.2;22.3;15.9;16.3;14.4;12.2;1.3;2;0.17;3.5;1.9;0;699;245;104;77;96909;4.57;2.16;0.3;0.35
2007;7;3;184;24.7;20.4;15.7;16.2;13.5;11.3;-0.1;1.6;0.17;3.5;1.9;0;624;211;96;71;96962;3.98;0.46;0.3;0.35
2007;7;4;185;18.8;15.3;11.8;14.5;11.5;8;1.3;-0.2;0.17;3.5;1.9;0;267;73;67;42;96611;2.48;10.2;0.3;0.35
2007;7;5;186;20.6;15.4;9.1;10;7.8;6.8;2;-0.3;0.17;3.5;1.9;0;641;236;109;89;97067;4.1;0.48;0.3;0.35
2007;7;6;187;22.2;18;11.9;13.9;9.1;6;1.4;-0.1;0.17;3.5;1.9;0;636;182;101;68;97231;3.27;0.01;0.3;0.35
2007;7;7;188;24.3;19.7;12.6;16.8;14;11.3;0.1;0.1;0.17;3.5;1.9;0;530;187;79;57;97566;3.16;1.26;0.3;0.35
2007;7;8;189;25.7;20.9;14.8;18.7;15.6;13.6;0;0;0.17;3.5;1.9;0;626;208;94;59;97714;3.75;4.28;0.3;0.35
2007;7;9;190;28.7;21.3;14.3;17;14.8;9.2;1.1;0.2;0.17;3.6;1.9;0;668;220;100;65;97014;4.5;3.21;0.3;0.35
2007;7;10;191;16.5;14.3;12.4;10.8;8.7;5.7;1.3;-0.8;0.17;3.6;1.9;0;208;79;103;44;97064;2.47;6.33;0.3;0.35
2007;7;11;192;19.2;15;9.6;11.1;8;6.7;0.8;-1;0.17;3.6;1.9;0;572;203;105;77;97304;3.31;0.16;0.3;0.35
2007;7;12;193;21.5;15.6;9.1;12.2;9.6;7.5;1.3;-0.4;0.17;3.6;1.9;0;583;206;102;74;97671;3.37;1.05;0.3;0.35
2007;7;13;194;24.6;18.2;9.4;13.7;11.2;8.7;0.5;0.6;0.17;3.6;1.9;0;573;223;100;79;97937;3.83;0.02;0.29;0.35
2007;7;14;195;28.5;22;12.7;18.3;15.2;11.6;0.1;0.6;0.17;3.6;1.9;0;717;265;112;80;97945;4.35;0;0.29;0.35
2007;7;15;196;31.4;24.7;15.6;20;16.8;14.9;0;1.4;0.17;3.6;1.9;0;720;264;118;86;97971;4.68;0;0.29;0.35
2007;7;16;197;31.9;25.4;18.2;18.1;15.2;14.2;0.7;2.2;0.17;3.6;1.9;0;741;273;132;102;97710;4.79;0;0.28;0.35
2007;7;17;198;33.7;26.5;17.2;21.2;16.8;13.7;0.8;0.5;0.17;3.6;1.9;0;677;244;106;86;97512;4.23;0;0.28;0.35
2007;7;18;199;34.4;27.3;18.2;20.1;17.8;15.7;0.8;-0.4;0.17;3.6;1.9;0;724;261;125;86;97505;4.45;0;0.27;0.35
2007;7;19;200;33.5;27.6;20.8;19.7;18.2;16.1;0;0.4;0.17;3.6;1.9;0;712;241;110;77;97514;4.25;0;0.27;0.35
2007;7;20;201;36;28.1;19.2;20.4;15.1;8.8;0.9;1;0.17;3.6;1.9;0;719;254;140;97;97249;4.2;0;0.27;0.35
2007;7;21;202;31.3;26.1;19.1;17.7;16;13.9;0;0.4;0.17;3.6;1.9;0;672;235;103;84;97229;3.92;0;0.26;0.35
2007;7;22;203;30.8;25;20.3;15.6;12.6;11.3;1;0.5;0.17;3.6;1.9;0;648;219;107;86;96993;3.64;0.08;0.26;0.35
2007;7;23;204;30.4;24.5;19.6;13.4;11.8;10.6;0.8;2;0.17;3.6;1.9;0;687;229;116;82;96908;3.6;0;0.26;0.35
2007;7;24;205;28.6;22.5;16.3;16;13.7;10.6;0.9;0.5;0.17;3.6;1.9;0;632;184;92;72;96565;3.32;2.83;0.26;0.35
2007;7;25;206;25.5;20;14.3;13.9;10.5;5.9;0.5;-0.3;0.17;3.6;1.9;0;601;219;129;88;97515;3.32;0;0.26;0.35
2007;7;26;207;26.6;21.5;15.7;12.3;10.5;9.1;-0.2;0.7;0.17;3.6;1.9;0;569;217;121;86;97606;3.21;0;0.25;0.35
2007;7;27;208;29.7;22.9;14.8;17.6;13.9;10.9;0.3;-0.4;0.17;3.6;1.9;0;678;212;120;78;97492;3.12;0.22;0.25;0.34
2007;7;28;209;28.6;22.3;17.4;17.8;16.8;15;0.5;-0.4;0.17;3.6;1.9;0;586;187;110;59;97566;3.01;4.32;0.25;0.34
2007;7;29;210;25.6;21.3;16.3;17.1;15.9;14.7;0.4;0.2;0.17;3.6;1.9;0;496;170;80;62;97348;2.77;3.72;0.25;0.34
2007;7;30;211;17.6;15.4;11.8;16;12.6;10.2;0.3;-0.4;0.17;3.6;1.9;0;252;73;76;45;97280;2.49;22.38;0.26;0.34
2007;7;31;212;19.6;15.4;8.8;11.7;8;6.2;0.5;-0.5;0.17;3.6;1.9;0;558;191;103;78;97700;3.21;0;0.27;0.34
2007;8;1;213;20.9;17;11.5;10.9;8.3;7.3;-0.1;-0.3;0.17;3.6;1.9;0;561;199;110;80;97809;3.21;0.01;0.27;0.34
2007;8;2;214;26;19.9;12.4;13.1;10.8;8;-0.1;1.2;0.17;3.6;1.9;0;713;252;126;89;97475;3.95;0;0.27;0.34
2007;8;3;215;19.3;17.6;15.2;15.9;13.8;11.6;0.9;-1.1;0.17;3.6;1.9;0;215;73;64;42;97720;1.72;5.24;0.27;0.34
2007;8;4;216;21.7;17.9;13.9;13.3;10.3;7.7;0.3;-2.3;0.17;3.6;1.9;0;501;192;108;76;98120;3.44;0.32;0.27;0.34
2007;8;5;217;22.8;18.3;12.2;12.8;9.1;7.1;-0.1;-2;0.17;3.6;1.9;0;699;207;118;78;97860;3.37;0;0.26;0.34
2007;8;6;218;26.4;20.5;12.4;16.9;12.8;10.2;0.1;0.3;0.17;3.6;1.9;0;666;234;119;83;97294;3.64;0;0.26;0.34
2007;8;7;219;28.6;22.1;13.9;16.5;14.4;12.2;0.5;0.2;0.17;3.5;1.9;0;660;211;117;77;96980;3.39;0.19;0.26;0.34
2007;8;8;220;28.4;21.9;15;16.8;15.6;14;0.7;0.9;0.17;3.5;1.9;0;646;211;106;71;96845;3.47;0.92;0.25;0.34
2007;8;9;221;27.1;21.3;16.2;17.5;15.8;14.3;0.5;0.8;0.17;3.5;1.9;0;587;201;104;67;96693;3.21;8.76;0.25;0.34
2007;8;10;222;21.8;18.5;16.4;16.3;15.2;12.8;0.5;-1.1;0.17;3.5;1.9;0;391;123;79;37;96812;2.95;18.4;0.27;0.34
2007;8;11;223;19.2;17.1;14.5;15.8;14;11.8;1.3;-0.9;0.17;3.5;1.9;0;217;70;58;31;96875;2.15;8.81;0.28;0.34
2007;8;12;224;23.7;18.7;14.2;17.3;15;12.8;1.1;-0.4;0.17;3.5;1.9;0;507;150;74;50;96904;2.75;1.38;0.28;0.34
2007;8;13;225;25.7;19.3;13.1;17.2;15.2;13;0.9;-0.1;0.17;3.5;1.9;0;558;189;104;60;97135;3.38;0.52;0.28;0.34
2007;8;14;226;26.6;20.4;13.1;17.2;15.4;12.6;0.7;0.3;0.17;3.5;1.9;0;628;196;106;68;97337;3.41;1.21;0.28;0.34
2007;8;15;227;28.5;22.2;14.9;17.8;16.4;14.5;0.4;0.8;0.17;3.5;1.9;0;631;213;107;71;97262;3.87;0;0.27;0.34
2007;8;16;228;30.1;24.2;18;19.4;16.8;14.2;0.5;0.6;0.17;3.5;1.9;0;682;223;111;72;97029;4.05;0.01;0.27;0.34
2007;8;17;229;24.8;20.7;16.2;15.6;14.1;10.9;-0.1;-1.5;0.17;3.5;1.9;0;500;146;70;52;97586;2.96;0.91;0.27;0.34
2007;8;18;230;23.2;19.1;15.8;14.4;11.8;10.7;0.5;-0.9;0.16;3.4;1.9;0;555;160;107;56;97649;2.93;0.1;0.27;0.34
2007;8;19;231;24.7;20.1;16.1;17.2;14.8;12.9;0;-0.2;0.16;3.4;1.9;0;578;172;96;58;97131;2.81;3.77;0.27;0.34
2007;8;20;232;19.7;17.8;14.9;16.6;15.7;14.2;0.6;0.1;0.16;3.4;1.9;0;328;100;58;45;96690;2.09;10.25;0.27;0.34
2007;8;21;233;23.4;18.3;12.8;14.6;13.2;12.1;0.5;2;0.16;3.4;1.9;0;528;162;89;60;96777;3.19;1.24;0.27;0.34
2007;8;22;234;25.7;20.3;15.1;16.2;14.8;13.2;0.4;1.6;0.16;3.4;1.9;0;581;182;103;60;97111;3.43;3.22;0.27;0.34
2007;8;23;235;26.8;21.4;17.4;18.8;16.8;14.5;0.6;1.6;0.16;3.3;1.9;0;486;145;72;50;97516;2.72;5.89;0.27;0.34
2007;8;24;236;27.4;21.8;16;20.2;17.2;15.5;0.4;-0.2;0.16;3.3;1.9;0;635;198;100;62;98137;3.52;0.1;0.28;0.34
2007;8;25;237;26.4;22.1;17.4;18.4;16.9;15.7;0.3;-1;0.16;3.3;1.9;0;468;147;74;57;98463;2.62;0.06;0.27;0.34
2007;8;26;238;26.5;21.7;15.5;17.3;15.1;13.4;0.8;-0.6;0.16;3.3;1.9;0;508;170;96;70;98341;2.89;0.08;0.27;0.34
2007;8;27;239;27.4;21.8;15.1;16.7;14.8;13.2;0.8;0.4;0.16;3.2;1.9;0;552;175;96;70;97838;3.01;0;0.27;0.34
2007;8;28;240;22.3;19.2;16.8;16;14.7;11.8;-1;-0.9;0.16;3.2;1.9;0;465;118;73;41;97566;2.32;4.99;0.27;0.34
2007;8;29;241;17.8;16.4;14.8;15.3;13.9;11.7;-0.5;-0.2;0.16;3.2;1.9;0;229;57;34;21;97386;1.5;24.9;0.28;0.33
2007;8;30;242;16.2;14.6;12.9;15.3;12.6;11.3;-0.7;-1.2;0.16;3.2;1.9;0;198;47;33;19;97454;1.73;13;0.3;0.33
2007;8;31;243;19.3;15.2;9.8;12.9;10.7;9.1;0.8;-0.3;0.16;3.1;1.9;0;406;126;73;59;97633;2.15;0.02;0.3;0.33
2007;9;1;244;21;16.2;12;12.6;10.9;9.8;1.1;-1;0.16;3.1;1.9;0;539;155;98;66;97701;2.57;0.18;0.3;0.33
2007;9;2;245;20;16.1;10.7;12.9;10.6;9.2;0.2;-0.3;0.16;3.1;1.9;0;540;156;94;64;97833;2.44;0.27;0.3;0.33
2007;9;3;246;21.7;16.8;10.9;13.1;11.6;10.1;0.5;0.3;0.16;3.1;1.9;0;493;144;88;61;97219;2.42;6.14;0.3;0.33
2007;9;4;247;14.1;12.3;9.6;12.7;7.5;2.8;0.6;-2.4;0.16;3.1;1.9;0;269;75;87;52;97267;2.28;13.93;0.31;0.33
2007;9;5;248;12.9;10.1;7.8;5.3;3.5;1.7;1.8;-3.5;0.16;3;1.9;0;516;143;97;62;97472;3.25;10.99;0.31;0.33
2007;9;6;249;11.4;9.1;7.3;6.9;5.5;4.5;2.2;-2.3;0.16;3;1.9;0;315;85;58;27;97375;3.71;17.18;0.33;0.33
2007;9;7;250;13.9;11.6;8.6;11.5;9.4;7;1.2;-1;0.16;3;1.9;0;103;30;34;16;97536;1.26;35.9;0.35;0.33
2007;9;8;251;18.4;15.2;12.8;10.9;9.5;8.8;1.5;-1.7;0.16;3;1.9;0;353;103;71;40;97676;2.26;0.24;0.36;0.33
2007;9;9;252;19.6;15.3;11.4;11.1;8.5;6.8;1.6;-0.9;0.15;2.9;1.9;0;467;142;90;68;97430;2.49;0.14;0.36;0.33
2007;9;10;253;18.7;14.4;8.1;11;8.8;6.1;0.8;0.9;0.15;2.9;1.9;0;458;134;99;65;97364;2.13;1.47;0.36;0.33
2007;9;11;254;16.2;13.2;10.1;10.5;7.7;6.1;1.3;-1.6;0.15;2.9;1.9;0;445;149;104;67;97375;2.55;1.71;0.36;0.33
2007;9;12;255;18.4;13.9;9.3;9.2;7.8;6.5;1.4;-1.6;0.15;2.9;1.9;0;423;143;99;69;98109;2.39;0.2;0.36;0.33
2007;9;13;256;18.1;13.6;8.4;10.7;9.1;7.4;-0.1;0.1;0.15;2.9;1.9;0;405;121;98;60;98307;1.82;0.04;0.35;0.33
2007;9;14;257;21.2;15.1;8.6;12.9;10.8;8.1;0.5;0.8;0.15;2.8;1.9;0;586;170;112;72;97906;2.43;0;0.35;0.33
2007;9;15;258;21.9;16.3;11.1;13.7;11;10;0.5;-1;0.15;2.8;1.9;0;493;143;94;65;97982;2.36;0.02;0.35;0.33
2007;9;16;259;22.4;16.4;11.1;13.5;11.8;10.3;0;1.4;0.15;2.8;1.9;0;499;139;95;58;98051;2.3;0.03;0.35;0.33
2007;9;17;260;23.9;17.5;10.6;16.3;13.9;9.9;1.1;1.2;0.15;2.7;1.9;0;494;149;89;67;97409;2.14;0.07;0.34;0.33
2007;9;18;261;21;15.5;10;16.9;13.2;7.6;1.4;-0.3;0.15;2.7;1.9;0;205;63;62;39;97039;1.92;18.46;0.35;0.33
2007;9;19;262;15.3;11.8;8.4;8;5.3;3.3;-0.2;-1;0.15;2.6;1.9;0;416;123;103;69;98138;2.17;0.14;0.36;0.33
2007;9;20;263;14;10.7;5.6;6.8;5;4.2;0;-0.3;0.15;2.6;1.9;0;447;117;105;71;98496;1.57;0.08;0.36;0.33
2007;9;21;264;16.7;10.9;4.2;8;6.2;3.6;0.1;0.5;0.15;2.6;1.9;0;579;173;128;90;98615;2.1;0;0.35;0.33
2007;9;22;265;18.3;12.3;5.8;9.8;7.5;4.4;0.1;0.9;0.15;2.5;1.9;0;577;170;124;87;98467;2.08;0;0.35;0.33
2007;9;23;266;19.4;13.6;7;11;9;5.9;-0.1;0.5;0.15;2.5;1.9;0;564;161;121;80;98425;2.02;0;0.35;0.33
2007;9;24;267;19.7;13.7;6.7;11.7;9.5;6.3;-0.2;0.7;0.15;2.4;1.9;0;564;163;125;83;97976;2.02;0;0.35;0.33
2007;9;25;268;20.1;14.1;7;12.6;10.3;6.5;-0.1;-0.4;0.15;2.4;1.9;0;506;146;99;63;97324;1.88;0.72;0.35;0.33
2007;9;26;269;14.7;13.1;11.5;11.2;9.9;9;-0.8;-1.1;0.15;2.4;1.9;0;248;53;51;24;97066;1.1;2.18;0.35;0.33
2007;9;27;270;16.2;12.8;10.6;13.5;11.4;9.8;-1.2;0.9;0.15;2.3;1.9;0;364;62;73;34;96653;1.02;10.39;0.35;0.33
2007;9;28;271;15.9;12.5;9.8;10.9;8;5.6;0.6;2.2;0.15;2.3;1.9;0;456;126;108;62;96689;2.04;16.8;0.37;0.33
2007;9;29;272;18.3;12.5;7.1;9.6;7.9;6.4;1.1;1.9;0.15;2.2;1.9;0;429;126;104;81;97766;1.68;0;0.37;0.33
2007;9;30;273;19.9;13.1;6.3;11;8.6;5.6;0.3;0;0.15;2.2;1.9;0;537;155;127;86;98362;1.87;0;0.36;0.33
2007;10;1;274;19.9;13.2;6.2;12;9.5;5.7;0.2;0.4;0.15;2.2;1.9;0;531;148;124;79;98513;1.73;0;0.36;0.33
2007;10;2;275;21;14.3;6.9;14.3;10.9;6.4;0.4;0.6;0.14;2.1;1.9;0;478;139;108;75;98096;1.56;0;0.36;0.33
2007;10;3;276;21.6;15.4;8.2;14.7;12.3;7.6;-0.2;-0.2;0.14;2.1;1.9;0;479;129;103;63;97957;1.56;0.01;0.36;0.33
2007;10;4;277;19.7;15.2;11.6;16;13.9;11.5;0.2;-0.5;0.14;2;1.9;0;316;74;52;33;98046;0.85;0.43;0.36;0.33
2007;10;5;278;19.2;15.2;12;15.6;13.7;11.9;0.1;-0.2;0.14;2;1.9;0;267;69;70;29;97928;1.06;4.24;0.36;0.33
2007;10;6;279;14.1;12.4;10.9;11.9;9.2;7.4;-0.8;-1;0.14;2;1.9;0;102;26;40;26;97984;0.79;1.37;0.36;0.33
2007;10;7;280;14.4;11.4;7.9;7.6;6.2;5.2;-0.5;-1.1;0.14;1.9;1.9;0;406;105;87;63;98072;1.26;0.03;0.36;0.33
2007;10;8;281;15.9;10.6;4.9;8.5;6.6;3.8;0.2;-0.1;0.14;1.9;1.9;0;466;130;111;80;98172;1.29;0;0.36;0.33
2007;10;9;282;15.4;10.4;5;9.3;7.4;4.5;-0.1;-0.7;0.14;1.8;1.9;0;404;99;90;54;98348;1.05;0.25;0.36;0.33
2007;10;10;283;12.3;10.5;7.9;8.6;7.6;6.1;0.1;-1.3;0.14;1.8;1.9;0;144;41;49;34;98232;0.42;0.02;0.36;0.33
2007;10;11;284;15.4;11.7;9.5;7.7;6.8;5.8;-0.5;-1.1;0.14;1.8;1.9;0;366;92;102;53;98330;1.11;0.01;0.35;0.33
2007;10;12;285;16.1;10.8;4.8;9.9;7.2;4.2;0.5;-0.4;0.14;1.7;1.9;0;422;106;98;62;97888;1.03;0;0.35;0.33
2007;10;13;286;14.1;9.8;5.1;8.7;4.7;0.5;-0.9;-1.2;0.14;1.7;1.9;0;316;68;78;49;98232;0.92;0.42;0.35;0.33
2007;10;14;287;11.2;7.2;3;2.6;0.7;-0.9;-0.5;-0.1;0.14;1.6;1.9;0;490;129;131;91;98628;1.1;0;0.35;0.33
2007;10;15;288;12.5;7;2.3;3.3;1.7;-0.3;0.3;1.2;0.14;1.6;1.9;0;484;130;126;90;98426;1.07;0;0.35;0.33
2007;10;16;289;15.8;8;1.3;8.4;4.4;0.1;0.1;0;0.14;1.6;1.9;0;475;128;122;83;98256;1.05;0;0.35;0.34
2007;10;17;290;16.6;8.7;1.7;9.6;6;1.4;0.3;0;0.14;1.6;1.9;0;473;125;124;81;97984;0.97;0;0.35;0.34
2007;10;18;291;12.5;7.4;3.9;9.3;5;1.8;1.2;-1.2;0.14;1.6;1.9;0;161;33;54;37;97864;0.99;6.64;0.35;0.34
2007;10;19;292;9.5;5.9;1.7;2.2;-0.7;-2.5;1;-2;0.14;1.5;1.9;0;405;108;111;84;98231;1;0.06;0.35;0.34
2007;10;20;293;5.6;2.7;-1.2;0.9;-1.2;-3.2;0;-2.2;0.13;1.5;1.9;0;348;80;90;61;98442;1.08;2.17;0.35;0.34
2007;10;21;294;6.6;3.7;0.8;0.7;-0.1;-1;-0.7;-2.3;0.13;1.5;1.9;0;290;70;67;43;98169;1.27;2.69;0.35;0.34
2007;10;22;295;7;4.1;1.8;1.9;0.1;-1.3;-0.1;-4.3;0.14;1.5;1.9;0.24;181;37;32;20;97461;2.25;9.55;0.35;0.34
2007;10;23;296;5.9;4.1;2.6;3.4;2;1.1;1.4;-2.8;0.14;1.5;1.9;0.44;136;29;23;14;97158;1.97;24.66;0.37;0.34
2007;10;24;297;7.2;5.7;3.6;5.6;4.3;1.9;0.4;-0.7;0.14;1.5;1.9;0.42;73;17;14;10;97665;0.53;6.37;0.39;0.34
2007;10;25;298;8.6;6.8;5;6.2;5.2;4.3;-0.2;0.2;0.13;1.5;1.9;0.26;158;29;43;21;97991;0.38;0.75;0.39;0.34
2007;10;26;299;6.9;6;5.5;6;5.2;4.6;-0.8;0.4;0.13;1.4;1.9;0.16;62;16;34;11;98375;0.33;1.35;0.39;0.34
2007;10;27;300;13.5;9;5.4;8.7;7.1;5;-0.5;-0.1;0.13;1.4;1.9;0.06;361;81;84;38;98544;0.69;0.25;0.38;0.34
2007;10;28;301;9;8;6.6;8.1;7.2;5.9;0.4;-0.4;0.13;1.4;1.9;0;52;13;25;12;98325;0.18;14.02;0.39;0.34
2007;10;29;302;12.5;9.2;7.3;8.1;7.4;6.6;-0.1;0.7;0.13;1.4;1.9;0;214;53;80;35;97798;0.48;0.21;0.4;0.34
2007;10;30;303;9.5;7.7;5.9;7.2;6.3;5.9;0.1;0.2;0.13;1.4;1.9;0;138;29;57;25;97523;0.3;1.87;0.39;0.34
2007;10;31;304;12.1;8.3;5.4;7.1;4.3;1.3;-0.3;-2.2;0.13;1.4;1.9;0;291;73;95;61;98311;0.85;0.07;0.39;0.34
2007;11;1;305;11.2;6.8;2.7;3.6;1.8;0.7;-0.1;-1.5;0.12;1.4;1.9;0;405;95;117;84;98795;0.72;0;0.39;0.34
2007;11;2;306;12.9;6.7;0.6;5.8;3.1;-0.1;0.6;-0.1;0.12;1.4;1.9;0;368;91;110;60;98767;0.66;0;0.39;0.34
2007;11;3;307;11.8;8.5;6.5;7.1;5.7;4.2;0.6;0.3;0.12;1.3;1.9;0;154;36;54;25;98384;0.28;0.01;0.39;0.34
2007;11;4;308;12.2;8.3;3.8;8.6;5.7;0.9;0.3;-0.9;0.12;1.3;1.9;0;198;46;80;41;97912;0.51;0.76;0.39;0.34
2007;11;5;309;8.8;4.7;1.6;2.2;0.4;-0.4;-0.3;-0.7;0.12;1.3;1.9;0;269;73;112;71;98466;0.55;0.02;0.38;0.34
2007;11;6;310;7.4;3;0.5;2.5;0.6;-1.4;0.8;0.7;0.12;1.3;1.9;0;256;55;108;62;97984;0.3;0.08;0.38;0.34
2007;11;7;311;9.2;4.5;-0.9;0.2;-1.4;-3.4;1.7;0.8;0.12;1.3;1.9;0;330;64;97;60;97783;0.57;0.09;0.38;0.34
2007;11;8;312;11.7;6.2;0.5;4;1.8;-0.8;1.1;0.6;0.12;1.3;1.9;0;324;73;91;62;97394;0.55;0.05;0.38;0.34
2007;11;9;313;8.9;4.7;1.9;5.4;0;-5.9;1.4;-0.5;0.12;1.3;1.9;0;189;32;91;53;96665;0.53;3.73;0.38;0.34
2007;11;10;314;8.2;3.9;0.8;1.2;-3;-6;2.3;-0.4;0.12;1.2;1.9;0;349;77;104;71;96871;0.74;0.94;0.38;0.35
2007;11;11;315;8.5;3.5;-0.5;2.2;0.7;-2.3;1.4;0.5;0.12;1.2;1.9;0.17;252;50;96;55;96542;0.61;2.21;0.38;0.35
2007;11;12;316;7.1;3.2;-0.2;0.8;-3.6;-6.6;1.7;-0.8;0.12;1.2;1.9;0.19;362;85;119;84;96963;0.83;0.1;0.38;0.35
2007;11;13;317;8.1;2.6;-1.4;-2.7;-4.3;-6.6;1;0.5;0.12;1.2;1.9;0.19;338;79;126;76;97063;0.48;0.06;0.38;0.35
2007;11;14;318;5.5;2.3;0.4;-0.1;-1.7;-4.3;-0.2;-0.4;0.12;1.2;1.9;0.21;256;56;80;49;96248;0.33;0.37;0.38;0.35
2007;11;15;319;2.4;0.8;-0.5;-2;-6.1;-7.8;0.9;-3.7;0.12;1.2;1.9;0.49;257;51;72;48;96982;0.51;0.5;0.38;0.35
2007;11;16;320;3;0.5;-0.7;-4.1;-6.6;-8.1;0.2;-1.8;0.12;1.2;1.9;0.78;232;52;79;51;98043;0.44;0.19;0.37;0.35
2007;11;17;321;2.7;0.4;-1.5;-3;-4.1;-5.2;-0.9;-1.7;0.12;1.2;1.9;0.98;161;40;68;44;98060;0.28;0.45;0.37;0.35
2007;11;18;322;1.5;0.6;0;0.1;-1.3;-3.8;-0.1;-1;0.19;1.2;1.9;5.86;65;15;26;15;97328;0.15;10.98;0.37;0.35
2007;11;19;323;3.8;1.7;0.3;0.7;0.1;-0.4;-0.5;0.6;0.27;1.2;1.9;10.19;137;30;35;18;97823;0.2;0.18;0.37;0.35
2007;11;20;324;3.1;0.7;-1.8;-0.3;-1.2;-3;-0.8;1.5;0.24;1.2;1.9;8.77;205;45;69;40;98095;0.27;0;0.37;0.35
2007;11;21;325;9.1;3.1;-1.2;2.5;0.1;-2.4;0.6;1.3;0.21;1.2;1.9;6.93;283;62;96;54;97562;0.26;0;0.38;0.35
2007;11;22;326;12.2;6.3;0.6;6.4;3.7;-0.3;1.6;1.9;0.17;1.2;1.9;4.18;269;63;95;61;97394;0.08;0;0.38;0.35
2007;11;23;327;13.8;9.2;5.9;8.8;7;5.1;1.1;2;0.13;1.2;1.9;1.54;243;49;80;47;97397;0.28;0.49;0.38;0.35
2007;11;24;328;10.5;7.5;4.5;6.6;5.7;4.2;-0.6;-0.2;0.12;1.2;1.9;0.68;217;44;60;27;97881;0.4;1.22;0.38;0.35
2007;11;25;329;8.8;6.7;4.8;6.4;5.6;4.1;-0.5;0;0.11;1.2;1.9;0.34;142;25;35;17;97549;0.32;9.18;0.38;0.35
2007;11;26;330;6;2.8;0.1;3.6;-3.3;-8.1;1.9;-0.9;0.11;1.2;1.9;0.22;312;66;118;78;97569;0.68;0.1;0.39;0.35
2007;11;27;331;5.2;1.1;-1.7;-2.5;-4.9;-7;1.6;-0.3;0.11;1.2;1.9;0.22;270;60;104;71;98168;0.39;0.13;0.39;0.35
2007;11;28;332;2.8;-0.1;-2.3;-1.9;-3.5;-6.3;-0.4;0.8;0.11;1.2;1.9;0.22;289;53;92;62;98399;0.17;0;0.38;0.35
2007;11;29;333;2.6;-1;-2.7;-2.2;-3.7;-5.1;-0.4;0.8;0.11;1.2;1.9;0.21;296;65;104;72;97519;0.19;0;0.38;0.35
2007;11;30;334;5.5;0.2;-3.5;0.5;-2.9;-5.5;0.5;0.4;0.11;1.2;1.9;0.21;252;53;95;54;97120;0.08;0.03;0.38;0.35
2007;12;1;335;7.9;1.8;-1.7;2.8;-0.4;-2.8;0.7;0.5;0.11;1.2;1.9;0.17;295;60;91;51;97240;0.19;0;0.38;0.35
2007;12;2;336;8.5;2.9;-1.1;4.9;1.7;-1.8;0.8;1.1;0.11;1.2;1.9;0.11;286;53;94;49;97303;0.13;1.09;0.38;0.35
2007;12;3;337;8.2;5;-1.4;6.5;3.5;-3.1;1.2;1.3;0.11;1.2;1.9;0.07;101;21;80;47;95861;0.17;1.81;0.38;0.35
2007;12;4;338;4.3;-0.5;-4.6;1.3;-3;-6.2;1.4;-0.3;0.11;1.2;1.9;0.07;133;26;92;58;97112;0.1;0.4;0.38;0.35
2007;12;5;339;6;1.5;-1.8;1.2;-1.6;-4.7;0.9;0.3;0.11;1.2;1.9;0.03;190;36;64;39;98224;0.16;0.06;0.38;0.35
2007;12;6;340;7.6;1.7;-1.8;3.9;-0.2;-3;0.9;0.4;0.11;1.2;1.9;0;255;53;94;53;97871;0.18;0;0.38;0.35
2007;12;7;341;4.7;2.1;0;3.1;0.8;-1.1;1;0.9;0.1;1.2;1.9;0;86;19;38;19;96764;0.06;5.17;0.38;0.35
2007;12;8;342;7.2;3;-1.1;4.1;1.6;-1.5;0.6;-0.6;0.1;1.2;1.9;0;147;34;94;44;96784;0.2;7.3;0.39;0.35
2007;12;9;343;5.1;1.5;-2.1;2.3;0.3;-2.6;0.4;0.8;0.1;1.2;1.9;0.01;193;34;61;28;96214;0.19;3.64;0.39;0.35
2007;12;10;344;5.1;1.5;-1.2;3.1;0.6;-1.7;0.5;-0.1;0.11;1.2;1.9;0.15;141;30;56;38;96202;0.08;0.66;0.39;0.36
2007;12;11;345;7.2;1.9;-1.7;1.9;-0.6;-3;1.2;-0.7;0.1;1.2;1.9;0.12;189;40;67;39;97109;0.2;0.68;0.39;0.36
2007;12;12;346;4.3;2.9;1.2;2;0.9;-0.1;0.2;-2.4;0.1;1.2;1.9;0.1;56;12;26;17;98073;0.86;6.26;0.39;0.36
2007;12;13;347;5.5;2.5;0.2;-0.4;-3.9;-6.7;-0.3;-3.4;0.1;1.2;1.9;0.08;230;46;104;61;98850;0.61;0.05;0.39;0.36
2007;12;14;348;0.8;-0.7;-3.2;-4.8;-6.8;-8.5;-0.7;-3.5;0.12;1.2;1.9;1.37;86;21;82;48;98710;0.36;3.35;0.39;0.36
2007;12;15;349;-0.1;-1.6;-3.6;-4.2;-6.8;-8.6;-0.8;-3.1;0.16;1.2;1.9;4.23;182;30;74;41;98844;0.3;4.66;0.39;0.36
2007;12;16;350;-0.3;-2.1;-4.4;-3.8;-4.5;-6.2;-1.1;-1.1;0.26;1.2;1.9;10.28;115;21;46;23;99048;0.2;3.54;0.39;0.36
2007;12;17;351;-1.6;-3.2;-4.6;-5.5;-6.3;-7.1;-0.7;-1.1;0.29;1.2;1.9;11.77;89;19;39;24;99407;0.17;0.75;0.39;0.36
2007;12;18;352;-0.5;-4.3;-7.4;-4.4;-7.3;-9.8;0.7;0;0.29;1.2;1.9;11.8;190;38;81;44;99422;0.16;0;0.39;0.36
2007;12;19;353;0;-4.8;-8.8;-3.4;-7.6;-11.5;0.3;0.2;0.28;1.2;1.9;11.18;223;46;105;52;99525;0.11;0;0.39;0.36
2007;12;20;354;0.4;-5.5;-10.2;-2.9;-7.4;-11.3;0.5;0.1;0.27;1.1;1.9;10.61;220;46;98;53;99473;0.13;0;0.38;0.36
2007;12;21;355;-1.1;-5.6;-9;-4.1;-7.4;-10.8;0;0.5;0.26;1.1;1.9;10.23;194;41;79;44;99196;0.11;0;0.38;0.36
2007;12;22;356;-0.5;-5.4;-8.3;-4.1;-7.1;-9.4;-0.3;0.5;0.25;1.1;1.9;9.9;226;47;106;51;98905;0.12;0.04;0.38;0.36
2007;12;23;357;-1;-5.1;-7.3;-4.2;-6.7;-8.8;-0.2;0;0.24;1.1;1.9;9.54;199;40;79;37;98806;0.12;0;0.38;0.36
2007;12;24;358;-2.3;-4.8;-7.2;-4.4;-6.3;-8;-0.1;-0.2;0.25;1.1;1.9;9.77;71;17;66;28;98743;0.08;0.78;0.38;0.36
2007;12;25;359;-0.3;-4.4;-8.4;-3.4;-6.3;-9.5;0.2;0.1;0.25;1.1;1.9;9.88;206;43;93;42;98705;0.1;0.2;0.38;0.36
2007;12;26;360;-0.7;-4.5;-7.8;-2.9;-5.6;-8.6;0;0.2;0.25;1.1;1.9;9.73;172;37;72;37;98778;0.1;0;0.38;0.36
2007;12;27;361;0.2;-4.3;-7.4;-3.2;-5.9;-8.6;0.3;0.4;0.24;1.1;1.9;9.5;195;41;86;44;99411;0.1;0.01;0.38;0.36
2007;12;28;362;-0.5;-4.7;-7.2;-3.5;-5.9;-7.8;0;0.8;0.24;1.1;1.9;9.27;182;38;70;37;99357;0.09;0.03;0.38;0.36
2007;12;29;363;-1.5;-5.2;-7.4;-4.5;-6.5;-8.2;0;0.7;0.24;1.1;1.9;9.25;188;38;77;39;98688;0.12;0.1;0.38;0.36
2007;12;30;364;-1.8;-5.3;-7.8;-5.4;-7.3;-9.2;-0.1;0.2;0.24;1.1;1.9;9.07;182;38;68;37;98328;0.11;0.04;0.38;0.36
2007;12;31;365;1.7;-3.1;-7;-1.6;-5.2;-8.4;0.1;0.2;0.24;1.1;1.9;9.09;217;42;93;42;98372;0.07;1.12;0.38;0.36
2008;1;1;1;1.3;-3.2;-6.7;-4.4;-6.1;-9.2;0.3;-0.8;0.24;1.1;1.9;9.32;163;38;104;47;98159;0.15;0.39;0.38;0.36
2008;1;2;2;0.5;-2.7;-5.2;-4.5;-5.8;-7.7;0;-0.2;0.24;1.1;1.9;9.22;164;30;67;32;98099;0.13;0.43;0.38;0.36
2008;1;3;3;-1.5;-3;-4.2;-4.7;-5.3;-6.4;-0.8;1.7;0.24;1.1;1.9;9.31;78;17;31;20;97993;0.14;0.3;0.37;0.36
2008;1;4;4;-2;-4.2;-5.5;-5.8;-6.9;-7.8;-1.2;1.8;0.24;1;1.9;9.39;166;34;61;34;98299;0.12;0.06;0.37;0.36
2008;1;5;5;0.1;-3.7;-7.4;-3.3;-6.1;-9.6;-0.8;1.1;0.24;1;1.9;9.32;154;31;44;26;98070;0.12;0.06;0.37;0.36
2008;1;6;6;5.8;0.5;-3.4;3.7;-0.3;-3.9;0.4;0.5;0.22;1;1.9;8.35;136;25;63;19;97345;-0.05;0.62;0.37;0.36
2008;1;7;7;4.8;-0.3;-3.3;3.5;-0.9;-3.7;0.7;0.6;0.2;1;1.9;6.75;125;27;55;26;97855;0.01;0.54;0.38;0.36
2008;1;8;8;7.1;0.2;-4.4;2.9;-1.5;-5.4;1.1;0.2;0.18;1;1.9;5.42;263;55;107;61;98385;0.11;0;0.38;0.37
2008;1;9;9;3.4;-1;-3.9;-0.7;-2.8;-4.7;0;0.2;0.17;1;1.9;4.57;211;46;82;46;98173;0.1;0;0.38;0.37
2008;1;10;10;4.8;-0.6;-3.3;0.4;-2.2;-4.2;0.2;0.4;0.16;1;1.9;4;253;53;90;47;98227;0.05;0.03;0.38;0.37
2008;1;11;11;6.9;1;-3.6;4.1;-0.3;-4.3;0.5;1.7;0.15;1;1.9;3.25;265;55;95;51;97728;-0.2;0.05;0.38;0.37
2008;1;12;12;9.2;4.6;1.4;6.5;3.6;1.2;0.1;1.8;0.13;1;1.9;2.04;183;43;71;34;97209;-0.09;0.06;0.38;0.37
2008;1;13;13;5.3;2.8;0.7;4;1.9;0.1;0;-1;0.12;1;1.9;1.43;108;21;31;9;97856;0.03;3.99;0.38;0.37
2008;1;14;14;7;2.5;-0.4;3.1;1.1;-1.3;-0.3;1.4;0.12;1;1.9;1.12;173;37;82;34;97745;0.15;0.06;0.38;0.37
2008;1;15;15;8.3;2.6;-0.9;2.8;0.3;-1.7;0.6;2.1;0.11;1;1.9;0.84;279;59;95;63;97511;0.18;0;0.38;0.37
2008;1;16;16;8.1;4.4;2.1;4;2.4;0.9;0.2;3;0.11;1;1.9;0.55;198;38;64;48;96836;0.16;0.15;0.38;0.37
2008;1;17;17;6.2;3.1;-0.7;5.3;2.5;-1;0.3;-0.2;0.11;1;1.9;0.38;114;25;33;11;97394;0.06;3.61;0.38;0.37
2008;1;18;18;8.7;3.8;-0.1;5.2;2.6;-0.4;0.6;0.3;0.1;1;1.9;0.25;227;48;92;33;97923;0.23;0.06;0.38;0.37
2008;1;19;19;8.1;2.8;-1.1;5.5;1.7;-1.9;1.3;0.3;0.1;0.9;1.9;0.19;164;32;66;28;98355;0.03;1.18;0.38;0.37
2008;1;20;20;11.4;3.3;-1.1;6;1;-2.1;1.1;-0.3;0.1;0.9;1.9;0.15;305;70;110;57;98365;0.25;0;0.38;0.37
2008;1;21;21;10.1;2.8;-1.5;4.6;0.2;-2.4;0.8;0;0.1;0.9;1.9;0.11;311;66;101;59;97696;0.22;0;0.38;0.37
2008;1;22;22;5.9;2;-1.7;3.3;-1.2;-6.1;1.2;-1.1;0.1;0.9;1.9;0.08;142;28;97;45;97070;0.33;0.61;0.38;0.37
2008;1;23;23;4.4;0.8;-2.4;-3.6;-5.6;-6.9;-0.1;-1.1;0.1;0.9;1.9;0.1;223;53;103;71;98882;0.19;0.03;0.38;0.37
2008;1;24;24;6.2;0.4;-2.5;-2.6;-4.2;-5.4;0.5;1.2;0.1;0.9;1.9;0.09;327;76;102;71;99006;0.1;0;0.38;0.37
2008;1;25;25;7.1;1;-2.7;1.5;-2.5;-6.1;0.7;0.2;0.1;0.9;1.9;0.03;282;58;117;58;99351;0.1;0.04;0.38;0.37
2008;1;26;26;8.1;0.5;-4.3;0.6;-3;-5.7;1.3;0.3;0.1;0.9;1.9;0;353;82;120;81;98975;0.12;0;0.38;0.37
2008;1;27;27;7.3;3.1;-1.5;3.7;-2.2;-6.3;1.9;-0.8;0.1;0.9;1.9;0;225;42;59;37;97980;0.65;1.81;0.38;0.37
2008;1;28;28;5.7;3.4;1.5;3;0.4;-1;-0.3;0.6;0.1;0.9;1.9;0;163;28;30;11;98874;0.38;0.93;0.38;0.37
2008;1;29;29;7.6;2.9;-1.4;3;0.5;-2;0.4;0.3;0.1;0.9;1.9;0;282;69;97;53;98785;0.29;0.04;0.38;0.37
2008;1;30;30;5.9;1.6;-1.2;0.1;-1.6;-3.2;0.1;0.6;0.1;0.9;1.9;0;262;61;68;51;98157;0.17;0;0.37;0.37
2008;1;31;31;6.7;2.3;-1.4;1.3;-0.3;-2.2;0;0.7;0.1;0.9;1.9;0;269;59;73;44;98057;0.21;0.21;0.37;0.37
2008;2;1;32;8.1;3.4;0.7;2.2;0.7;-0.1;1.3;2.5;0.1;0.9;1.9;0;256;61;96;53;97106;0.31;0;0.37;0.37
2008;2;2;33;6.8;3.8;0.7;4.5;1.7;-0.1;0.6;0.9;0.1;0.9;1.9;0;93;19;58;29;97253;0.18;4.71;0.37;0.37
2008;2;3;34;6;2.2;-1.8;1.3;-0.9;-2.5;0;1.3;0.1;0.9;1.9;0;269;63;72;48;98372;0.4;0;0.38;0.37
2008;2;4;35;9.3;4.3;0.2;4.7;2.5;-0.5;0.2;2.2;0.1;0.9;1.9;0;206;46;70;32;97525;0.33;0.69;0.38;0.37
2008;2;5;36;9.5;4.3;0.1;3.8;1.8;-1;0.5;-0.1;0.1;0.9;1.9;0;248;59;108;47;97961;0.38;1.72;0.38;0.37
2008;2;6;37;9.5;3.3;-1.3;5.3;1.3;-2;0.9;0.4;0.1;0.8;1.9;0;249;61;69;49;98135;0.3;1.29;0.38;0.37
2008;2;7;38;7.7;2.4;-1.3;1;-3.3;-6.1;1.2;-2;0.1;0.8;1.9;0;387;98;128;82;98930;0.59;0;0.38;0.37
2008;2;8;39;7;2.4;-1.2;-1.3;-3;-4.9;-0.3;-1.5;0.1;0.8;1.9;0;351;78;97;63;99529;0.31;0;0.37;0.37
2008;2;9;40;5.9;1.5;-1.2;-0.6;-2.3;-3.3;0;-0.9;0.1;0.8;1.9;0;369;81;98;59;99516;0.31;0;0.37;0.37
2008;2;10;41;6.1;1;-2.5;-0.5;-2.7;-3.9;-0.2;-1.1;0.1;0.8;1.9;0;362;91;108;72;99346;0.28;0;0.37;0.37
2008;2;11;42;4.9;1.1;-1.6;-0.9;-2.3;-3.6;-0.1;-0.1;0.1;0.8;1.9;0;373;89;103;69;99392;0.26;0;0.37;0.37
2008;2;12;43;4.1;0.5;-1.4;-2.3;-3.3;-4.2;-0.4;0.5;0.1;0.8;1.9;0;431;99;120;79;99402;0.17;0;0.37;0.37
2008;2;13;44;6.3;0.5;-4.6;-1.8;-3.5;-5.1;0.3;0.4;0.1;0.8;1.9;0;444;112;136;90;99253;0.18;0;0.37;0.37
2008;2;14;45;5.6;0.1;-4.1;-1.5;-3.4;-6.2;-0.3;0.2;0.1;0.8;1.9;0;438;109;118;80;99016;0.14;0;0.37;0.37
2008;2;15;46;3.2;0;-2.4;-1.5;-5;-9.9;-0.7;-1;0.1;0.8;1.9;0.14;216;62;97;57;98956;0.3;0.62;0.37;0.37
2008;2;16;47;0.6;-2.5;-5.1;-9.2;-14.7;-19.9;-1;-3.3;0.11;0.8;1.9;0.3;384;98;118;90;99632;0.16;0.07;0.37;0.37
2008;2;17;48;1.1;-3.1;-6.2;-10.6;-14;-18;0.1;0.8;0.11;0.8;1.9;0.31;464;119;133;99;99854;0.06;0;0.37;0.37
2008;2;18;49;10.5;1.7;-4.1;-2.3;-8.5;-12.3;1.3;-0.4;0.11;0.8;1.9;0.27;435;115;130;79;98650;0.11;0;0.37;0.37
2008;2;19;50;9.3;3;-2.4;-1.6;-4;-6.7;-0.2;0;0.11;0.8;1.9;0.18;401;105;103;68;98408;0.3;0;0.37;0.37
2008;2;20;51;9.6;3.1;-2.3;0.1;-1.3;-3.1;0.7;0.4;0.11;0.8;1.9;0.15;465;123;129;84;98193;0.36;0;0.37;0.37
2008;2;21;52;11.4;3.9;-2.5;3.3;-0.1;-3.4;0.6;0.2;0.11;0.8;1.9;0.08;410;109;109;66;98360;0.38;0;0.37;0.37
2008;2;22;53;12.9;4.8;-1;3.9;1;-1.8;1.1;0.5;0.11;0.9;1.9;0;327;80;98;50;98425;0.35;0;0.36;0.37
2008;2;23;54;15.4;7.6;0.2;6.8;2.7;-0.8;0.5;-0.5;0.11;0.9;1.9;0;435;117;119;61;98475;0.67;0.09;0.36;0.37
2008;2;24;55;16.8;7.7;-0.2;5.9;3.1;-0.9;0.8;1;0.11;0.9;1.9;0;475;127;122;76;98433;0.72;0;0.36;0.37
2008;2;25;56;17.8;8;-0.3;6.3;3.1;-1.2;0.2;0.1;0.11;0.9;1.9;0;483;130;129;79;98014;0.73;0;0.36;0.37
2008;2;26;57;15.8;8.2;0.2;5.7;2.9;-0.2;1;0.7;0.11;0.9;1.9;0;490;132;130;85;97648;0.8;0;0.36;0.37
2008;2;27;58;14.8;7.3;0.7;6;3.3;-0.2;0.3;0.2;0.11;0.9;1.9;0;469;110;115;67;97421;0.77;0.93;0.36;0.37
2008;2;28;59;10.7;6.1;1.8;4.1;2.3;1.1;0.4;1.5;0.11;0.9;1.9;0;260;77;86;52;98162;0.61;0.1;0.36;0.37
2008;2;29;60;13.5;6.5;-0.6;5.3;2.8;-1.2;1.1;0.7;0.11;0.9;1.9;0;466;113;106;63;97679;0.67;0.2;0.36;0.37
2008;3;1;61;12.8;8.7;4.4;5.5;2.9;-1.5;3.2;0.6;0.12;0.9;1.9;0;359;80;101;59;96192;0.85;0.48;0.36;0.37
2008;3;2;62;15.7;9.4;2.6;4.3;2;-0.8;2.1;-0.5;0.12;0.9;1.9;0;398;109;106;76;96499;0.88;0.03;0.36;0.37
2008;3;3;63;15.7;10;4.6;8;4.9;2.3;0.3;0.4;0.12;1;1.9;0;385;93;83;49;96742;0.65;0.78;0.35;0.37
2008;3;4;64;8.1;4;1;5.3;0.7;-2.1;-0.7;-1.3;0.12;1;1.9;0.02;196;40;49;32;97073;1.17;6.13;0.36;0.37
2008;3;5;65;5.3;2.3;-0.8;-0.6;-5.6;-11.7;-0.5;-3.1;0.14;1;1.9;1.12;324;92;107;62;97728;0.98;1.16;0.36;0.37
2008;3;6;66;4;0.8;-2.3;-3.6;-7.3;-11.5;-0.7;-1.3;0.14;1;1.9;1.09;495;123;105;76;98317;0.69;0.12;0.36;0.37
2008;3;7;67;5.9;2.9;-1.2;0.9;-2.5;-5.6;0.2;-0.8;0.13;1;1.9;0.94;212;58;52;25;97524;0.45;1.64;0.36;0.37
2008;3;8;68;7.8;4.2;1.1;3.8;2.3;0.4;0.7;0.4;0.13;1;1.9;0.73;164;43;38;20;96939;0.62;4.34;0.36;0.37
2008;3;9;69;11.5;6.1;0.2;4.5;1.9;-0.3;0.5;1.2;0.13;1;1.9;0.44;407;95;87;56;96883;0.75;0.03;0.36;0.37
2008;3;10;70;13.2;6.9;0;3.6;1.6;-0.7;1.7;2.6;0.13;1;1.9;0.21;468;138;109;81;96369;0.97;0;0.36;0.37
2008;3;11;71;9.5;6.2;1.7;6.5;3.7;0.9;0.7;1.1;0.12;1;1.9;0.07;251;63;81;56;96035;0.85;4.61;0.36;0.37
2008;3;12;72;14.8;7.4;1.5;5;3.3;0.7;1.3;0.7;0.13;1;1.9;0;531;132;113;64;96204;1.15;1.22;0.36;0.37
2008;3;13;73;12.1;5.9;-1.1;1.7;-2.3;-6.2;1.8;-1.1;0.13;1;1.9;0;545;145;129;84;97166;1.1;0.03;0.36;0.37
2008;3;14;74;12.1;5.9;-0.5;5.3;1.4;-2.6;1.1;0.4;0.13;1.1;1.9;0;307;80;78;47;97214;0.62;0.25;0.36;0.37
2008;3;15;75;11.6;7.5;1.5;5.5;4;1;0.1;1.4;0.13;1.1;1.9;0;316;72;75;39;97329;0.51;0.04;0.36;0.37
2008;3;16;76;15.9;10.2;5.4;6.9;5.4;4.3;2.1;1.1;0.13;1.1;1.9;0;485;133;104;67;96431;1.19;1.63;0.36;0.37
2008;3;17;77;15.7;8.1;1.4;5.4;3.1;0.9;0.6;-0.3;0.13;1.1;1.9;0;546;149;121;71;96281;1.48;1.56;0.36;0.37
2008;3;18;78;7;3.8;-1.4;2.8;0;-5;0.4;0.6;0.13;1.1;1.9;0.02;383;106;101;63;96683;1.41;3.76;0.36;0.37
2008;3;19;79;7.5;2.5;-3.8;-1.7;-5;-6.8;0.9;0.1;0.13;1.1;1.9;0;499;142;108;81;96945;1.04;0.31;0.36;0.37
2008;3;20;80;7.1;2;-2.3;-1.2;-4.6;-6.9;1;-0.4;0.13;1.2;1.9;0;540;163;120;90;96949;1.03;0.08;0.36;0.37
2008;3;21;81;9.1;3.6;-2.3;0;-3.3;-5;1.5;3.3;0.13;1.2;1.9;0;458;112;77;60;95302;0.89;0.05;0.36;0.37
2008;3;22;82;6.6;3.3;0.2;1.2;-0.3;-2.3;-0.5;0.5;0.16;1.2;1.9;2.19;359;90;84;45;94921;0.97;8.02;0.36;0.37
2008;3;23;83;7.9;3.3;-0.9;2.1;-0.5;-3;-0.8;0.1;0.16;1.2;1.9;1.96;413;114;83;44;95262;0.94;8.12;0.36;0.37
2008;3;24;84;6;2.9;0.6;0.8;-3.2;-5.3;1.2;-1.4;0.21;1.2;1.9;5.99;344;84;62;39;95132;1.16;5.04;0.37;0.37
2008;3;25;85;6.5;2.2;-1.6;-2.3;-7.7;-12.5;2.1;-0.7;0.2;1.2;1.9;5.13;492;133;103;78;95730;1.31;0.47;0.37;0.37
2008;3;26;86;8.5;2.9;-2.8;-2.6;-5.5;-9.9;1.5;1.1;0.18;1.3;1.9;3.83;510;147;101;77;96302;1.16;0.49;0.37;0.37
2008;3;27;87;9.9;4.8;-1.1;3.7;0.4;-3.4;0;-0.2;0.17;1.3;1.9;2.43;440;117;89;50;96258;0.75;0.68;0.37;0.37
2008;3;28;88;11.1;6.6;2.6;5.1;3.2;1.5;-0.2;-1.3;0.15;1.3;1.9;1.36;294;85;59;33;97141;0.86;2.19;0.37;0.37
2008;3;29;89;14.8;7.1;-0.2;6;2.7;-0.6;0.6;-0.6;0.15;1.3;1.9;0.67;564;154;116;69;97824;1.46;0.87;0.37;0.37
2008;3;30;90;15.2;7.5;-1.8;5.2;2;-2.9;0.2;1.5;0.14;1.3;1.9;0.27;640;197;134;92;97886;1.64;0;0.37;0.37
2008;3;31;91;15.8;9.3;1.6;5.4;3.5;0;-0.6;-0.5;0.14;1.4;1.9;0.07;637;180;131;82;97489;1.54;0;0.37;0.37
2008;4;1;92;17;10.5;3.1;5.7;3.8;2;0.8;-1.8;0.14;1.4;1.9;0;495;163;106;73;97692;1.63;0.11;0.37;0.37
2008;4;2;93;12.4;8.6;3.7;6.5;3.3;-0.6;1.2;-1.1;0.14;1.4;1.9;0;437;125;90;68;97491;1.67;3.44;0.37;0.37
2008;4;3;94;11.6;7;1.1;2.8;0.4;-1.4;0.4;-2.2;0.14;1.4;1.9;0;521;163;100;75;97519;1.5;0.46;0.37;0.37
2008;4;4;95;12.2;8.4;4.9;1.2;-0.1;-1.6;-0.3;-3.2;0.14;1.4;1.9;0;476;147;102;71;97912;1.57;0;0.37;0.37
2008;4;5;96;11.9;7.6;3;1.8;0.1;-1.5;0;-0.2;0.14;1.4;1.9;0;478;151;104;76;97115;1.4;0;0.36;0.37
2008;4;6;97;13.8;8.2;1.5;2.8;0.5;-0.9;0.7;1.7;0.14;1.5;1.9;0;622;204;123;93;96060;1.87;0.47;0.36;0.37
2008;4;7;98;12.3;6.6;3.2;5.8;0.3;-4.3;1;0.3;0.14;1.5;1.9;0;455;131;77;50;96077;1.78;4.69;0.36;0.37
2008;4;8;99;7.2;5.3;3.5;3.6;0.7;-1.9;-0.6;1.2;0.14;1.5;1.9;0;229;71;33;24;96708;0.89;0.89;0.36;0.37
2008;4;9;100;17.4;11.1;3.4;7.1;5;2.2;1;2.2;0.15;1.5;1.9;0;627;176;113;67;96117;1.79;0.02;0.36;0.37
2008;4;10;101;18;12.9;6.6;8.5;7.1;5.5;2;2.4;0.15;1.5;1.9;0;493;159;99;74;95943;1.78;0.19;0.36;0.37
2008;4;11;102;20.3;14.4;8.6;10.6;9.1;7.7;1.9;3.2;0.15;1.6;1.9;0;581;184;97;79;95978;2.06;0.05;0.36;0.37
2008;4;12;103;12.9;10.5;6.4;8.7;5.3;2.3;0.3;-0.1;0.15;1.6;1.9;0;365;108;82;58;96708;1.46;2.22;0.36;0.37
2008;4;13;104;13.5;9.5;4.7;6.3;3.7;1.7;0.4;1.1;0.15;1.6;1.9;0;471;140;90;62;97514;1.7;0.22;0.36;0.37
2008;4;14;105;16.1;10.4;3.7;5.8;4.1;2.7;0;1.5;0.15;1.6;1.9;0;602;206;123;89;97225;2.07;0.06;0.35;0.37
2008;4;15;106;14.5;9.5;4.5;4.9;2.8;0.7;0.7;-2.1;0.15;1.6;1.9;0;474;162;111;75;96983;2.03;1.38;0.35;0.37
2008;4;16;107;13.2;9.1;5.3;0.6;-0.3;-1.1;1.3;-1.2;0.15;1.7;1.9;0;622;199;114;91;97238;2.13;0.29;0.35;0.37
2008;4;17;108;14.2;8.5;3.1;5.6;3.8;0.7;0;1.9;0.15;1.7;1.9;0;506;144;102;61;96748;1.9;1.71;0.35;0.37
2008;4;18;109;16.3;10.9;3.7;8.9;6.1;2.4;0.5;2;0.15;1.7;1.9;0;542;185;99;76;96075;1.92;0.43;0.35;0.37
2008;4;19;110;17.5;12.7;7.2;8.2;6.3;4.8;1.8;2;0.15;1.8;1.9;0;595;186;111;71;95981;2.21;0.53;0.35;0.37
2008;4;20;111;19.4;12.7;4.2;8.6;6.1;3.8;0.7;0.8;0.15;1.8;1.9;0;662;197;122;82;96593;2.36;0.1;0.35;0.37
2008;4;21;112;20.4;12.9;7;12.3;8.2;5.3;-0.9;0.6;0.15;1.8;1.9;0;688;186;126;76;96134;2.21;8.12;0.34;0.37
2008;4;22;113;15.5;10.7;6.7;8.9;7.1;5.3;0.8;1.4;0.16;1.8;1.9;0;520;152;87;62;96071;2.1;6.19;0.35;0.37
2008;4;23;114;14.5;10.9;7.5;7;5.2;3.8;0.4;-2.1;0.16;1.9;1.9;0;467;166;104;65;97334;2.16;0.92;0.35;0.37
2008;4;24;115;15.2;10.9;4.2;6.1;2.5;1.1;-0.3;-0.8;0.16;1.9;1.9;0;574;192;120;86;98232;2.28;0.06;0.35;0.37
2008;4;25;116;15.4;9.6;3.7;7.4;4.6;1.4;1;-0.4;0.16;1.9;1.9;0;489;143;91;68;98307;1.81;2.72;0.35;0.37
2008;4;26;117;15.9;11;4.9;6.2;4.9;2.4;0;-2.1;0.16;2;1.9;0;672;216;116;75;98493;2.56;0.36;0.35;0.37
2008;4;27;118;17.3;12.4;5.1;7.7;4;2.6;0;-0.8;0.16;2;1.9;0;635;225;129;95;98240;2.75;0.12;0.35;0.37
2008;4;28;119;19.2;13.2;5.8;6.7;4.5;2;0.2;1.5;0.16;2;1.9;0;713;208;135;82;97215;2.69;0.01;0.34;0.37
2008;4;29;120;15.5;11.7;7.3;8.6;6.5;3.6;1;1;0.16;2.1;1.9;0;427;147;74;55;96447;1.78;1.07;0.34;0.37
2008;4;30;121;17.4;12.4;6.3;8.7;6.4;5.2;1.4;2.1;0.16;2.1;1.9;0;430;157;102;69;96604;2.3;0.06;0.34;0.36
2008;5;1;122;17.2;11.9;7.4;11.1;8.4;5.4;0.5;-0.1;0.16;2.1;1.9;0;579;152;91;68;97250;2.14;10.12;0.34;0.36
2008;5;2;123;18;12.5;4.7;8.3;4.7;3;0.8;-0.7;0.16;2.1;1.9;0;682;231;131;92;98037;3.14;0.17;0.35;0.36
2008;5;3;124;17.5;12.6;6.1;7.5;4.9;3.6;0;-1.7;0.16;2.2;1.9;0;567;217;113;85;98256;2.86;0.23;0.34;0.36
2008;5;4;125;16.9;12.2;6.5;8.2;5.7;4.6;0;-1.5;0.16;2.2;1.9;0;640;219;116;84;98152;2.8;0.47;0.34;0.36
2008;5;5;126;15.9;11.1;5;9.4;7;3.9;0.2;-1.4;0.17;2.2;1.9;0;633;210;106;71;98112;2.72;8.59;0.34;0.36
2008;5;6;127;17.7;12.9;8.7;9.4;7.5;5.6;-0.3;-2.4;0.17;2.3;1.9;0;614;198;104;69;98102;3.05;1.52;0.34;0.36
2008;5;7;128;17.7;13.2;7.9;6.9;4.7;3.2;-0.3;-1.3;0.17;2.3;1.9;0;597;202;117;84;98043;2.9;0.01;0.34;0.36
2008;5;8;129;19.3;13.6;5.1;7.6;5.4;3.7;0;-0.7;0.17;2.3;1.9;0;596;215;116;85;97775;3;0;0.34;0.36
2008;5;9;130;19.2;14.3;7.1;9;7;5.2;-0.5;-1;0.17;2.4;1.9;0;589;204;109;74;97704;2.88;0.12;0.34;0.36
2008;5;10;131;18.2;13.5;8.3;10.9;8.2;5.4;-0.9;-0.8;0.17;2.4;1.9;0;592;194;98;69;97876;2.68;3.81;0.33;0.36
2008;5;11;132;18.5;13.5;8;8.6;5.5;2.5;-0.9;-0.4;0.17;2.4;1.9;0;639;236;128;89;97959;3.39;0.09;0.33;0.36
2008;5;12;133;19.2;14.1;6.1;8.1;4.7;3.3;0.4;0;0.17;2.5;1.9;0;699;212;131;87;97799;2.99;0;0.33;0.36
2008;5;13;134;20.5;15.4;6.2;8.7;6;4.7;0.2;0.3;0.17;2.5;1.9;0;602;207;116;82;97549;2.98;0;0.33;0.36
2008;5;14;135;21.5;15.9;7.2;11.2;7.6;5.4;0.1;0.5;0.17;2.5;1.9;0;659;239;126;87;97335;3.31;0.11;0.32;0.36
2008;5;15;136;24.2;17.3;8.9;12;9.3;6.8;1;1.2;0.17;2.5;1.9;0;705;244;129;90;97016;3.52;0.47;0.32;0.36
2008;5;16;137;22;17.6;12;12.2;10.7;9.1;1.3;1.3;0.17;2.6;1.9;0;603;204;102;76;96915;3.15;0.57;0.32;0.36
2008;5;17;138;23.8;18.6;13.1;12.8;11.3;10.2;2.1;2.4;0.17;2.6;1.9;0;620;218;101;77;96805;3.4;0.15;0.32;0.36
2008;5;18;139;21.6;16.8;13.5;14.3;12.4;10.8;0.2;1.9;0.17;2.6;1.9;0;460;155;91;56;96566;2.59;6.52;0.31;0.36
2008;5;19;140;20;15.4;11.4;13.2;11.4;7.5;-0.7;-1.1;0.17;2.6;1.9;0;480;160;82;49;96657;3.26;6.89;0.32;0.36
2008;5;20;141;12.5;11.2;9.6;10.1;8.7;7.2;-0.7;-1.3;0.17;2.7;1.9;0;202;61;30;18;96856;2.04;10.84;0.33;0.36
2008;5;21;142;14.9;12.7;10;10.1;9.3;8.1;-1.2;0.2;0.17;2.7;1.9;0;316;102;48;29;97134;1.66;1.21;0.33;0.36
2008;5;22;143;18.1;14.3;10.2;10.3;9.4;8.5;-1.1;0.1;0.17;2.7;1.9;0;510;164;77;47;97249;2.8;1.7;0.33;0.36
2008;5;23;144;16.8;14.6;11.7;11.9;10;8;-0.3;0.1;0.17;2.7;1.9;0;370;120;61;39;97285;2;2.21;0.33;0.36
2008;5;24;145;22;16.5;10.2;13.2;11;9.1;0.4;0.5;0.17;2.7;1.9;0;574;214;106;69;97187;3.35;0.18;0.33;0.36
2008;5;25;146;21.6;17.1;10.5;13.9;12.6;10.1;-0.3;-0.3;0.17;2.8;1.9;0;460;164;73;51;97419;2.62;1.43;0.33;0.36
2008;5;26;147;26;19.7;13.9;16.1;13.7;12.2;0.2;0.6;0.17;2.8;1.9;0;608;201;100;59;97464;3.45;0;0.32;0.36
2008;5;27;148;30.3;22.2;13.3;16.7;14.5;12.4;1.2;1.3;0.17;2.8;1.9;0;731;266;128;94;97294;4.49;0;0.32;0.36
2008;5;28;149;31.1;23.4;15;17;14.8;12.9;1.6;1.2;0.17;2.8;1.9;0;727;268;135;97;97257;4.54;0;0.31;0.36
2008;5;29;150;25.7;20.4;16.3;15.8;13.3;10;-1.5;-0.5;0.17;2.9;1.9;0;658;232;119;78;97480;3.82;0.02;0.31;0.36
2008;5;30;151;27.5;20.9;14.1;16.6;13.9;11.3;-0.1;0.4;0.17;2.9;1.9;0;716;251;122;79;97218;3.96;0.24;0.31;0.36
2008;5;31;152;25.4;20.3;13.9;15.5;13.2;11.6;1;1.4;0.17;2.9;1.9;0;694;250;118;89;97238;3.92;0.06;0.3;0.36
2008;6;1;153;26.9;21.5;14.5;15.4;13.6;11.7;-0.2;-0.7;0.17;2.9;1.9;0;617;220;118;75;97416;3.64;0.1;0.3;0.36
2008;6;2;154;24.9;20.2;15.3;16.9;15.8;14.4;-0.2;0.1;0.17;2.9;1.9;0;554;184;77;61;97412;3.05;2.75;0.3;0.36
2008;6;3;155;23.5;18.8;13.9;17.3;15.8;13.4;0;0;0.17;3;1.9;0;567;199;91;61;97160;3.29;11.66;0.3;0.36
2008;6;4;156;21;17.8;14.8;16.2;15.4;14.3;0.2;-0.6;0.17;3;1.9;0;497;120;65;38;96993;2.44;8.97;0.31;0.36
2008;6;5;157;18.3;16.3;15.2;16.2;14.9;14.2;-0.6;-1.4;0.17;3;1.9;0;240;62;40;19;96926;1.73;22.07;0.32;0.36
2008;6;6;158;20.4;16.7;14.4;14.6;13.7;12.1;-0.8;-1.7;0.17;3;1.9;0;444;112;74;32;97004;2.52;7.95;0.34;0.36
2008;6;7;159;19.9;16.2;13.5;14.6;13.4;11.8;-0.7;-1.8;0.17;3;1.9;0;481;145;64;42;97079;2.69;5.03;0.34;0.36
2008;6;8;160;20.2;16.4;12.6;14.4;13.3;11.7;-0.5;-1;0.17;3.1;1.9;0;437;158;75;52;97448;2.88;3.72;0.34;0.36
2008;6;9;161;22.1;17.5;11.3;15.4;13.4;11.2;0.1;-0.4;0.17;3.1;1.9;0;540;188;98;60;97875;3.08;1.02;0.34;0.36
2008;6;10;162;24.8;19.4;12;15.9;13.6;11.1;0.5;0.8;0.17;3.1;1.9;0;677;238;106;77;97856;4.08;0.19;0.34;0.36
2008;6;11;163;24.7;18.8;12.8;16.3;14.7;12.1;0.4;0.1;0.17;3.1;1.9;0;636;200;101;66;97308;3.41;11.14;0.34;0.36
2008;6;12;164;20.8;17.2;13.1;14.3;12.2;10.1;-0.3;-0.8;0.17;3.2;1.9;0;523;176;87;52;97028;3.37;1.47;0.34;0.36
2008;6;13;165;17.4;14.1;10.8;12.4;8.9;6;1.6;-1.4;0.17;3.2;1.9;0;418;101;87;42;97018;2.49;3.07;0.34;0.36
2008;6;14;166;16.3;12.8;9;9.3;7.3;5.6;0.9;-0.6;0.17;3.2;1.9;0;418;136;76;54;97341;2.47;1.63;0.34;0.36
2008;6;15;167;18.4;14.4;9.3;9.2;7.8;6.7;0.2;0.4;0.17;3.2;1.9;0;635;213;107;77;97149;3.71;0.71;0.34;0.36
2008;6;16;168;20.1;15.8;9.8;12.2;10.1;7.8;1;1.8;0.17;3.2;1.9;0;527;202;100;73;96983;3.4;0.63;0.34;0.36
2008;6;17;169;21.6;17.3;12.1;16.4;13.9;10.5;-0.1;0.9;0.17;3.2;1.9;0;506;175;82;58;97113;2.99;4.07;0.34;0.35
2008;6;18;170;22.6;18.5;14.5;14.8;13.3;11.9;0.1;-0.9;0.17;3.3;1.9;0;572;175;98;55;97443;3.32;0.82;0.34;0.35
2008;6;19;171;24.6;19.5;11.6;16.6;13.7;10.8;0.3;0.7;0.17;3.3;1.9;0;597;215;104;73;97601;3.72;0.07;0.33;0.35
2008;6;20;172;26.2;20.7;14.2;17.8;15.6;13.3;0.4;-0.2;0.17;3.3;1.9;0;602;195;96;65;97836;3.52;1.72;0.33;0.35
2008;6;21;173;27;21.6;14.2;19.3;16.6;13.7;0.4;0.2;0.17;3.3;1.9;0;681;231;98;66;98014;4.07;0.48;0.33;0.35
2008;6;22;174;30.4;23.7;15.5;19.6;17.2;15.2;0.4;1.6;0.17;3.3;1.9;0;724;264;112;81;97877;4.93;0;0.32;0.35
2008;6;23;175;31.1;24.1;16;19.6;17.5;14.5;0.5;-0.2;0.17;3.3;1.9;0;684;231;108;72;97698;4.42;1.34;0.32;0.35
2008;6;24;176;29.9;23.5;17.7;19.1;17.7;16.6;0.4;-0.3;0.17;3.3;1.9;0;718;245;109;70;97677;4.65;1.63;0.32;0.35
2008;6;25;177;29.9;23.9;17.4;20.3;18.8;17.1;0.1;0.8;0.17;3.4;1.9;0;682;246;96;66;97618;4.58;0;0.31;0.35
2008;6;26;178;27;21.7;18.3;19.3;18.3;17;0.4;-1;0.17;3.4;1.9;0;644;178;82;52;97781;3.38;18.1;0.31;0.35
2008;6;27;179;24.6;21.1;17.5;18.9;17.4;16.4;0.6;-0.8;0.17;3.4;1.9;0;395;140;87;41;97712;2.9;3.1;0.33;0.35
2008;6;28;180;24.8;20.8;16.4;16.3;15;14.2;-0.3;-0.4;0.17;3.4;1.9;0;631;214;98;67;97964;3.93;0.2;0.32;0.35
2008;6;29;181;27.3;22.1;15.5;19.5;16.8;14.3;0.2;0.8;0.17;3.4;1.9;0;632;216;94;66;97858;3.92;0.04;0.32;0.35
2008;6;30;182;24.4;20.8;17.4;18.7;16.8;15.6;0.2;-0.2;0.17;3.4;1.9;0;464;139;85;53;97771;2.8;7.98;0.32;0.35
2008;7;1;183;25.8;21.5;14.9;17.3;15.6;14.3;-0.4;-0.1;0.17;3.4;1.9;0;580;223;89;70;97781;3.98;0.05;0.32;0.35
2008;7;2;184;27.7;23.4;17.7;19.1;17.5;15.5;-0.3;0.4;0.17;3.5;1.9;0;628;223;93;68;97390;4.08;0.21;0.32;0.35
2008;7;3;185;29.2;23.5;17.5;19.4;17.6;16.1;0.6;1.7;0.17;3.5;1.9;0;654;237;89;66;97009;4.66;1.73;0.31;0.35
2008;7;4;186;24.6;21.5;17.5;16.8;14.2;12.7;1.3;-1;0.17;3.5;1.9;0;502;171;90;58;97136;3.8;1.62;0.31;0.35
2008;7;5;187;23.9;20.2;15.5;14.4;11.9;10.2;0.5;-0.3;0.17;3.5;1.9;0;549;207;101;76;97385;3.86;0.01;0.31;0.35
2008;7;6;188;27;22;16.5;17;14.4;10.9;0.1;1.6;0.17;3.5;1.9;0;631;231;95;69;97204;4.22;0.04;0.31;0.35
2008;7;7;189;28.4;22.4;16.3;17.6;15.9;11.8;1.1;1;0.17;3.5;1.9;0;624;221;92;61;96826;4.65;8.8;0.3;0.35
2008;7;8;190;21.9;18.2;13.9;14.2;10.6;8.7;1.2;-0.6;0.17;3.5;1.9;0;494;165;111;60;97388;3.64;0.01;0.31;0.35
2008;7;9;191;23.1;18.3;11.8;13.4;11.6;10;0.8;0;0.17;3.6;1.9;0;665;220;110;77;97626;3.85;0.07;0.3;0.35
2008;7;10;192;24.5;20;14.7;16.4;14.6;13;0.1;0.9;0.17;3.6;1.9;0;531;187;85;60;97618;3.26;0.04;0.3;0.35
2008;7;11;193;29.3;22.8;15.5;17.9;14.5;11.4;0.4;1.9;0.17;3.6;1.9;0;716;252;117;84;97304;4.61;0;0.3;0.35
2008;7;12;194;29.6;23.2;15.8;17;15.9;14.4;0.6;1.4;0.17;3.6;1.9;0;678;239;102;78;97038;4.46;0.46;0.29;0.35
2008;7;13;195;27.6;22.2;17.6;18.4;17.1;15.7;0.1;0.3;0.17;3.6;1.9;0;642;194;92;64;96984;3.5;0.71;0.29;0.35
2008;7;14;196;18.9;16.9;14.3;14.8;13.9;11.6;-0.3;-1.5;0.17;3.6;1.9;0;364;103;44;32;97494;3.52;38.14;0.31;0.35
2008;7;15;197;21.7;17.8;13.6;11;9.9;8.6;1.6;-2.3;0.17;3.6;1.9;0;590;206;91;73;98293;4.56;0.19;0.32;0.35
2008;7;16;198;25.8;20.2;13.2;15.2;12.2;9.4;1.1;0.4;0.17;3.6;1.9;0;642;226;101;74;97858;4.29;0;0.32;0.35
2008;7;17;199;24.7;19.5;15;16.7;15;13.5;0;-0.4;0.17;3.6;1.9;0;499;166;82;53;97258;3.32;10.74;0.32;0.35
2008;7;18;200;19.8;17.1;14.5;14.1;13.2;12.6;0.5;0.5;0.17;3.6;1.9;0;395;128;82;49;97391;2.75;10.97;0.33;0.35
2008;7;19;201;24.6;18.8;11.8;15;12.9;11.5;0.5;1.3;0.17;3.6;1.9;0;618;228;105;76;97505;4.21;0.03;0.33;0.35
2008;7;20;202;25.7;20.3;13.3;17.8;15.6;12.3;-0.1;-0.2;0.17;3.6;1.9;0;588;196;88;62;97230;3.73;11.78;0.33;0.35
2008;7;21;203;21;17.7;14.5;15.3;11.4;8;0.4;-0.8;0.17;3.6;1.9;0;536;150;75;50;97499;3.58;5.04;0.33;0.35
2008;7;22;204;18.4;15.5;13.4;10.5;7.8;6.4;1;-2.4;0.17;3.6;1.9;0;512;165;86;63;97725;3.71;0.75;0.33;0.35
2008;7;23;205;15.8;14.1;13.3;11.3;9.7;7.4;2.2;-4.2;0.17;3.6;1.9;0;247;66;67;34;97482;3.92;13.56;0.33;0.35
2008;7;24;206;21.8;17.7;14;12.7;11.6;10.3;1.6;-3.5;0.17;3.6;1.9;0;480;149;70;32;97218;4.15;1.93;0.34;0.35
2008;7;25;207;23.5;19.7;15.8;17;14.8;11.7;1.4;-1.6;0.17;3.6;1.9;0;337;120;61;36;97024;2.73;1.17;0.34;0.35
2008;7;26;208;25;20.6;16.3;18.5;16.8;14.9;0.6;-1.6;0.17;3.6;1.9;0;569;184;79;49;97156;3.73;14.07;0.34;0.35
2008;7;27;209;26.6;21.9;16.6;18;16.1;14.1;0;-1.4;0.17;3.6;1.9;0;612;212;94;66;97457;4.44;1.21;0.35;0.34
2008;7;28;210;26.3;21.3;16.7;18;16.5;13.8;-0.3;-0.7;0.17;3.6;1.9;0;648;199;95;59;97666;3.71;0.86;0.34;0.34
2008;7;29;211;26.3;21.6;15.9;18.5;17.3;15.1;0.4;-0.1;0.17;3.6;1.9;0;580;208;86;63;97732;3.77;0.2;0.34;0.34
2008;7;30;212;26.2;21.6;15.5;19.1;17.6;15.5;0.5;-0.2;0.17;3.6;1.9;0;586;188;91;59;97856;3.52;1.44;0.34;0.34
2008;7;31;213;26.6;21.4;15.6;19.7;18.1;15.3;0.3;-0.1;0.17;3.6;1.9;0;625;178;86;56;97844;3.35;6.11;0.34;0.34
2008;8;1;214;28.1;22.1;16.1;20;18.4;16;0.4;0;0.17;3.6;1.9;0;665;218;97;57;97701;4.23;1.5;0.34;0.34
2008;8;2;215;27.4;21.7;17;20.3;18.8;16.7;0.2;-0.3;0.17;3.6;1.9;0;654;191;85;57;97686;3.85;4.75;0.34;0.34
2008;8;3;216;27;21.7;14.8;18.9;16.3;14.7;0.3;0.2;0.17;3.6;1.9;0;649;205;100;61;97679;4.03;0;0.34;0.34
2008;8;4;217;28.9;22.3;16.4;19.6;18;15.6;0.7;0.2;0.17;3.6;1.9;0;633;199;83;57;97241;3.89;4.06;0.33;0.34
2008;8;5;218;22.6;20.1;16.5;18.8;17.5;16.3;-0.2;0.1;0.17;3.6;1.9;0;363;117;78;43;97478;2.42;2.96;0.33;0.34
2008;8;6;219;24.3;20.5;15.5;17.7;15.5;14.3;-0.4;0;0.17;3.6;1.9;0;490;174;81;55;97688;3.26;0.2;0.33;0.34
2008;8;7;220;26.8;22;17.2;17.2;15;13.6;-0.6;1.1;0.17;3.5;1.9;0;571;192;92;64;97290;3.86;0;0.33;0.34
2008;8;8;221;25;20.2;17;18.7;16.5;14;0.4;-0.1;0.17;3.5;1.9;0;564;157;77;51;96865;3.13;24.46;0.33;0.34
2008;8;9;222;22.9;19.3;15.9;15.7;12.3;10.7;1;-1.6;0.17;3.5;1.9;0;584;211;99;73;97242;4.4;0.18;0.34;0.34
2008;8;10;223;23.5;18.9;13.8;14.1;12.6;11;0.1;1.3;0.17;3.5;1.9;0;523;185;95;69;97356;3.49;0.04;0.34;0.34
2008;8;11;224;25.6;20;13.6;16;14;11.5;-0.4;1.5;0.17;3.5;1.9;0;679;234;110;83;97046;4.25;0;0.34;0.34
2008;8;12;225;27.7;21.9;15.4;16.5;14.8;11.8;1.4;2.5;0.17;3.5;1.9;0;604;210;92;73;96652;4.36;0;0.33;0.34
2008;8;13;226;25.8;21.4;16.6;17.8;16.3;14.6;-0.5;-0.6;0.17;3.5;1.9;0;490;175;74;61;97192;3.54;0.69;0.33;0.34
2008;8;14;227;26;21.6;16.5;18.6;16.5;14.8;-0.6;-0.5;0.17;3.5;1.9;0;510;172;79;53;97471;3.27;0;0.33;0.34
2008;8;15;228;28.8;21.6;16.1;20.3;17.7;13.2;0.4;-0.2;0.17;3.5;1.9;0;609;172;78;51;96578;3.74;41.37;0.32;0.34
2008;8;16;229;16.9;15;11.9;13.1;10.2;7.7;1.4;-1.3;0.17;3.5;1.9;0;216;74;87;41;96839;2.57;11.06;0.36;0.34
2008;8;17;230;20.7;16;9.8;14.4;10.9;7.8;0.2;0.4;0.17;3.5;1.9;0;495;160;84;65;97278;2.69;0.05;0.36;0.34
2008;8;18;231;23.3;18;10.6;15;13;10;0.2;0.7;0.16;3.4;1.9;0;530;189;96;74;97668;3.24;0.19;0.36;0.34
2008;8;19;232;26.3;19.8;12.2;16.2;13.6;11.2;0;1.4;0.16;3.4;1.9;0;673;226;120;86;97515;4.07;0;0.35;0.34
2008;8;20;233;24.3;19.6;13.8;16.2;14.6;12;0;-0.7;0.16;3.4;1.9;0;522;152;83;51;97491;2.93;0.82;0.35;0.34
2008;8;21;234;23.7;19.7;16.2;17.2;15.3;14.5;0.1;-0.4;0.16;3.4;1.9;0;554;141;84;49;97922;2.64;0.09;0.35;0.34
2008;8;22;235;26.1;20.5;13.6;18.3;16;13.1;0.2;0.8;0.16;3.4;1.9;0;584;185;94;67;97420;3.32;0.12;0.34;0.34
2008;8;23;236;22.1;18.6;15.5;15.1;12.8;11.3;0.3;-1;0.16;3.3;1.9;0;478;123;83;49;97099;2.59;0.72;0.34;0.34
2008;8;24;237;21;16.7;13.6;11.6;10.3;7.7;0.8;-0.1;0.16;3.3;1.9;0;583;148;100;61;97351;3.22;2.59;0.34;0.34
2008;8;25;238;21.2;16.8;10.9;13.5;11.5;9.7;0.2;0.4;0.16;3.3;1.9;0;506;161;91;66;97785;2.63;0;0.34;0.34
2008;8;26;239;23.8;18.4;11.7;15.9;12.6;10.9;0.5;-0.5;0.16;3.3;1.9;0;575;178;99;68;98159;2.99;0;0.34;0.34
2008;8;27;240;23.1;18.8;12.9;16.8;14.3;11.8;0.2;-0.6;0.16;3.2;1.9;0;455;153;84;59;98093;2.54;0.46;0.33;0.34
2008;8;28;241;25;19.5;13;16.5;14.6;12.4;0.9;-0.6;0.16;3.2;1.9;0;538;174;97;67;97767;2.95;0.01;0.33;0.34
2008;8;29;242;25.2;20;14.7;16.6;14.5;13;0.3;-0.6;0.16;3.2;1.9;0;535;170;90;65;97592;2.92;0.19;0.33;0.34
2008;8;30;243;21.1;18.2;14.3;15.3;13.2;10.4;-0.8;-0.8;0.16;3.2;1.9;0;431;126;71;45;97910;2.25;0.22;0.33;0.34
2008;8;31;244;21.7;17.9;14.1;13.4;10.8;8.4;-0.9;0.3;0.16;3.1;1.9;0;535;159;85;60;97939;2.72;0;0.32;0.34
2008;9;1;245;23.1;18.5;14.1;13.2;11.7;10;-0.4;0.9;0.16;3.1;1.9;0;566;174;92;67;97748;2.77;0;0.32;0.34
2008;9;2;246;24.2;19.2;13.4;15.4;14;11.7;0.1;0.8;0.16;3.1;1.9;0;519;160;97;62;97508;2.61;0.17;0.32;0.34
2008;9;3;247;26.7;20.5;13.9;17.4;15.2;13.4;0.9;1.5;0.16;3.1;1.9;0;613;190;111;76;97110;3.12;0.07;0.32;0.34
2008;9;4;248;27.1;21.6;16.2;17.6;15.1;13.8;1.3;2.3;0.16;3.1;1.9;0;532;173;104;78;97031;3.09;0.05;0.31;0.34
2008;9;5;249;26.9;21.9;16.9;17.3;15.3;14.3;1.3;2.4;0.16;3;1.9;0;570;180;97;76;97094;3.06;0;0.31;0.34
2008;9;6;250;28.9;23;16.9;17.9;16.3;14.8;1.6;2.5;0.16;3;1.9;0;583;189;107;79;96983;3.23;0;0.31;0.34
2008;9;7;251;28.3;22.8;16.7;18.8;16.5;15.3;0.8;1.2;0.16;3;1.9;0;485;162;96;70;97021;2.77;0.07;0.31;0.34
2008;9;8;252;21.7;18.7;15.8;14.9;13.1;11.4;0.1;-0.8;0.16;3;1.9;0;502;128;89;53;97664;2.63;10.33;0.31;0.34
2008;9;9;253;22.7;17.9;12.6;14.8;13;11.4;0.1;0.4;0.15;2.9;1.9;0;409;131;102;65;98003;2.05;0.03;0.31;0.34
2008;9;10;254;25.6;19.3;12.1;17.8;14.5;11.2;0.5;0.4;0.15;2.9;1.9;0;510;160;101;64;97781;2.37;0.22;0.31;0.34
2008;9;11;255;26.5;20.8;15;17.9;15.8;14;0;-0.1;0.15;2.9;1.9;0;585;172;109;67;97287;2.6;0;0.31;0.34
2008;9;12;256;23.6;18.9;16;18.4;16.3;14;-0.4;-1;0.15;2.9;1.9;0;377;104;63;35;96916;2.03;24.6;0.31;0.34
2008;9;13;257;15.8;13.6;10.6;13.6;8.5;3.7;-0.6;-1.6;0.15;2.9;1.9;0;282;64;50;32;97371;2.3;7.7;0.33;0.34
2008;9;14;258;11.5;10;8.8;7.9;6.9;5.7;-0.9;-1.3;0.15;2.8;1.9;0;248;49;38;24;97695;1.63;4.48;0.33;0.34
2008;9;15;259;10.3;8.9;7.7;7.2;5.2;3.9;0.6;-2.2;0.15;2.8;1.9;0;205;51;36;24;97330;1.94;6.68;0.34;0.34
2008;9;16;260;10.4;8.9;7.8;4.6;3.4;1.5;1;-2.7;0.15;2.8;1.9;0;243;71;46;36;97345;1.69;1.34;0.34;0.34
2008;9;17;261;13.4;9.7;6.9;4.1;1.8;0.9;0.1;-1.7;0.15;2.7;1.9;0;401;121;100;71;97895;1.94;0;0.34;0.34
2008;9;18;262;13.5;9.2;4.1;5.1;3.3;1.9;0;-0.2;0.15;2.7;1.9;0;466;130;99;71;98210;1.71;0;0.34;0.34
2008;9;19;263;14.1;9.7;4.4;5.7;4;3.1;-0.1;-1.2;0.15;2.6;1.9;0;342;117;90;66;98094;1.65;0.19;0.34;0.34
2008;9;20;264;12.6;10.1;7.3;3.9;3.3;2.6;0.6;-3.1;0.15;2.6;1.9;0;297;80;72;42;98161;1.49;0.05;0.33;0.34
2008;9;21;265;13.6;10.4;8.3;7.5;5.1;3.4;-0.2;-1.4;0.15;2.6;1.9;0;337;89;74;44;97781;1.45;2.07;0.33;0.34
2008;9;22;266;13.2;10.2;8.6;9.1;8;7;-0.2;-0.3;0.15;2.5;1.9;0;369;88;78;38;97489;1.38;5.22;0.34;0.34
2008;9;23;267;13.8;10.2;6.7;8;6.3;5;0.8;-0.6;0.15;2.5;1.9;0;354;91;66;51;97507;1.4;0.34;0.34;0.34
2008;9;24;268;15.1;10.2;3.9;8.5;6.1;2.9;0.3;-0.7;0.15;2.4;1.9;0;430;127;94;65;97747;1.62;1.93;0.34;0.34
2008;9;25;269;13.5;10.4;8;9;7.9;6.7;-0.1;-2.1;0.15;2.4;1.9;0;332;86;58;37;98023;1.86;7.2;0.34;0.34
2008;9;26;270;12.9;10.6;8.4;7.5;5.5;4.3;-0.6;-3.4;0.15;2.4;1.9;0;267;71;68;38;98573;1.59;0.41;0.34;0.34
2008;9;27;271;14.6;11.4;8.8;6.9;5.6;4.4;-0.6;-1.9;0.15;2.3;1.9;0;423;108;82;57;98692;1.67;0.29;0.34;0.34
2008;9;28;272;14.2;10.2;5.7;8.1;5.8;4.5;0.6;-0.4;0.15;2.3;1.9;0;344;90;80;55;98365;1.18;0.26;0.34;0.34
2008;9;29;273;16.3;9.6;3.6;6.6;4.8;2.6;0.7;1;0.15;2.2;1.9;0;546;154;128;86;97776;1.77;0;0.34;0.34
2008;9;30;274;17.6;11.4;4.5;8.3;6.3;3.6;0.8;1.1;0.15;2.2;1.9;0;475;133;110;74;97303;1.61;0;0.34;0.34
2008;10;1;275;18.4;13.2;8.7;10;8.6;7.1;1.3;1.6;0.15;2.2;1.9;0;381;95;89;62;96916;1.28;0.03;0.33;0.34
2008;10;2;276;18.7;13.3;7.3;11.4;9.4;6.8;0.8;1.4;0.14;2.1;1.9;0;379;98;79;58;96787;1.23;0.15;0.33;0.34
2008;10;3;277;11.7;10.3;7.2;9.3;8.1;5.3;-0.4;-1.3;0.14;2.1;1.9;0;128;30;47;18;96804;1.31;8.86;0.34;0.34
2008;10;4;278;13.2;8.9;6.1;5.4;2.6;0;1.3;-1.9;0.14;2;1.9;0;379;101;105;62;97229;1.91;6.3;0.34;0.34
2008;10;5;279;14.6;8.7;3.4;4;1.7;0.2;1.5;0.6;0.14;2;1.9;0;528;149;134;94;97566;1.62;0;0.34;0.34
2008;10;6;280;19.4;11.3;4.3;9.8;6.2;2.1;1.2;0.4;0.14;2;1.9;0;509;130;110;71;97581;1.48;0.02;0.34;0.34
2008;10;7;281;18.7;12.5;7.1;11.4;9.4;6.3;0.1;0;0.14;1.9;1.9;0;419;110;102;57;97781;1.34;0.89;0.34;0.34
2008;10;8;282;17.3;12.1;7;11.4;9.7;7;-0.1;-0.6;0.14;1.9;1.9;0;395;94;86;52;97769;0.98;0.07;0.34;0.34
2008;10;9;283;18.3;13;7.9;12.7;10.8;7.8;0.3;-0.6;0.14;1.8;1.9;0;385;98;74;48;98546;1.01;2.19;0.34;0.34
2008;10;10;284;18;12.8;7.6;12.4;10.5;7.5;0.3;-0.5;0.14;1.8;1.9;0;414;107;94;59;99217;1.24;0.63;0.34;0.34
2008;10;11;285;18.2;12.1;6.9;11.8;9.7;6.9;0.5;0.5;0.14;1.8;1.9;0;467;116;112;64;99166;1.18;0;0.34;0.34
2008;10;12;286;19.4;12.4;5.8;13.1;9.8;5.7;0.6;0.1;0.14;1.7;1.9;0;475;124;116;73;98771;1.13;0;0.34;0.34
2008;10;13;287;19.8;12.1;5.7;12.8;9.4;5.5;0.5;0.5;0.14;1.7;1.9;0;478;122;121;73;98361;1.17;0;0.34;0.34
2008;10;14;288;20.5;13;5.9;12.4;9.3;5.6;0.6;0.3;0.14;1.6;1.9;0;424;110;100;59;98005;1.21;0;0.34;0.34
2008;10;15;289;20.6;13.9;8.2;13;10.8;8.1;0.5;0.1;0.14;1.6;1.9;0;437;109;104;61;97856;1.12;0;0.34;0.34
2008;10;16;290;20.5;14.1;8.2;11.6;10.4;7.8;1.5;1.1;0.14;1.6;1.9;0;463;108;114;62;97196;1.22;0.63;0.33;0.34
2008;10;17;291;12.1;9.2;4.2;10.7;6.4;3.3;0;0.6;0.14;1.6;1.9;0;217;60;97;54;97663;1.18;5.96;0.34;0.34
2008;10;18;292;12.4;6.8;2.1;5.1;3;1.4;0.1;1;0.14;1.6;1.9;0;460;116;121;81;98220;1;0;0.34;0.34
2008;10;19;293;15;8.5;2.6;7.2;4.6;1.8;0.2;0.1;0.14;1.5;1.9;0;432;113;114;76;98333;0.98;0;0.34;0.34
2008;10;20;294;16.7;9.2;2.7;9.5;6.1;2.1;0.4;0.4;0.13;1.5;1.9;0;450;119;123;81;98207;0.97;0;0.34;0.34
2008;10;21;295;16;8.7;2.9;10.3;6.7;2.6;0.5;0.2;0.13;1.5;1.9;0;409;99;106;68;97702;0.75;0;0.33;0.34
2008;10;22;296;17.3;9.8;3;11.3;7.7;3;0.3;-0.2;0.13;1.5;1.9;0;381;94;87;56;97654;0.71;0;0.33;0.34
2008;10;23;297;11.2;9;5.7;8;5;2.7;-0.5;-1.2;0.13;1.5;1.9;0;151;37;66;40;98532;0.46;0;0.33;0.34
2008;10;24;298;11.2;7.6;4.8;5.4;4.1;2.6;-0.4;0.3;0.13;1.5;1.9;0;348;89;97;63;98620;0.63;0;0.33;0.34
2008;10;25;299;10.1;7.3;3.6;6.9;5.6;3.6;-0.1;-0.1;0.13;1.5;1.9;0;174;42;44;24;98998;0.3;0.1;0.33;0.34
2008;10;26;300;11.7;8.5;4.8;6.4;5.7;4;-0.2;1;0.13;1.4;1.9;0;254;66;83;44;98584;0.54;0.03;0.33;0.34
2008;10;27;301;15.6;8.7;3.2;8.8;6.2;3.1;0.5;1.1;0.13;1.4;1.9;0;387;94;103;63;97306;0.65;0;0.33;0.34
2008;10;28;302;17.6;12.5;7.8;11.2;9.6;7.2;0;1.9;0.13;1.4;1.9;0;330;70;70;39;96818;0.67;0.15;0.33;0.34
2008;10;29;303;19.2;14.8;10.5;13.2;11.2;8.6;-0.6;3;0.13;1.4;1.9;0;275;64;80;43;96314;1.05;1.83;0.33;0.34
2008;10;30;304;15.6;13.1;8.2;12.9;7.1;3.3;0.7;4;0.13;1.4;1.9;0;354;88;104;76;95938;1.48;1.38;0.33;0.34
2008;10;31;305;15.6;11.7;7.9;8.9;6.9;4;-0.1;2.8;0.13;1.4;1.9;0;322;69;83;59;97045;0.71;0.02;0.33;0.34
2008;11;1;306;15.3;11.9;8.2;11.3;9.3;7.3;0.1;0.9;0.12;1.4;1.9;0;233;56;80;48;97043;0.57;1.06;0.33;0.34
2008;11;2;307;15.8;10.4;4.9;11.3;8.7;4.5;-0.3;0;0.12;1.4;1.9;0;325;83;92;62;97618;0.52;0.04;0.33;0.34
2008;11;3;308;17.5;11.3;7.1;11.1;9.3;7;0.2;1.4;0.12;1.3;1.9;0;383;86;101;63;97748;0.67;0.1;0.33;0.33
2008;11;4;309;17;11.5;6.6;11.9;9.4;6.5;0.3;0.2;0.12;1.3;1.9;0;368;80;96;48;97925;0.64;1.58;0.33;0.33
2008;11;5;310;17.6;12;8.1;12.5;10.3;8;-0.1;0.8;0.12;1.3;1.9;0;287;61;89;45;97709;0.54;0.5;0.33;0.33
2008;11;6;311;15.2;11.8;7.8;12.3;10;7.6;0.2;-0.4;0.12;1.3;1.9;0;219;50;55;31;97619;0.45;4.56;0.33;0.33
2008;11;7;312;14.8;12.3;10.7;12.5;11.3;10.4;-0.5;-0.3;0.12;1.3;1.9;0;206;31;36;15;97573;0.5;18.4;0.34;0.33
2008;11;8;313;11.2;10;8.6;10.6;9.3;8.2;-0.4;-0.4;0.12;1.3;1.9;0;39;9;36;12;98070;0.3;5.66;0.36;0.33
2008;11;9;314;15.3;10.4;7.3;8.2;7.4;6.2;0.1;1.1;0.12;1.3;1.9;0;295;68;97;53;98614;0.68;0;0.36;0.33
2008;11;10;315;12.2;8;3.9;7.8;6.3;3.7;-0.2;0.9;0.12;1.2;1.9;0;291;68;86;57;98689;0.39;0;0.35;0.33
2008;11;11;316;11.3;8;3.4;7;6.2;3.1;0.2;1.2;0.12;1.2;1.9;0;172;38;65;34;98019;0.39;0.23;0.35;0.33
2008;11;12;317;10.6;6.7;2.9;6.4;4.7;2.6;-0.3;-0.4;0.12;1.2;1.9;0;271;55;75;33;97794;0.41;2.51;0.35;0.33
2008;11;13;318;7.6;7.1;6.6;6.9;6.4;6.1;-0.8;-1.5;0.11;1.2;1.9;0;46;9;10;7;98049;0.56;11.1;0.36;0.34
2008;11;14;319;8.7;7.6;6.5;6.7;6.1;5.1;-0.1;-0.9;0.11;1.2;1.9;0;52;13;52;19;98522;0.28;1.31;0.37;0.34
2008;11;15;320;10.6;6.5;2.1;6.4;4.6;1.7;0.6;0.5;0.11;1.2;1.9;0;248;59;100;52;98674;0.42;0;0.37;0.34
2008;11;16;321;11.2;4.9;-0.4;5.4;2.4;-1;0.7;0.1;0.11;1.2;1.9;0;346;79;111;68;98341;0.47;0.65;0.37;0.34
2008;11;17;322;8.6;4.7;0.2;3.4;0.2;-2.6;0.2;-1.2;0.11;1.2;1.9;0;291;71;110;69;98414;0.69;0.44;0.37;0.34
2008;11;18;323;4.5;1;-2.1;-0.6;-1.8;-3.3;0.1;1;0.11;1.2;1.9;0;321;71;120;72;97869;0.33;0.02;0.36;0.34
2008;11;19;324;7;1.2;-2.9;-0.2;-2.1;-4.3;1;0.6;0.11;1.2;1.9;0;308;67;95;65;97544;0.34;0;0.36;0.34
2008;11;20;325;10.7;4.3;-0.5;3.4;0.9;-1.8;1.6;0.7;0.11;1.2;1.9;0;320;68;95;64;97037;0.36;0;0.36;0.34
2008;11;21;326;7.3;3.9;1.5;5;1.9;-3.6;1.5;-0.1;0.11;1.2;1.9;0;95;24;88;45;95818;0.37;3.15;0.36;0.34
2008;11;22;327;2.7;0.4;-1.1;-4.7;-8.6;-10.3;2.5;-1.3;0.11;1.2;1.9;0.02;232;54;102;83;95657;0.58;0.08;0.36;0.34
2008;11;23;328;3.9;0.2;-1.8;-7.4;-9.7;-11.1;1.8;0.2;0.11;1.2;1.9;0.08;324;69;127;92;96224;0.54;0;0.36;0.34
2008;11;24;329;4.8;1.9;-0.3;1;-3.3;-10.3;0;1.6;0.11;1.2;1.9;0.35;216;37;71;39;95671;0.33;3.32;0.36;0.34
2008;11;25;330;4.6;0.5;-2.7;0.4;-2;-5;0.4;-0.6;0.12;1.2;1.9;0.99;201;42;81;52;96624;0.28;0.06;0.36;0.34
2008;11;26;331;4.3;-0.1;-2.8;-3.6;-5.1;-6.7;0.4;0.1;0.12;1.2;1.9;0.89;303;59;108;70;98097;0.25;0;0.36;0.34
2008;11;27;332;4.8;-0.3;-3;-2.7;-4.6;-5.9;0.4;1.1;0.12;1.2;1.9;0.82;278;54;98;66;98291;0.15;0;0.36;0.34
2008;11;28;333;2.2;-1.2;-3.4;-3;-4.3;-5.9;-0.6;0;0.13;1.2;1.9;1.24;308;62;106;57;97326;0.05;4.41;0.36;0.34
2008;11;29;334;3.3;0.3;-1.6;0.5;-1.4;-2.9;0.1;0.7;0.22;1.2;1.9;7.46;198;41;73;32;96151;0.16;3.95;0.36;0.34
2008;11;30;335;6.2;2.8;-0.4;5.1;2.1;-1;0.3;1.6;0.21;1.2;1.9;6.47;99;20;54;26;96457;-0.13;4.41;0.37;0.34
2008;12;1;336;9;4.5;0.5;5.9;2.7;0.1;0;2.1;0.17;1.2;1.9;4.43;144;27;80;40;96211;0.27;2.09;0.37;0.34
2008;12;2;337;7.9;3.6;0.4;4.2;2;-0.2;0.4;0;0.15;1.2;1.9;2.6;178;36;59;31;96868;0.15;3.75;0.37;0.34
2008;12;3;338;6.1;3;-2.2;2.6;1.6;-2.8;0.2;0.3;0.13;1.2;1.9;1.94;126;24;86;36;96687;0.18;1.77;0.38;0.34
2008;12;4;339;4.5;0.8;-3;1;-1.3;-4.1;0.4;0.4;0.13;1.2;1.9;1.57;288;48;106;42;96366;0.25;0.79;0.38;0.34
2008;12;5;340;8.1;4.7;0.7;6.4;3.2;-1.3;0.7;2;0.12;1.2;1.9;1.2;189;30;73;31;95815;0.35;5.45;0.38;0.34
2008;12;6;341;6.2;2.1;-1;3.1;0.9;-2;1.2;-0.4;0.12;1.2;1.9;0.76;183;38;66;49;96670;0.33;1.24;0.38;0.34
2008;12;7;342;6.8;1.6;-1.3;0.9;-1.9;-3.6;1.5;-0.8;0.11;1.2;1.9;0.64;222;50;96;62;97694;0.38;0.03;0.38;0.34
2008;12;8;343;6.4;1.1;-2;-0.7;-3;-3.9;1.2;-0.1;0.11;1.2;1.9;0.53;204;48;102;62;98314;0.23;0;0.38;0.34
2008;12;9;344;5.1;-0.2;-3.4;-1.7;-3.3;-4.7;0.6;0.7;0.11;1.2;1.9;0.45;288;62;115;78;97788;0.13;0;0.38;0.34
2008;12;10;345;4.6;1.5;-1.4;1.7;-0.5;-3.5;-0.2;1.4;0.11;1.2;1.9;0.41;140;26;51;29;97290;0.18;1.06;0.38;0.34
2008;12;11;346;4.5;3.1;1.4;3.8;2.4;0.3;-0.6;-0.7;0.11;1.2;1.9;0.35;60;10;14;2;96896;0.05;13.87;0.38;0.34
2008;12;12;347;3.5;2.4;1.2;3;1.7;0.6;-0.5;-2.1;0.11;1.2;1.9;0.91;40;8;13;8;97170;0.4;16.16;0.4;0.34
2008;12;13;348;3.8;2.6;1.4;3;2.1;0.8;-0.4;-0.5;0.15;1.2;1.9;3.53;62;11;10;6;97186;0.19;6.12;0.41;0.34
2008;12;14;349;4.4;3.5;2.5;3.2;2.8;2.2;-1.2;0.9;0.14;1.2;1.9;2.62;63;13;13;8;97175;0.16;0.53;0.41;0.34
2008;12;15;350;4.3;3.5;2.9;3.3;3;2.6;-0.7;-0.5;0.13;1.2;1.9;1.83;59;12;10;6;97662;0.15;1.41;0.41;0.34
2008;12;16;351;6;4.2;1.6;4.6;3.6;1.5;-0.2;-0.1;0.12;1.2;1.9;1.28;120;27;36;12;97619;0.2;1.91;0.4;0.35
2008;12;17;352;5.5;4.7;4;4.8;4.4;3.9;-0.3;-0.6;0.11;1.2;1.9;0.85;46;9;10;5;96906;0.11;6.71;0.41;0.35
2008;12;18;353;4.7;2.6;1.4;3.6;0.3;-0.6;1.1;-2.3;0.16;1.2;1.9;4.39;49;8;21;12;97044;1.05;16.03;0.41;0.35
2008;12;19;354;4;2.3;1.1;2.5;0.7;-1.8;1.5;0.3;0.23;1.2;1.9;8.41;74;13;72;25;97583;0.18;4.36;0.41;0.35
2008;12;20;355;4.6;1.4;-2.3;0.3;-1.9;-5.4;1.5;0.5;0.21;1.1;1.9;7.54;135;25;79;41;98066;0.29;2.98;0.41;0.35
2008;12;21;356;7;2.4;-1.7;0.4;-1;-2.8;0.5;-0.2;0.2;1.1;1.9;6.76;232;47;109;49;98359;0.32;0.99;0.41;0.35
2008;12;22;357;9.3;3.9;-1.6;5.1;2;-2.2;1.1;0.5;0.18;1.1;1.9;5.58;211;42;69;32;98501;0.14;0.19;0.41;0.36
2008;12;23;358;8;3.7;1.2;0.8;-1;-2.2;1.3;-0.5;0.16;1.1;1.9;4.36;230;44;89;47;98542;0.33;0.08;0.41;0.36
2008;12;24;359;5.1;2.1;-0.2;2.1;0;-2;0.2;0.7;0.15;1.1;1.9;3.74;123;24;61;31;98538;0.09;0.17;0.41;0.36
2008;12;25;360;2.2;-0.7;-2.8;1.1;-3.1;-7.2;-0.6;-1.7;0.15;1.1;1.9;3.63;82;20;79;46;98533;0.37;1.39;0.4;0.36
2008;12;26;361;-0.1;-1.7;-2.6;-5.3;-6.2;-7.1;-0.7;-1.4;0.15;1.1;1.9;3.77;198;40;79;51;99336;0.16;0.04;0.4;0.36
2008;12;27;362;-0.3;-1.4;-2.1;-4.6;-5.2;-5.7;-1.5;-1.2;0.16;1.1;1.9;4.28;118;21;50;31;99159;0.07;1.16;0.4;0.36
2008;12;28;363;-1.8;-2.5;-3.7;-4.9;-6.5;-7.5;-1.3;-0.6;0.17;1.1;1.9;4.96;104;24;45;31;99163;0.09;0.19;0.4;0.36
2008;12;29;364;-2.5;-3.7;-4.6;-6.9;-7.5;-8;-0.5;0.3;0.17;1.1;1.9;4.95;166;34;63;40;99437;0.07;0.01;0.39;0.36
2008;12;30;365;-2.3;-4.5;-6.2;-6.7;-7.6;-8.3;-0.2;0.7;0.17;1.1;1.9;4.94;198;40;95;50;99702;0.06;0.02;0.39;0.36
2008;12;31;366;-0.2;-4.9;-7.6;-7.3;-8.2;-9.2;-0.3;0.9;0.17;1.1;1.9;4.83;261;57;109;75;98966;0.08;0;0.39;0.37
2009;1;1;1;-0.3;-4.2;-6.9;-7;-7.9;-9.1;-0.3;-0.1;0.17;1.1;1.9;4.65;238;48;85;55;98211;0.06;0;0.39;0.37
2009;1;2;2;-1.4;-3.3;-4.7;-5.3;-6.1;-7.1;-0.3;0.2;0.17;1.1;1.9;4.64;131;24;51;31;98250;0.04;0.32;0.39;0.37
2009;1;3;3;-1.3;-3.6;-6.4;-5.6;-8.5;-11.2;-0.3;0;0.17;1.1;1.9;4.78;217;47;88;61;98344;0.09;0.17;0.39;0.37
2009;1;4;4;0.2;-4.9;-9;-10.3;-11;-11.5;0.6;0.8;0.17;1;1.9;4.7;267;58;112;75;97669;0.09;0;0.39;0.37
2009;1;5;5;0.3;-4.1;-6.4;-7.9;-10;-12.2;-0.2;-0.1;0.17;1;1.9;4.49;229;47;103;61;97409;0.07;0.01;0.38;0.37
2009;1;6;6;-2.6;-4.1;-5.5;-6.2;-7;-7.9;-0.7;0;0.18;1;1.9;5.07;93;21;34;23;97868;0.06;1.08;0.38;0.37
2009;1;7;7;-1.3;-4.3;-6;-7.2;-7.7;-8.4;-0.4;0.5;0.18;1;1.9;5.39;235;47;92;58;97737;0.07;0.06;0.38;0.37
2009;1;8;8;-1.5;-4.7;-7.5;-8.5;-10.2;-11.3;0.1;-0.7;0.18;1;1.9;5.2;244;55;107;66;98743;0.1;0;0.38;0.37
2009;1;9;9;-1.4;-6.1;-10.2;-9.5;-11.1;-12;0.4;0.6;0.17;1;1.9;5.02;290;64;129;84;98951;0.08;0;0.38;0.37
2009;1;10;10;-1.7;-6.8;-10.9;-9.3;-11.3;-14;0.2;0.3;0.17;1;1.9;4.82;273;62;110;77;98976;0.08;0;0.38;0.37
2009;1;11;11;-1.1;-6.6;-10.6;-8.5;-10.7;-13;0;0.8;0.17;1;1.9;4.62;268;58;95;67;99344;0.08;0;0.38;0.37
2009;1;12;12;-2.7;-7.1;-10.1;-8.5;-9.9;-11.5;0;1;0.17;1;1.9;4.5;249;53;107;60;99151;0.06;0.01;0.38;0.37
2009;1;13;13;-1.1;-6;-9.4;-8.7;-10;-11.1;-0.4;0.5;0.16;1;1.9;4.38;279;62;90;52;98264;0.08;0.02;0.38;0.37
2009;1;14;14;-3.3;-4.7;-6.5;-4.1;-6.9;-9.8;-0.1;-0.1;0.27;1;1.9;9.63;58;9;27;1;97458;0.11;10.42;0.38;0.37
2009;1;15;15;2.2;-1.5;-4.3;-0.2;-2.6;-4.9;0.1;0.3;0.34;1;1.9;14.84;127;27;82;30;97826;0.01;1.22;0.38;0.37
2009;1;16;16;4.3;-1.8;-7.3;-0.7;-3.7;-8.1;0;0.1;0.32;1;1.9;13.49;227;47;94;39;98341;0.1;0.1;0.38;0.37
2009;1;17;17;3.1;-0.8;-3.5;-1.5;-2.6;-5.1;0;0.9;0.29;1;1.9;11.94;210;46;87;46;98220;0.11;0.06;0.38;0.37
2009;1;18;18;5.5;0.3;-5;1.2;-2.6;-6.9;1.2;1.2;0.26;1;1.9;10.36;256;56;95;49;97180;0.1;0.11;0.38;0.37
2009;1;19;19;7;1.3;-4.1;2;-0.8;-5.6;0.6;1.1;0.23;0.9;1.9;8.16;268;61;107;58;96707;-0.03;0.02;0.38;0.37
2009;1;20;20;10;5.2;0.9;5.7;3.3;0.2;0;2.4;0.18;0.9;1.9;5.22;185;41;50;30;96082;-0.12;0.35;0.38;0.37
2009;1;21;21;5.3;2.6;0.1;4.3;1.8;-0.6;-0.2;-0.4;0.15;0.9;1.9;3.08;76;15;40;7;96339;0;14.61;0.38;0.37
2009;1;22;22;6.3;1.8;-0.7;2;0.2;-1;0.2;0.8;0.14;0.9;1.9;2.59;318;64;98;43;96546;0.24;2.66;0.4;0.37
2009;1;23;23;5.8;1.7;-0.6;1.7;0.2;-0.9;0;1.7;0.13;0.9;1.9;2.44;226;45;67;25;95276;0.09;6.04;0.4;0.37
2009;1;24;24;6.4;1.5;-1.8;1.7;-0.1;-2.7;0;0;0.18;0.9;1.9;5.01;315;67;107;49;94959;0.25;0.35;0.4;0.37
2009;1;25;25;5.8;1.5;-1.7;0.7;-1.7;-3;0;-1.2;0.16;0.9;1.9;4.12;246;54;83;45;95892;0.34;0.21;0.4;0.37
2009;1;26;26;5.7;2.2;0;0.7;-1;-3;-0.2;0.5;0.15;0.9;1.9;3.47;183;36;48;29;96257;0.06;0.45;0.4;0.37
2009;1;27;27;1.8;1;-0.5;1.3;0.3;-1.2;-0.2;-2.3;0.21;0.9;1.9;7.8;42;10;24;9;96542;0;29.33;0.4;0.37
2009;1;28;28;2.2;1.2;0.5;-0.4;-1.5;-2.5;0.9;-2.6;0.35;0.9;1.9;28.64;88;17;24;17;96833;0.37;16.45;0.41;0.38
2009;1;29;29;2.6;1.1;0;-2.8;-3.4;-4;0.3;-2.7;0.35;0.9;1.9;36.43;114;25;38;21;97343;0.57;4.18;0.41;0.38
2009;1;30;30;2.3;-0.4;-2.2;-3.4;-4.7;-6.5;-0.6;-0.8;0.35;0.9;1.9;37.17;142;39;91;42;97879;0.25;0.05;0.4;0.38
2009;1;31;31;1.2;-1.7;-4.1;-4.8;-6.2;-7.7;-0.3;-0.8;0.34;0.9;1.9;36.86;161;38;90;41;97550;0.3;0.51;0.4;0.38
2009;2;1;32;1.2;-1.2;-5.2;-2.1;-3.8;-6.4;-1.3;0.7;0.34;0.9;1.9;37.65;152;30;41;14;97193;0.28;2.86;0.4;0.38
2009;2;2;33;1.2;-0.1;-1.3;-0.4;-1.2;-2.1;-0.7;-0.5;0.34;0.9;1.9;41.68;77;20;21;10;97263;0.07;8.72;0.4;0.38
2009;2;3;34;2.9;0.9;-0.1;0.4;-0.1;-0.6;-0.2;-0.4;0.35;0.9;1.9;50.25;95;21;23;6;96492;0;7.12;0.4;0.38
2009;2;4;35;4.3;1.8;-2.6;2.2;0.7;-2.9;0.1;0;0.34;0.9;1.9;47.1;157;36;70;26;95892;-0.14;3.35;0.41;0.38
2009;2;5;36;8.6;2.1;-2.8;3.9;0.5;-3.2;1.1;1.1;0.34;0.9;1.9;40.61;294;61;103;53;96173;-0.36;0.01;0.41;0.38
2009;2;6;37;10.6;3.7;-1.3;4.8;1.8;-1.8;0.8;1.8;0.34;0.8;1.9;31.05;285;66;100;57;95866;-0.44;0;0.42;0.38
2009;2;7;38;9.8;5.8;1.8;6.6;4.4;1.2;-0.5;1.9;0.31;0.8;1.9;20.59;211;45;54;21;95189;-0.51;3.33;0.42;0.38
2009;2;8;39;4.9;3.3;1.9;4.4;1.8;-1.8;1.4;-1.3;0.25;0.8;1.9;12.77;43;10;25;8;95338;0.21;24.06;0.43;0.39
2009;2;9;40;5.3;1.6;-1.2;-2.7;-5.9;-6.9;0.6;-0.7;0.23;0.8;1.9;11.1;373;91;127;72;96800;0.76;0.2;0.42;0.4
2009;2;10;41;9.1;2.9;-1.6;2.7;-0.9;-6.3;0.9;1.7;0.21;0.8;1.9;9.16;271;56;68;38;96092;0.08;0.44;0.42;0.4
2009;2;11;42;6.1;1.2;-2.3;0.1;-4.5;-7.5;1.1;-1.7;0.18;0.8;1.9;7.07;324;80;105;62;96304;0.57;0.2;0.42;0.4
2009;2;12;43;4.7;0.3;-2.8;-5.8;-7.4;-9.1;0.7;-2;0.17;0.8;1.9;6.36;301;76;95;70;96800;0.35;0.06;0.41;0.4
2009;2;13;44;2;-0.8;-2.4;-9.5;-10.5;-12.6;1.5;-2.8;0.17;0.8;1.9;6.04;341;80;95;69;97057;0.45;0.01;0.41;0.41
2009;2;14;45;3.2;-0.2;-2.8;-7.3;-9.2;-11.3;0.9;-2.6;0.17;0.8;1.9;5.73;351;82;93;70;97314;0.43;0.01;0.4;0.41
2009;2;15;46;1.9;-1.2;-3.2;-9.2;-10.8;-12.7;1;-2.6;0.16;0.8;1.9;5.43;347;90;119;84;98084;0.39;0;0.4;0.41
2009;2;16;47;4.3;-0.1;-3.8;-5.1;-8.1;-9.9;0.9;0.8;0.16;0.8;1.9;5.15;283;77;91;55;97788;0.19;0;0.4;0.41
2009;2;17;48;4.7;-0.2;-4.4;0.2;-5.6;-12.8;0.7;-1.2;0.16;0.8;1.9;5.32;223;52;105;42;97060;0.43;2.81;0.4;0.41
2009;2;18;49;1.2;-2.5;-5.3;-9.9;-11.8;-14;0.6;-3.9;0.18;0.8;1.9;5.92;399;99;102;83;97767;0.4;0.02;0.39;0.41
2009;2;19;50;1;-2.2;-4.3;-9;-11.1;-12;0.3;-2.3;0.17;0.8;1.9;5.66;340;95;115;83;98055;0.25;0.01;0.39;0.41
2009;2;20;51;4.3;-0.6;-4.9;-5.1;-9.2;-13.4;0.8;0.4;0.17;0.8;1.9;5.34;392;91;105;57;98267;0.18;0.21;0.39;0.41
2009;2;21;52;4.8;0;-2.9;-0.7;-3.4;-6;-0.4;-0.1;0.17;0.9;1.9;5.17;331;75;84;42;98335;0.13;2.07;0.39;0.41
2009;2;22;53;1.6;-1.1;-3;-2.5;-3.8;-5.2;-0.5;1.2;0.22;0.9;1.9;7.73;213;43;40;22;98000;0.24;2.84;0.39;0.41
2009;2;23;54;7.2;1.7;-3.5;-0.6;-2.7;-5.2;0.9;0.1;0.22;0.9;1.9;7.6;366;84;99;45;97123;0.32;0.28;0.39;0.41
2009;2;24;55;5.7;0.9;-2.2;-0.3;-2.1;-3.3;-0.4;-1.2;0.21;0.9;1.9;6.68;351;77;97;44;97634;0.57;2.59;0.39;0.41
2009;2;25;56;5.4;1.2;-2.5;-2.2;-3.4;-4.5;0;0.1;0.19;0.9;1.9;5.69;298;78;98;57;98572;0.43;0.14;0.39;0.41
2009;2;26;57;9.1;2.5;-2.8;-1.1;-3.1;-5.3;0.8;0.7;0.18;0.9;1.9;4.36;397;93;101;55;97907;0.33;0.02;0.39;0.41
2009;2;27;58;9.4;3.3;-1;0.4;-1.6;-3.6;1.4;-0.4;0.16;0.9;1.9;3.16;398;92;94;50;97372;0.51;0.27;0.39;0.41
2009;2;28;59;12;5;0.3;3.4;0.8;-1.3;-0.1;0;0.14;0.9;1.9;2.05;340;87;101;47;97566;0.37;0;0.38;0.41
2009;3;1;60;12.7;5;-1.6;4.9;1.9;-2;-0.2;-0.5;0.13;0.9;1.9;1.13;488;129;110;69;97263;0.56;0;0.38;0.41
2009;3;2;61;9;4.8;1;5;3.1;0.5;-0.3;-0.3;0.12;0.9;1.9;0.6;287;72;51;30;97332;0.31;1.97;0.38;0.41
2009;3;3;62;9.6;6;2.8;5.2;4.2;2.4;-0.3;0.8;0.12;0.9;1.9;0.35;264;62;45;21;97417;0.48;0.92;0.38;0.41
2009;3;4;63;10.6;7;3.7;6.4;4.6;3.4;-0.7;2.5;0.12;1;1.9;0.17;303;70;45;24;96261;0.56;2.99;0.38;0.41
2009;3;5;64;7;6.1;5.3;6.2;5.6;4.7;-1.7;-0.4;0.12;1;1.9;0.02;67;21;27;12;94552;0.35;10.94;0.39;0.41
2009;3;6;65;6.8;4.7;0.7;5.7;3.5;-1.2;0.5;-1;0.12;1;1.9;0;141;35;59;24;95022;0.51;10.11;0.4;0.4
2009;3;7;66;8.7;5.3;0.7;-0.3;-2.1;-4;2.2;-3.3;0.12;1;1.9;0;247;80;88;51;96003;0.89;0.26;0.4;0.4
2009;3;8;67;11.5;6.4;1;0.1;-3.1;-4.3;1.1;-0.7;0.12;1;1.9;0;559;152;140;86;96738;1.05;0;0.39;0.4
2009;3;9;68;7.5;3.8;0.1;2.5;-2.7;-6.3;1.9;-1.1;0.12;1;1.9;0;238;57;89;52;96633;0.72;0.96;0.39;0.4
2009;3;10;69;10.2;4.4;-1.8;-0.8;-4.7;-6.6;1.4;0.8;0.12;1;1.9;0;479;140;118;79;97237;0.97;0.07;0.39;0.4
2009;3;11;70;9.7;4.8;1.1;0;-2.6;-4.8;1.6;-1.5;0.12;1;1.9;0;481;127;104;72;97140;1.04;0.81;0.39;0.4
2009;3;12;71;9.7;4.5;-0.6;-1.3;-3.8;-6;1.6;-0.9;0.12;1;1.9;0;466;134;99;67;97878;0.98;0.89;0.39;0.4
2009;3;13;72;10.8;5.4;0.1;2.4;-0.6;-2.8;1.8;-1.2;0.13;1;1.9;0;479;129;125;69;97482;1.13;0.87;0.38;0.4
2009;3;14;73;12.3;6;1;1.6;0.1;-1.6;-0.6;0.2;0.13;1.1;1.9;0;532;133;113;70;97907;0.92;0.01;0.38;0.4
2009;3;15;74;13.8;6.6;0.7;4.6;1.9;-0.1;0.7;-0.8;0.13;1.1;1.9;0;488;128;112;68;97994;1.09;2.22;0.38;0.4
2009;3;16;75;12.3;6.2;0.4;2.3;0.4;-1.1;0.4;-1.5;0.13;1.1;1.9;0;427;112;90;62;98621;0.93;0.33;0.38;0.4
2009;3;17;76;10.5;5.9;1.4;3.4;1;-1.3;0.5;0.1;0.13;1.1;1.9;0;386;92;77;51;98618;0.68;0.17;0.38;0.4
2009;3;18;77;9.5;6;2.7;0;-5.2;-8.5;1.6;-3.5;0.13;1.1;1.9;0;577;168;132;87;98226;1.4;0.4;0.37;0.4
2009;3;19;78;4.7;1.5;-2.4;2.5;-0.4;-5.2;-0.3;0;0.14;1.1;1.9;0.8;317;93;80;50;97862;1.2;7.32;0.38;0.4
2009;3;20;79;5.4;0.8;-3.4;-4.7;-6.5;-7.2;-0.9;-3.5;0.15;1.2;1.9;1.68;519;156;116;86;98209;1.29;0.43;0.38;0.4
2009;3;21;80;5.3;1.4;-1.9;-5.6;-6.7;-7.4;-1.1;-3.6;0.15;1.2;1.9;1.53;470;130;113;77;98230;0.98;0.05;0.37;0.4
2009;3;22;81;11.1;3.7;-3.7;-2.8;-5.3;-7.4;1.6;-1;0.15;1.2;1.9;1.15;582;180;134;94;97677;1.18;0;0.37;0.4
2009;3;23;82;12.5;6.6;0.8;0.4;-2.1;-4.4;2.3;0.6;0.14;1.2;1.9;0.69;445;124;102;68;96829;1.1;0.04;0.37;0.4
2009;3;24;83;7.4;3.8;-0.4;0.3;-4.3;-8.1;1.6;-0.8;0.14;1.2;1.9;0.48;242;74;92;60;95925;0.86;1.15;0.37;0.4
2009;3;25;84;7;2.5;-1.6;-4.9;-7;-9.5;0.3;0.3;0.14;1.2;1.9;0.43;416;130;101;73;96536;1.01;0.16;0.37;0.4
2009;3;26;85;9.9;3.7;-1.3;0.9;-1.3;-5.2;0.3;0.5;0.14;1.3;1.9;0.4;564;137;117;72;96683;1.14;2.02;0.37;0.4
2009;3;27;86;13;6.9;0.9;2.1;1.2;-0.3;1.5;1.6;0.14;1.3;1.9;0.25;476;137;100;64;96688;1.41;0.9;0.36;0.4
2009;3;28;87;15.2;9.6;3.7;5.4;3.5;2;2.1;3.3;0.14;1.3;1.9;0.08;475;138;90;56;96595;1.37;0.07;0.36;0.4
2009;3;29;88;9.6;8.3;5.9;8.4;6.8;4.3;-0.8;0;0.14;1.3;1.9;0;99;24;43;13;96518;0.66;23.47;0.37;0.4
2009;3;30;89;9.1;6.9;5.1;4.6;3.7;2.5;0.3;-0.9;0.14;1.3;1.9;0;213;55;53;24;97407;1.02;4.39;0.38;0.4
2009;3;31;90;9.8;7.2;4.2;5.5;3.5;2.2;-0.3;-0.9;0.14;1.4;1.9;0;271;61;49;22;98035;0.57;0.85;0.38;0.4
2009;4;1;91;13.6;9.8;6.4;9.2;7.6;5.2;0;-0.7;0.14;1.4;1.9;0;283;73;53;16;97771;0.72;0.79;0.38;0.4
2009;4;2;92;16.3;11.8;7.4;8.8;5.7;3.1;-1.1;-1.3;0.14;1.4;1.9;0;514;142;114;56;97913;1.65;0.28;0.38;0.4
2009;4;3;93;17.5;11.8;5.2;10.2;7;2.7;-0.4;-0.8;0.14;1.4;1.9;0;551;153;89;56;97910;1.46;0.22;0.38;0.4
2009;4;4;94;18.8;12.9;5.1;10.2;6.9;4.8;0;-0.7;0.14;1.4;1.9;0;525;167;111;70;97786;1.69;0.01;0.38;0.4
2009;4;5;95;20;12.9;4.6;8.9;6.2;3.5;-0.1;-0.9;0.14;1.4;1.9;0;591;188;122;84;97814;2.02;0.01;0.37;0.4
2009;4;6;96;20;13.6;5.2;8.7;5.9;3.8;0;-0.5;0.14;1.5;1.9;0;601;190;128;84;97556;2.04;0;0.37;0.4
2009;4;7;97;20.8;13.7;4.9;8.3;5.7;3.9;0.4;0.9;0.14;1.5;1.9;0;632;201;133;88;97257;2.25;0.03;0.37;0.4
2009;4;8;98;21.3;14.2;5.4;8.1;6.1;3.7;0.8;0.9;0.14;1.5;1.9;0;648;206;135;93;97375;2.3;0.04;0.36;0.4
2009;4;9;99;20.7;14.4;6.1;9.2;7.1;4.5;-0.2;-0.1;0.15;1.5;1.9;0;631;204;129;85;97601;2.18;0.02;0.36;0.4
2009;4;10;100;21.5;14.4;5.8;8.8;4.9;1.6;0.7;1.5;0.15;1.5;1.9;0;683;220;147;102;97256;2.56;0;0.36;0.4
2009;4;11;101;21.3;14.4;6.2;7.8;4.7;3;1.2;1.7;0.15;1.6;1.9;0;682;229;146;105;97069;2.59;0;0.35;0.4
2009;4;12;102;21.4;14.7;6.3;7.8;4.7;2.6;0.6;1.3;0.15;1.6;1.9;0;690;226;150;104;96940;2.58;0;0.35;0.4
2009;4;13;103;18.8;13.2;7.1;8;6.1;4.3;-1.2;-1;0.15;1.6;1.9;0;682;214;126;92;96746;2.2;0.09;0.35;0.4
2009;4;14;104;18.9;12.9;6;8.8;6.7;3.9;0.2;-0.7;0.15;1.6;1.9;0;642;203;128;86;96783;2.13;0.44;0.34;0.4
2009;4;15;105;20.4;13.8;4.8;8.8;5.5;3.9;-0.1;1.1;0.15;1.6;1.9;0;674;220;140;96;97146;2.48;0;0.34;0.4
2009;4;16;106;20.8;14.7;8;7.9;5.8;4.7;1.2;2.5;0.15;1.7;1.9;0;642;199;122;90;97011;2.32;0.15;0.34;0.4
2009;4;17;107;17.3;13.1;9;7.6;3.7;0.9;1.7;2.3;0.15;1.7;1.9;0;660;211;128;95;96744;2.33;0.14;0.34;0.4
2009;4;18;108;18.1;12.5;5.8;7.9;5.4;4.2;0.6;1;0.15;1.7;1.9;0;633;217;132;94;97222;2.29;0.24;0.33;0.4
2009;4;19;109;17.7;12.7;6.5;10.2;7.8;4.7;-0.8;-1.1;0.15;1.8;1.9;0;468;147;86;58;97834;1.62;6.4;0.33;0.4
2009;4;20;110;18.6;14;10.4;12;10.2;8.6;-0.2;-0.9;0.15;1.8;1.9;0;572;173;104;58;97942;2.25;3.34;0.34;0.4
2009;4;21;111;18.9;13.9;9;9.9;6.1;1.7;-0.8;-2;0.15;1.8;1.9;0;572;180;113;77;97702;2.63;0.82;0.34;0.39
2009;4;22;112;19.5;14;8;7;4.2;1.7;-0.7;-1;0.16;1.8;1.9;0;715;239;143;103;97507;2.86;0;0.33;0.39
2009;4;23;113;11;9.5;7.3;7.7;5.1;2.7;-0.2;-1;0.16;1.9;1.9;0;274;70;54;41;97700;1.41;7.45;0.33;0.39
2009;4;24;114;16.1;10.9;6.1;6.7;4.7;3.2;0.3;-0.8;0.16;1.9;1.9;0;539;168;112;68;97966;2.21;0.7;0.33;0.39
2009;4;25;115;18;12.2;3.9;8;5.9;2.5;-0.2;1.1;0.16;1.9;1.9;0;592;173;117;75;97831;2.11;0;0.33;0.39
2009;4;26;116;19.1;13.8;7.8;7.7;6.3;4.3;-1.4;2.4;0.16;2;1.9;0;555;189;96;69;97708;2.48;0.41;0.33;0.39
2009;4;27;117;17;13.8;9.2;9.3;7.2;4.3;-1.5;2.1;0.16;2;1.9;0;404;135;80;46;97217;1.93;0.27;0.33;0.39
2009;4;28;118;16.5;13.3;10.2;10.1;8;4.9;-1.4;1.5;0.16;2;1.9;0;487;150;78;54;96729;2.09;3.12;0.33;0.39
2009;4;29;119;14.4;11.4;9;10.8;9.1;8;-0.8;0.6;0.16;2.1;1.9;0;334;96;61;36;96714;1.97;10.94;0.33;0.39
2009;4;30;120;18.8;12.7;7.6;7.8;6.5;5.6;1;-2.6;0.16;2.1;1.9;0;642;173;120;60;97027;3.12;5.41;0.34;0.39
2009;5;1;121;21.1;15.1;10.2;8.7;7.1;5.5;1.2;-3;0.16;2.1;1.9;0;696;216;127;89;97404;3.18;2.29;0.34;0.39
2009;5;2;122;16.1;12.8;9.5;7;4.3;1;-0.5;-3.1;0.16;2.1;1.9;0;609;193;111;80;97973;2.84;0.97;0.33;0.39
2009;5;3;123;18.3;13.2;8.1;9.1;7.2;4.4;0.2;-1.3;0.16;2.2;1.9;0;641;204;112;75;98083;2.74;1;0.33;0.39
2009;5;4;124;18.4;12;6.1;9.3;6.6;3;0.7;-1.6;0.16;2.2;1.9;0;593;184;110;73;97699;2.88;2.76;0.33;0.39
2009;5;5;125;16;11.9;7.2;5.2;3.1;2;0.4;-1.6;0.17;2.2;1.9;0;611;190;109;79;97872;2.66;0.01;0.33;0.39
2009;5;6;126;17.2;13;7.6;8.9;6.6;4.5;0.6;-0.1;0.17;2.3;1.9;0;454;128;66;44;97683;1.82;0.08;0.33;0.39
2009;5;7;127;19.6;15.2;9.9;10.7;8.5;6.9;-0.3;-0.1;0.17;2.3;1.9;0;448;167;106;65;97836;2.36;0.02;0.32;0.39
2009;5;8;128;23.2;16.5;9.1;12.8;10.6;7.6;0.4;0.5;0.17;2.3;1.9;0;653;228;116;83;97729;3.08;0;0.32;0.39
2009;5;9;129;21.5;17.1;10.4;13.4;10.9;8.8;-0.1;0.6;0.17;2.4;1.9;0;605;205;101;74;97962;2.82;0.24;0.32;0.39
2009;5;10;130;24.4;18.3;10.8;14.4;12.4;9.7;0.5;0;0.17;2.4;1.9;0;698;219;119;78;97755;3.13;0.49;0.32;0.39
2009;5;11;131;25;18.4;10.3;15;11.9;10;1.4;0.5;0.17;2.4;1.9;0;707;236;123;84;97437;3.36;0;0.31;0.39
2009;5;12;132;20.8;15.3;11.9;14.4;12.2;9.5;-1;-0.7;0.17;2.5;1.9;0;508;138;82;44;97708;2.42;18.46;0.32;0.39
2009;5;13;133;14.4;12.7;11.4;10.3;9.2;8;-0.9;-0.3;0.17;2.5;1.9;0;252;64;29;19;97827;1.37;3.69;0.33;0.39
2009;5;14;134;19.4;13.7;11.1;12.8;11;9.7;-1.4;-0.2;0.17;2.5;1.9;0;379;91;81;25;97252;1.73;1.85;0.33;0.39
2009;5;15;135;21.4;15.8;10.5;12.8;11.4;9.5;-0.5;1.3;0.17;2.5;1.9;0;560;176;90;57;97039;2.64;0.1;0.33;0.39
2009;5;16;136;21.7;16.6;11.3;14.2;12;10.3;-0.3;-0.2;0.17;2.6;1.9;0;551;199;100;64;97379;3.18;3.6;0.33;0.39
2009;5;17;137;23.7;18.5;13.6;14.8;12.8;10.9;-0.4;1;0.17;2.6;1.9;0;513;203;107;67;97771;3.23;0.02;0.32;0.38
2009;5;18;138;25.5;19.5;12.9;16.5;14.7;12;-0.2;-0.7;0.17;2.6;1.9;0;643;221;103;72;97638;3.44;3.01;0.32;0.38
2009;5;19;139;22.5;18.1;13.2;16;14.6;12.6;-0.1;-0.7;0.17;2.6;1.9;0;462;167;85;53;97938;2.88;6.68;0.32;0.38
2009;5;20;140;23.3;19.1;13.3;14.5;12.2;10.6;-0.5;-0.8;0.17;2.7;1.9;0;636;231;108;81;98131;3.75;0.01;0.32;0.38
2009;5;21;141;26.1;19.8;11;14.5;12.7;9.9;0.1;1.5;0.17;2.7;1.9;0;691;247;117;87;97690;3.94;0.02;0.32;0.38
2009;5;22;142;24.4;18.8;12.8;16.3;14.4;11.8;0.7;0;0.17;2.7;1.9;0;541;179;90;68;97425;2.92;4.5;0.32;0.38
2009;5;23;143;19.3;16.4;11.4;14.9;13.7;11;-0.7;-0.2;0.17;2.7;1.9;0;310;121;63;41;97907;2.11;1.34;0.32;0.38
2009;5;24;144;23.6;18.6;14.3;17.8;14.7;9.9;-0.1;-0.2;0.17;2.7;1.9;0;574;157;79;47;97899;2.44;0.96;0.32;0.38
2009;5;25;145;25.6;20.8;14;18.5;16.7;13.4;-0.1;-0.5;0.17;2.8;1.9;0;635;206;98;66;97788;3.26;1.61;0.32;0.38
2009;5;26;146;26.1;20.6;15.5;18.1;17;15.4;0;0.6;0.17;2.8;1.9;0;601;178;80;46;97385;3.2;1.82;0.31;0.38
2009;5;27;147;19.1;16.1;12.6;15.6;11.2;8.2;1;-2.1;0.17;2.8;1.9;0;322;100;61;43;97882;2.96;5.96;0.31;0.38
2009;5;28;148;19.5;15.5;11.3;9.2;6.9;4.9;0.6;-1.7;0.17;2.8;1.9;0;559;186;102;64;98261;3.47;1.16;0.32;0.38
2009;5;29;149;16.8;12.2;8.4;8.4;3.5;0;1.3;-2.5;0.17;2.9;1.9;0;732;228;134;85;98121;4.14;1.77;0.31;0.38
2009;5;30;150;9.8;8.6;6.9;7.3;5.4;2.5;0.4;-0.4;0.17;2.9;1.9;0;204;64;75;42;98021;1.42;11.67;0.32;0.38
2009;5;31;151;17.3;11.8;4.9;7.4;5.5;3.5;0.7;0.3;0.17;2.9;1.9;0;550;210;111;76;97918;3.22;0;0.32;0.38
2009;6;1;152;18.3;13.2;7.3;9.7;8.5;6.1;-0.4;-0.6;0.17;2.9;1.9;0;551;178;100;62;97538;2.82;1.55;0.32;0.38
2009;6;2;153;19.3;14;7;12.4;9.4;6.3;0.6;-1.4;0.17;2.9;1.9;0;527;208;103;75;97169;3.17;2.92;0.32;0.38
2009;6;3;154;21.9;16.6;10.6;12.1;7.6;5.3;1.5;-1.5;0.17;3;1.9;0;667;245;121;87;96890;4.24;0.01;0.32;0.38
2009;6;4;155;17.4;13.7;10.1;9.7;7.2;4.3;-0.4;0.7;0.17;3;1.9;0;443;164;88;61;97123;2.63;0.8;0.31;0.38
2009;6;5;156;17.2;14;9.6;13.2;11;8;-0.8;0.4;0.17;3;1.9;0;352;117;72;38;96935;1.96;6.21;0.31;0.38
2009;6;6;157;24.8;19;12.4;14.6;13;11.8;1.1;2.8;0.17;3;1.9;0;595;185;83;58;96296;3.58;1.19;0.32;0.38
2009;6;7;158;21.5;17.7;12.9;14.7;13.5;11.2;0.6;1.7;0.17;3;1.9;0;488;167;85;70;96614;3.02;3.11;0.31;0.38
2009;6;8;159;22.4;17.2;10.1;13.8;12;9.2;-0.2;1.1;0.17;3.1;1.9;0;590;212;93;77;97197;3.35;0.25;0.31;0.38
2009;6;9;160;25.4;19.9;13.7;13.5;12.2;11.1;1.5;2.7;0.17;3.1;1.9;0;728;259;118;89;97209;4.52;0;0.31;0.38
2009;6;10;161;23.6;18.4;13.5;15;13.3;11.4;0.6;-0.2;0.17;3.1;1.9;0;572;200;98;72;97568;3.43;2.14;0.31;0.38
2009;6;11;162;24;16.4;11.2;14.8;12.8;10.5;1.4;-0.1;0.17;3.1;1.9;0;619;183;94;60;97453;3.35;5.44;0.31;0.38
2009;6;12;163;21.8;16;9;12.3;8.7;4.7;0.8;-0.3;0.17;3.2;1.9;0;629;238;121;81;97768;4.01;0.65;0.31;0.37
2009;6;13;164;21.9;17;12.2;12.2;10.7;9.3;0.5;0.6;0.17;3.2;1.9;0;643;228;114;75;97954;3.64;0.38;0.3;0.37
2009;6;14;165;25.9;19.8;11.2;15;12.5;10.1;0.2;0.8;0.17;3.2;1.9;0;661;244;112;80;97952;4.07;0;0.3;0.37
2009;6;15;166;26.2;21.5;15.2;19.1;16.3;13.9;0.3;0.8;0.17;3.2;1.9;0;474;164;72;56;97672;2.92;1.07;0.3;0.37
2009;6;16;167;25.1;19.7;15.8;17.5;15.4;13.9;0.1;-0.3;0.17;3.2;1.9;0;477;134;79;46;97765;2.54;12.17;0.3;0.37
2009;6;17;168;21.5;17.8;12.5;14.3;12.1;10;0;0.7;0.17;3.2;1.9;0;506;182;95;70;98313;3.31;0.34;0.3;0.37
2009;6;18;169;26.8;20.2;11.7;15.8;12.8;10.2;0.4;1.5;0.17;3.3;1.9;0;687;254;114;86;97933;4.29;0;0.3;0.37
2009;6;19;170;29.8;22.8;14.4;16.3;13.6;10.9;0.1;0.4;0.17;3.3;1.9;0;745;268;133;89;97410;4.76;0.46;0.3;0.37
2009;6;20;171;17.5;13.9;10.9;11.9;10.4;8.7;0.9;-1.8;0.17;3.3;1.9;0;196;48;65;37;97696;2.11;17.35;0.3;0.37
2009;6;21;172;19.1;15;9.6;9.3;7;4.8;-0.2;-2.7;0.17;3.3;1.9;0;554;203;94;71;97530;3.77;0;0.31;0.37
2009;6;22;173;14.6;13.1;11.8;11.4;9.2;7.1;1.3;-3.1;0.17;3.3;1.9;0;209;73;73;35;97177;2.9;12.28;0.31;0.37
2009;6;23;174;15.1;13.5;11.9;12.8;11.3;9;1.4;-1.5;0.17;3.3;1.9;0;119;42;25;14;96909;1.85;38.36;0.33;0.37
2009;6;24;175;17.9;15;12.4;15.4;13.2;11;1.4;-0.4;0.17;3.3;1.9;0;191;54;41;16;96867;1.41;31.41;0.36;0.37
2009;6;25;176;22.7;17.6;13.2;16.6;14.2;11.9;0.3;-0.6;0.17;3.4;1.9;0;584;199;87;52;96874;3.57;4.43;0.37;0.37
2009;6;26;177;23.4;18.1;12.1;16.8;14.8;11.6;0.2;-0.5;0.17;3.4;1.9;0;635;191;95;57;96827;3.51;7.66;0.37;0.37
2009;6;27;178;22.8;19;14.6;17.2;15.8;14.2;0;-0.5;0.17;3.4;1.9;0;599;192;83;50;96999;3.44;2.21;0.38;0.37
2009;6;28;179;21.4;17.9;13.6;17.9;15.9;13.2;0.5;-0.6;0.17;3.4;1.9;0;394;105;54;39;97170;1.98;9.05;0.38;0.37
2009;6;29;180;22.8;18.8;14.3;17.6;15.9;13.7;0.3;-1;0.17;3.4;1.9;0;524;170;73;51;97481;3.12;5.8;0.38;0.37
2009;6;30;181;25.7;20.7;13.8;17.6;15.6;13.4;0.2;-1.2;0.17;3.4;1.9;0;642;233;96;67;97672;4.35;0.19;0.38;0.37
2009;7;1;182;25.4;20.6;15.8;18.7;17;15;0.4;-1.1;0.17;3.4;1.9;0;599;179;79;51;97778;3.56;9.77;0.38;0.37
2009;7;2;183;25.4;21.1;16.5;18.5;17.2;15.1;0.1;-0.9;0.17;3.5;1.9;0;636;210;88;58;97567;4.11;3.9;0.39;0.37
2009;7;3;184;25;20.7;15.2;18.3;17.1;14.9;0.5;-0.7;0.17;3.5;1.9;0;569;191;84;61;97235;3.56;2.14;0.38;0.37
2009;7;4;185;25.2;20.9;15.3;18.3;16.5;14.8;0.6;-0.8;0.17;3.5;1.9;0;595;214;88;64;97035;3.97;0.75;0.38;0.37
2009;7;5;186;25.2;20.8;14.4;18.4;16.2;13.9;0.1;-0.3;0.17;3.5;1.9;0;600;202;91;65;96934;3.84;1.32;0.38;0.37
2009;7;6;187;25.4;20.3;15;18.6;17.1;14.8;0.3;0.4;0.17;3.5;1.9;0;615;197;89;59;96850;3.68;12.63;0.38;0.37
2009;7;7;188;23.8;19;13.8;17.1;15.6;13.8;0.4;0.7;0.17;3.5;1.9;0;531;173;84;53;96867;3.4;0.91;0.38;0.37
2009;7;8;189;19.9;17.5;14;14.2;11.8;10.1;0.6;0.6;0.17;3.5;1.9;0;437;140;99;58;97054;2.76;0.38;0.38;0.37
2009;7;9;190;21.1;16.8;11.5;14.5;12.7;10.7;0.5;0.2;0.17;3.6;1.9;0;612;196;95;69;97425;3.39;4.47;0.38;0.37
2009;7;10;191;16.3;14;11.1;13.1;11.5;9.7;0.7;-0.5;0.17;3.6;1.9;0;292;78;71;43;97476;1.79;12.92;0.39;0.37
2009;7;11;192;20.7;15.9;8.8;12.3;9.2;7.4;0.2;-0.5;0.17;3.6;1.9;0;579;215;95;77;97600;3.9;0.13;0.39;0.37
2009;7;12;193;22.8;17.9;10.6;14.1;11.7;9.3;0.1;0.2;0.17;3.6;1.9;0;538;214;99;73;97566;3.77;0.03;0.38;0.37
2009;7;13;194;26.4;20.8;13.3;19;16;12.6;0.1;0;0.17;3.6;1.9;0;594;212;90;62;97513;3.81;0.11;0.38;0.37
2009;7;14;195;29.4;23.2;14.9;21;18.3;14.8;0.5;0.7;0.17;3.6;1.9;0;721;243;99;65;97487;4.53;0;0.37;0.37
2009;7;15;196;30.5;24.2;17.9;21.4;19.5;16.9;0.2;-0.2;0.17;3.6;1.9;0;667;238;91;65;97705;4.7;6.3;0.37;0.37
2009;7;16;197;28.6;23.4;17.7;20.1;18;17;-0.1;-0.5;0.17;3.6;1.9;0;717;252;111;75;98033;5;0.2;0.37;0.37
2009;7;17;198;29.6;24.1;16.8;19;17.4;15.9;-0.3;1.2;0.17;3.6;1.9;0;719;258;112;80;97300;5.19;0;0.37;0.37
2009;7;18;199;22.4;17.6;13;18.6;12.7;6.9;0.9;-1.4;0.17;3.6;1.9;0;380;119;94;54;96783;3.48;26.38;0.37;0.37
2009;7;19;200;22.3;17.8;12.4;13;9.2;7.1;1;0.4;0.17;3.6;1.9;0;645;216;108;82;97678;4.26;0;0.38;0.37
2009;7;20;201;24;18.7;11.5;15.5;13;10.3;0.4;0.2;0.17;3.6;1.9;0;607;213;96;71;97955;3.82;0.12;0.37;0.37
2009;7;21;202;27.6;21.1;13.1;17.9;15.4;12.5;0.8;1;0.17;3.6;1.9;0;712;244;107;82;97786;4.55;0;0.37;0.37
2009;7;22;203;29.6;22.8;14.1;19.2;16.9;13.3;1.5;1.6;0.17;3.6;1.9;0;719;260;106;83;97356;5.02;0;0.37;0.37
2009;7;23;204;31.3;24.7;17.5;19.6;16.2;11.9;2.2;1.9;0.17;3.6;1.9;0;714;259;116;88;97077;5.58;0;0.36;0.37
2009;7;24;205;27.9;23.3;17.6;17.6;15.6;13.8;-0.5;-0.2;0.17;3.6;1.9;0;659;204;97;64;97408;4.36;7.52;0.35;0.37
2009;7;25;206;22.9;18.9;14.7;16.4;11.9;9.2;1.1;-1.5;0.17;3.6;1.9;0;496;172;105;65;97875;4.33;5.32;0.36;0.37
2009;7;26;207;22.2;17.9;12;12.9;10.4;8.7;0.2;0.2;0.17;3.6;1.9;0;521;196;99;80;98166;3.67;0.03;0.36;0.37
2009;7;27;208;26;20.4;14.1;15.3;12.6;10.2;-0.1;1.5;0.17;3.6;1.9;0;716;256;117;88;97772;4.73;0;0.35;0.37
2009;7;28;209;24.9;20.5;15.3;16.2;14.3;11;-0.1;-1.2;0.17;3.6;1.9;0;568;185;87;65;97772;3.58;0.42;0.35;0.37
2009;7;29;210;25.7;21.1;14.1;18.3;14.8;12.9;-0.2;-0.6;0.17;3.6;1.9;0;639;241;107;77;98008;4.21;0;0.35;0.37
2009;7;30;211;28.6;22.4;14.8;19.4;17;13.7;0.6;-0.7;0.17;3.6;1.9;0;682;225;105;69;97799;4.17;1;0.34;0.37
2009;7;31;212;24.6;21.2;16.9;16.2;14.8;13.9;-0.5;-1.2;0.17;3.6;1.9;0;548;180;82;61;98009;3.55;0.05;0.34;0.37
2009;8;1;213;27.7;22.3;15.1;19.2;16.2;13.8;-0.2;0.2;0.17;3.6;1.9;0;648;229;92;68;97627;4.09;0;0.34;0.37
2009;8;2;214;30.7;24.5;18;19.3;15.9;14;1.2;2;0.17;3.6;1.9;0;680;235;106;79;97123;4.72;0;0.33;0.37
2009;8;3;215;26.6;21.1;17.2;18.4;16.4;14.6;0.2;-0.6;0.17;3.6;1.9;0;557;177;92;60;97302;3.47;32.16;0.33;0.37
2009;8;4;216;18;17.5;16.8;16.7;15.7;13.5;1.2;-1.9;0.17;3.6;1.9;0;61;18;22;14;97312;1.98;65.73;0.38;0.37
2009;8;5;217;24;20.2;16.7;15.7;14.4;13.2;0.1;-2.4;0.17;3.6;1.9;0;520;165;76;49;97739;3.84;0.21;0.4;0.37
2009;8;6;218;24.4;20.7;16.7;15.6;14.5;13.7;-0.1;-2.2;0.17;3.6;1.9;0;597;208;97;66;97766;4.09;0.04;0.39;0.37
2009;8;7;219;24.5;20.6;16.3;17.2;15.5;13.4;-0.3;-1.5;0.17;3.5;1.9;0;521;187;85;65;97712;3.56;0.54;0.39;0.37
2009;8;8;220;25.4;20.8;15;17;15.7;14;-0.6;-0.1;0.17;3.5;1.9;0;611;204;93;65;97654;3.84;0.18;0.38;0.37
2009;8;9;221;23.4;20.1;16.8;17.2;16.2;15;-0.7;-0.8;0.17;3.5;1.9;0;345;128;76;51;97703;2.32;0.06;0.38;0.37
2009;8;10;222;26.3;20.5;15.3;18.8;16.4;14.5;0.4;0.3;0.17;3.5;1.9;0;610;198;94;60;97570;3.7;5.67;0.38;0.37
2009;8;11;223;24.8;20;15.2;17.2;14.7;11.6;1.2;-1;0.17;3.5;1.9;0;502;175;101;65;97592;3.67;0.21;0.38;0.37
2009;8;12;224;24.5;20.2;14.1;17.9;14.8;12.5;0.6;-0.2;0.17;3.5;1.9;0;483;173;89;66;97780;3.14;0.05;0.37;0.37
2009;8;13;225;26;20.4;14.9;18.5;16.9;14.4;0.8;-0.2;0.17;3.5;1.9;0;561;179;85;56;97506;3.37;18.68;0.37;0.37
2009;8;14;226;22.4;18.9;15.4;17.5;16.5;14.4;-0.1;-0.4;0.17;3.5;1.9;0;437;133;84;45;97731;2.55;10.37;0.39;0.37
2009;8;15;227;24.7;19.7;13.9;17.7;15.8;13.8;0;0.8;0.17;3.5;1.9;0;494;169;85;56;97960;3.23;0.25;0.39;0.37
2009;8;16;228;27.4;22.3;16.2;20;17.3;13.9;0.1;0.6;0.17;3.5;1.9;0;616;204;92;64;97782;3.61;0.03;0.39;0.37
2009;8;17;229;29;22.7;16.5;20.7;17.3;14.6;0.9;-0.1;0.17;3.5;1.9;0;627;198;104;71;97578;3.68;0.09;0.38;0.37
2009;8;18;230;28;22;15;19.3;16.6;14;0.2;-0.6;0.16;3.4;1.9;0;624;196;100;69;97812;3.67;0.51;0.38;0.37
2009;8;19;231;25;21.2;17;18;16.2;14.9;-0.5;-0.7;0.16;3.4;1.9;0;504;170;82;57;98320;3.27;0.02;0.37;0.37
2009;8;20;232;25.4;21.5;16.9;18.8;16.9;15.6;-0.4;-0.1;0.16;3.4;1.9;0;444;147;86;50;98335;2.8;0;0.37;0.37
2009;8;21;233;28;22.7;17.5;20.1;17.5;14.6;0.1;0.4;0.16;3.4;1.9;0;619;206;102;65;97879;3.75;0;0.37;0.37
2009;8;22;234;23.7;20.2;16.9;19.1;17.8;15.7;0.3;-1.3;0.16;3.4;1.9;0;382;108;61;41;97844;2.56;15.3;0.37;0.37
2009;8;23;235;22.3;18.6;15.2;14.9;12.7;10.9;-0.1;-2.2;0.16;3.3;1.9;0;551;176;94;69;98057;3.71;0.03;0.37;0.37
2009;8;24;236;21.9;17.7;12.9;14.3;12.5;10.5;-0.4;0;0.16;3.3;1.9;0;470;148;88;60;97710;2.66;0.22;0.37;0.37
2009;8;25;237;24.6;19.8;13.4;17.3;13.2;10.9;-0.1;1.1;0.16;3.3;1.9;0;640;215;120;84;97515;3.63;0;0.37;0.37
2009;8;26;238;26.6;20.4;12.6;18.4;15.6;11.7;0.2;0.1;0.16;3.3;1.9;0;633;207;109;75;97635;3.47;0;0.36;0.37
2009;8;27;239;26.8;21.2;15.4;19.3;17.4;14.7;0.7;-0.7;0.16;3.2;1.9;0;582;172;89;62;97736;2.97;0.14;0.36;0.37
2009;8;28;240;28;21.7;15.4;20;18.3;15.2;0.7;-0.1;0.16;3.2;1.9;0;616;188;93;58;97426;3.37;0.85;0.36;0.37
2009;8;29;241;20.7;17.8;15.3;17.9;13.2;9.3;0.8;-1.5;0.16;3.2;1.9;0;249;61;41;29;97600;1.97;3.7;0.36;0.37
2009;8;30;242;20.2;16.6;12.5;11.3;9.1;8.1;0.5;-0.5;0.16;3.2;1.9;0;615;173;129;74;98114;3.09;0;0.36;0.37
2009;8;31;243;22.2;16.6;9.7;13.4;10.7;8.3;-0.1;0.3;0.16;3.1;1.9;0;642;209;124;89;98179;3.27;0;0.35;0.37
2009;9;1;244;25.1;19.1;12.1;16.1;13.2;9.4;-0.1;0.9;0.16;3.1;1.9;0;640;207;117;84;97788;3.27;0;0.35;0.37
2009;9;2;245;26;20.1;12.4;18.5;15.8;11.8;0.1;-0.4;0.16;3.1;1.9;0;534;170;88;61;97502;2.77;0.67;0.35;0.37
2009;9;3;246;27;21.6;15.2;17.9;16.6;14.6;1;1.2;0.16;3.1;1.9;0;557;174;86;57;96897;3.19;0.02;0.34;0.37
2009;9;4;247;19.6;17.5;14.4;15.9;14.4;12.5;-0.9;-0.4;0.16;3.1;1.9;0;190;54;35;24;97051;1.6;6.62;0.34;0.37
2009;9;5;248;19.4;15.4;11.3;12.3;8.8;6;0.6;-0.8;0.16;3;1.9;0;639;188;132;78;97850;3.48;2.18;0.35;0.37
2009;9;6;249;18.8;13.9;8.8;8.5;7;5.6;0.6;-1.6;0.16;3;1.9;0;522;157;107;79;98311;2.59;0.04;0.34;0.37
2009;9;7;250;19.8;14.4;8.6;11.6;8;5.7;0.3;-1.2;0.16;3;1.9;0;599;173;107;78;98422;2.68;0;0.34;0.37
2009;9;8;251;20.5;15.3;8.7;10.9;9.1;7.1;-0.2;-1.4;0.16;3;1.9;0;559;166;108;72;98439;2.62;0.02;0.34;0.37
2009;9;9;252;21.6;16.6;11.9;13;11;9;0;-1.5;0.15;2.9;1.9;0;578;138;95;54;98286;2.28;0.01;0.34;0.37
2009;9;10;253;22.5;17.6;13.3;14.5;12.6;10.6;0.7;-1.4;0.15;2.9;1.9;0;475;143;88;62;98189;2.39;1.03;0.33;0.37
2009;9;11;254;20.4;17.3;14.2;15.2;13.1;11;0.7;-2.2;0.15;2.9;1.9;0;342;110;76;53;98013;2.58;4.37;0.34;0.37
2009;9;12;255;22.1;17.8;14.4;13.4;12.7;11.6;0.1;-2.3;0.15;2.9;1.9;0;583;170;105;71;97799;2.9;0.47;0.33;0.37
2009;9;13;256;20.6;16.1;11.5;13.3;12.2;10.6;-0.1;-0.7;0.15;2.9;1.9;0;506;146;97;62;97506;2.28;7.34;0.33;0.37
2009;9;14;257;17.4;14.7;12.4;13.9;12.3;11;-0.4;-1.1;0.15;2.8;1.9;0;270;79;46;32;97404;1.77;9.49;0.34;0.36
2009;9;15;258;20.1;16.5;13;16.7;14.5;12.4;0.1;-0.6;0.15;2.8;1.9;0;393;101;65;38;97636;1.62;1.05;0.35;0.36
2009;9;16;259;21.7;17.2;12.3;17.5;14.9;12.2;0.4;-0.2;0.15;2.8;1.9;0;414;105;65;37;97398;1.55;1.73;0.34;0.36
2009;9;17;260;21.6;17.9;15.1;16.9;15.6;14.4;0;-0.7;0.15;2.7;1.9;0;417;101;64;35;97182;1.88;4.88;0.35;0.36
2009;9;18;261;20.8;17.3;13.8;16.7;15.2;13.2;-0.1;-0.8;0.15;2.7;1.9;0;361;102;64;44;97715;1.65;1.77;0.35;0.36
2009;9;19;262;21.1;17.5;13.4;15.8;14.6;13.1;-0.4;0.2;0.15;2.6;1.9;0;385;107;74;41;97763;1.84;0.75;0.35;0.36
2009;9;20;263;22.1;18;13.8;15.6;14.2;12.7;-0.4;-0.5;0.15;2.6;1.9;0;480;133;94;59;97831;2.01;0.22;0.35;0.36
2009;9;21;264;22;16.9;11.1;15.1;13.1;10.7;0.3;-0.6;0.15;2.6;1.9;0;463;131;90;65;98126;1.87;0.11;0.34;0.36
2009;9;22;265;22.4;17;11.3;15;12.6;10.6;0.6;-0.3;0.15;2.5;1.9;0;451;130;93;64;98419;1.96;0.06;0.34;0.36
2009;9;23;266;23;16.7;10.3;14.9;12.6;9.7;0.7;0.2;0.15;2.5;1.9;0;558;151;107;73;98419;2.12;0;0.34;0.36
2009;9;24;267;22.3;16.8;10.4;15;13;9.8;0.2;-0.6;0.15;2.4;1.9;0;496;140;103;65;98045;1.93;0.31;0.34;0.36
2009;9;25;268;19.9;16.1;12.8;14.4;12.1;9.2;-0.5;-1.8;0.15;2.4;1.9;0;416;110;81;56;98156;1.78;0.8;0.34;0.36
2009;9;26;269;18.3;14;9.8;11.6;9.8;7.8;0.2;-1.1;0.15;2.4;1.9;0;446;115;92;64;98535;1.51;0;0.33;0.36
2009;9;27;270;20.4;14.4;8.5;12.7;10.4;7.7;0.5;-0.7;0.15;2.3;1.9;0;529;149;115;74;98531;1.85;0;0.33;0.36
2009;9;28;271;21.3;15.2;9.6;15;11.5;8.9;1;-0.1;0.15;2.3;1.9;0;489;131;102;65;98116;1.65;0.01;0.33;0.36
2009;9;29;272;22.5;16;10.4;13.5;11.3;9.4;0.4;-0.6;0.15;2.2;1.9;0;478;134;108;70;97658;1.79;0;0.33;0.36
2009;9;30;273;19.7;15.4;10.1;13.9;11.9;9.5;-0.3;-0.2;0.15;2.2;1.9;0;371;99;72;48;97640;1.28;0.29;0.33;0.36
2009;10;1;274;21.1;15.8;11.2;15.2;13.2;10.9;0.3;-0.5;0.15;2.2;1.9;0;340;98;75;50;97203;1.2;10.56;0.33;0.36
2009;10;2;275;14.9;12.1;9.4;11.9;9.9;8.6;-0.3;-0.3;0.14;2.1;1.9;0;257;73;69;48;97458;1.2;1.49;0.34;0.36
2009;10;3;276;15.1;10.7;6.5;8.7;7;5.4;0.3;0.5;0.14;2.1;1.9;0;369;98;97;65;97668;1.25;0.03;0.34;0.36
2009;10;4;277;19.8;12.6;5.8;11.9;8.7;4.8;0.5;0.8;0.14;2;1.9;0;519;146;121;83;97376;1.58;0;0.33;0.36
2009;10;5;278;19.2;13.6;7;11.5;9.5;6.6;0.2;1.1;0.14;2;1.9;0;420;110;96;62;97776;1.38;0;0.33;0.36
2009;10;6;279;23.6;17;11.7;15;13.1;10.9;1.1;1;0.14;2;1.9;0;491;136;110;67;97753;1.67;0;0.33;0.36
2009;10;7;280;23.8;17.9;13.3;15.8;13.9;12.3;0.5;0.8;0.14;1.9;1.9;0;487;129;102;64;97801;1.62;0;0.33;0.36
2009;10;8;281;24.1;17.2;11.1;16.5;14.1;10.8;0.8;0.1;0.14;1.9;1.9;0;471;127;105;64;97426;1.44;0;0.33;0.36
2009;10;9;282;17.9;15;12.4;14.9;12.5;9.6;-0.9;-0.6;0.14;1.8;1.9;0;196;48;45;25;97778;0.81;1.82;0.33;0.36
2009;10;10;283;18;13.8;11.5;13.4;11.6;9.8;-0.2;-0.3;0.14;1.8;1.9;0;213;55;53;29;97410;0.92;7.97;0.33;0.36
2009;10;11;284;18.1;14.3;11.3;12.2;9.3;6.1;0.4;-0.2;0.14;1.8;1.9;0;413;112;104;59;97265;1.56;3.75;0.34;0.36
2009;10;12;285;11.6;10.3;7.8;9.8;5.7;1;0.8;-2.2;0.14;1.7;1.9;0;124;32;68;43;96626;1.03;9.79;0.35;0.36
2009;10;13;286;9.9;7.1;4.2;0.3;-2.1;-3.8;2;-4;0.14;1.7;1.9;0;472;119;111;92;97368;1.45;0.08;0.34;0.36
2009;10;14;287;6.9;4.8;3;-3.7;-4.7;-5.9;2.9;-2.9;0.14;1.6;1.9;0;397;103;96;79;97667;1.24;0.08;0.34;0.36
2009;10;15;288;7.8;4.7;2.4;-2;-5.1;-6.5;2.1;-1.1;0.14;1.6;1.9;0;395;104;101;72;97771;1.16;0;0.34;0.36
2009;10;16;289;9.2;5.1;0.6;0.3;-1.7;-3;0.8;1;0.14;1.6;1.9;0;406;96;92;62;97630;0.94;0.06;0.34;0.36
2009;10;17;290;9.3;5.4;2;3.2;1.3;-0.3;-0.1;0;0.14;1.6;1.9;0;318;77;82;54;97425;0.79;1.09;0.34;0.36
2009;10;18;291;8.3;4.3;0.9;3.8;1.8;-0.1;-0.1;-0.7;0.14;1.6;1.9;0;413;105;112;67;97671;1.1;1.48;0.34;0.36
2009;10;19;292;8;3.9;0.3;0.5;-1;-2.3;-0.5;-1.7;0.14;1.5;1.9;0;299;83;99;65;97734;0.82;0;0.34;0.36
2009;10;20;293;9.5;4.3;-0.2;0.7;-0.6;-1.7;0.5;1.1;0.13;1.5;1.9;0;402;101;107;74;97372;0.8;0;0.34;0.36
2009;10;21;294;13;6.1;-0.8;5.5;2.5;-1.6;0.8;1.4;0.13;1.5;1.9;0;453;117;116;81;97136;0.8;0;0.34;0.36
2009;10;22;295;16.9;11.1;5.2;12.8;9.1;4.4;0.1;1.7;0.13;1.5;1.9;0;365;80;76;46;96593;0.74;3.83;0.34;0.36
2009;10;23;296;15.3;10.8;6.3;10.5;8.5;6.2;-0.5;-1.2;0.13;1.5;1.9;0;318;71;73;36;96851;1.17;6.86;0.34;0.36
2009;10;24;297;11.5;10;9;7.9;7.3;6.8;0.6;-1.7;0.13;1.5;1.9;0;85;21;31;17;97459;1.03;4.94;0.35;0.36
2009;10;25;298;16.2;11.1;7.6;9.2;7.6;6.3;0.2;0.1;0.13;1.5;1.9;0;415;97;111;53;97765;0.88;0;0.35;0.36
2009;10;26;299;14.3;11.1;8;10.1;8.7;7.2;0.5;-0.4;0.13;1.4;1.9;0;226;49;46;25;97809;0.44;0.17;0.35;0.36
2009;10;27;300;15.7;10.5;5.5;8.7;6.1;4.1;0.8;-1;0.13;1.4;1.9;0;378;90;101;69;98044;0.85;0;0.35;0.36
2009;10;28;301;14.3;8.6;3.4;7.5;5.5;3;0.1;-0.3;0.13;1.4;1.9;0;388;93;109;64;98027;0.73;0;0.35;0.36
2009;10;29;302;14.2;9.2;3.8;8.8;6.8;3.3;-0.2;-0.2;0.13;1.4;1.9;0;353;84;88;54;97933;0.61;1.22;0.35;0.36
2009;10;30;303;8.9;6.3;3.1;7.5;2.1;0.1;-1.4;-0.8;0.13;1.4;1.9;0;368;85;118;66;98663;1.05;0.84;0.35;0.36
2009;10;31;304;7.2;3.6;0.6;1.8;0.4;-1;0.3;0;0.13;1.4;1.9;0;405;95;125;80;98731;0.56;0;0.35;0.36
2009;11;1;305;6.9;2.1;-1;2;0.1;-1.6;-0.3;0.6;0.12;1.4;1.9;0;376;93;119;78;98187;0.46;0;0.34;0.36
2009;11;2;306;5.6;2.4;-0.8;2.6;0.9;-1.2;-0.5;0.3;0.12;1.4;1.9;0;266;59;65;35;96892;0.42;7.34;0.34;0.36
2009;11;3;307;3.7;1.8;-0.8;1.8;1;-0.9;-0.5;-0.6;0.14;1.3;1.9;1.27;103;26;40;18;96133;0.6;8.73;0.36;0.36
2009;11;4;308;3.1;1.1;-1.4;2;0.3;-1.7;0.1;1.4;0.15;1.3;1.9;1.72;140;28;24;17;95915;0.47;13.1;0.36;0.36
2009;11;5;309;9.9;5.1;1.7;3.9;2.5;1.1;-0.2;0.9;0.14;1.3;1.9;1.45;351;79;101;51;96470;0.61;1.21;0.37;0.36
2009;11;6;310;5.7;4.7;2.6;5.2;4.1;2.6;-0.5;-0.8;0.13;1.3;1.9;0.92;67;14;37;11;96914;0.29;9.6;0.37;0.36
2009;11;7;311;8.6;5.8;2.8;5.2;4.3;2.1;0.3;1.3;0.13;1.3;1.9;0.52;102;28;82;30;96569;0.34;1.73;0.38;0.36
2009;11;8;312;7.5;4.5;0.6;5.9;3.5;0.6;0.2;-1;0.12;1.3;1.9;0.32;131;26;64;17;96239;0.3;9.07;0.38;0.36
2009;11;9;313;10.5;7.1;4.6;5.8;4.9;3.6;-0.1;0.4;0.12;1.3;1.9;0.17;215;47;72;31;96559;0.51;0.12;0.39;0.36
2009;11;10;314;7.9;5.6;3.6;5.2;2.5;-0.8;1.1;-1.9;0.12;1.2;1.9;0.12;119;28;46;32;96510;1.01;4.55;0.39;0.36
2009;11;11;315;9.1;6.3;3;1.6;-0.2;-1.5;1.6;-0.8;0.12;1.2;1.9;0;175;34;65;41;96543;0.45;0.14;0.39;0.36
2009;11;12;316;10.1;4.3;-1.4;2.3;0.3;-2.8;1;0.3;0.12;1.2;1.9;0;360;85;121;74;97182;0.5;0;0.39;0.36
2009;11;13;317;12.2;5.4;0.5;5.6;2.3;-0.4;0.8;0.4;0.11;1.2;1.9;0;331;76;106;63;97786;0.46;0;0.39;0.36
2009;11;14;318;14.2;7.1;0.7;8.4;4.7;0.1;1.4;1.4;0.11;1.2;1.9;0;355;74;95;67;97613;0.37;0;0.38;0.36
2009;11;15;319;13.7;7.7;3.5;8.7;5.6;2.7;0.8;0.1;0.11;1.2;1.9;0;294;67;110;62;97711;0.41;0.06;0.38;0.36
2009;11;16;320;14.2;7.7;1.9;9.1;5.7;1.5;0.5;0;0.11;1.2;1.9;0;337;72;92;58;97478;0.42;0;0.38;0.36
2009;11;17;321;15.3;8;2.7;9.4;5.9;2.3;1.5;0.7;0.11;1.2;1.9;0;304;69;103;63;97604;0.35;0;0.38;0.36
2009;11;18;322;11.4;6.7;2.9;9.2;5.6;2.8;1;-0.2;0.11;1.2;1.9;0;154;31;58;41;98203;0.12;0.64;0.38;0.36
2009;11;19;323;13;6.1;1.3;8.5;4.6;0.6;1;0.2;0.11;1.2;1.9;0;320;68;109;62;98558;0.44;0;0.38;0.36
2009;11;20;324;14.4;5.6;-0.2;7.3;2.5;-1.5;0.8;0.1;0.11;1.2;1.9;0;324;75;110;72;98562;0.46;0;0.38;0.36
2009;11;21;325;11;4.5;-0.6;6.5;2.8;-1.1;0.3;0.1;0.11;1.2;1.9;0;286;65;107;62;98668;0.3;0.01;0.38;0.36
2009;11;22;326;10.3;4;0.3;5.2;2.4;-0.1;0.4;0;0.11;1.2;1.9;0;313;72;112;64;97882;0.38;0.06;0.38;0.36
2009;11;23;327;8.7;4.1;0;6.7;3.3;-0.4;0.7;0.6;0.11;1.2;1.9;0;193;29;78;34;97665;0.14;1.53;0.38;0.36
2009;11;24;328;12.4;6.5;3;7.4;4.8;2.6;1.4;0.3;0.11;1.2;1.9;0;317;59;101;48;97533;0.39;0.38;0.38;0.36
2009;11;25;329;13;5.8;0.5;7;3.5;-0.1;0.9;0.7;0.11;1.2;1.9;0;304;69;113;75;97648;0.33;0;0.37;0.36
2009;11;26;330;10;5.8;2.7;6.5;4;1.5;1.3;0.8;0.11;1.2;1.9;0;151;38;83;54;97484;0.13;0;0.37;0.36
2009;11;27;331;11.4;6.3;3.1;8.7;5.4;2.9;0.7;0.7;0.11;1.2;1.9;0;152;32;76;36;97224;0.08;0.02;0.37;0.36
2009;11;28;332;7.4;3.9;-0.3;4.8;2.7;-0.8;1.1;0.1;0.11;1.2;1.9;0;157;26;103;48;97391;0.21;4.26;0.38;0.36
2009;11;29;333;11.6;6;-0.5;6.4;3;-1;1;2.7;0.11;1.2;1.9;0;238;51;96;60;97093;0.39;0.01;0.37;0.36
2009;11;30;334;14.6;11.5;8.4;8.7;7;4.8;-0.8;3.6;0.11;1.2;1.9;0;223;46;86;54;96237;0.54;1.32;0.37;0.37
2009;12;1;335;10.6;8.1;2.3;8.7;6.8;1.3;0.1;0.8;0.11;1.2;1.9;0;145;24;65;33;96280;0.52;14.42;0.38;0.37
2009;12;2;336;6.8;2.2;-1.9;2.5;0.7;-2.7;0.4;0.2;0.11;1.2;1.9;0;254;52;86;63;97440;0.4;0;0.39;0.37
2009;12;3;337;7.2;2.6;-1.8;2.8;1;-1.9;0;0.5;0.11;1.2;1.9;0;278;60;103;56;97170;0.24;0;0.39;0.37
2009;12;4;338;5.3;3.6;2.2;2.4;2;1.2;0.1;-0.3;0.11;1.2;1.9;0;135;28;46;24;96854;0.15;0.52;0.38;0.37
2009;12;5;339;6.8;2.1;-2;1.1;-0.3;-2.8;0.6;0.4;0.11;1.2;1.9;0;250;54;96;65;97516;0.35;0;0.38;0.37
2009;12;6;340;6.8;1.8;-1.6;2.4;-0.2;-2.4;0.3;0.9;0.1;1.2;1.9;0;273;50;87;58;97629;0.2;0;0.38;0.37
2009;12;7;341;7.2;2.4;-0.2;3.4;0.8;-1.1;0.1;0;0.1;1.2;1.9;0;205;44;62;38;97550;0.16;0.78;0.38;0.37
2009;12;8;342;4.9;3.2;0.7;4.2;2.6;0.5;0.5;-0.4;0.1;1.2;1.9;0;55;10;25;6;97136;0.18;11.36;0.38;0.37
2009;12;9;343;7.9;5.3;3.3;1.3;0;-0.8;1.1;-2.4;0.1;1.2;1.9;0;173;33;64;37;97882;0.75;0.87;0.39;0.37
2009;12;10;344;7.1;4.1;0.5;2.4;0.8;-0.9;0.4;0.4;0.1;1.2;1.9;0;261;51;94;55;98188;0.21;0.37;0.39;0.37
2009;12;11;345;6;2.4;-1.4;2.9;0.8;-2.4;0.3;-0.6;0.1;1.2;1.9;0;163;31;57;34;97525;0.28;2.57;0.39;0.37
2009;12;12;346;2.3;0.8;-1.4;0.8;-3.6;-6;-0.8;-2.5;0.11;1.2;1.9;0.18;170;32;84;46;97676;0.62;0.79;0.39;0.37
2009;12;13;347;-0.2;-1.7;-2.9;-4.8;-6.5;-7.8;-1.2;-0.8;0.11;1.2;1.9;0.32;194;37;83;55;97756;0.19;0.1;0.39;0.37
2009;12;14;348;-1.6;-2.5;-3.5;-5.9;-6.5;-7.3;-1.6;-1;0.13;1.2;1.9;1.49;126;24;43;31;97752;0.06;3.16;0.39;0.37
2009;12;15;349;-1.2;-2.5;-3.8;-6.4;-7.4;-8.3;-1.2;-2.1;0.16;1.2;1.9;3.76;166;34;60;39;97251;0.14;0.41;0.39;0.37
2009;12;16;350;-1.6;-2.9;-4.4;-7.8;-8.8;-9.5;-1;-0.6;0.17;1.2;1.9;4.12;134;25;64;42;96660;0.12;0.42;0.39;0.37
2009;12;17;351;-1.6;-4;-5.7;-8;-9.7;-12;-0.4;0.1;0.17;1.2;1.9;4.18;199;42;90;67;96459;0.08;0.09;0.38;0.37
2009;12;18;352;-3;-5.4;-7.9;-10.5;-11.9;-13.6;-0.1;1;0.17;1.2;1.9;4.28;201;40;94;69;96407;0.07;0.18;0.38;0.37
2009;12;19;353;-7.3;-8.4;-14.3;-10.3;-11.6;-16.2;-0.7;-0.9;0.26;1.2;1.9;8.34;49;12;75;32;96076;0.08;8.29;0.38;0.37
2009;12;20;354;-6.4;-13.1;-19.6;-12.9;-17;-21.9;0.8;0.7;0.33;1.1;1.9;12.23;215;46;116;63;96586;0.23;0;0.38;0.37
2009;12;21;355;0;-6.5;-15.3;-1.6;-10.3;-18.2;0.9;1.7;0.3;1.1;1.9;11.74;213;46;96;55;96865;0.19;0.03;0.38;0.37
2009;12;22;356;6.7;2.6;-0.8;3.3;0.9;-2;0.4;2.2;0.27;1.1;1.9;10.5;190;38;82;42;96123;-0.14;0.8;0.38;0.37
2009;12;23;357;9.4;6;2.2;7.7;5.1;1.9;-0.2;1.4;0.2;1.1;1.9;5.81;111;19;42;11;95745;-0.25;2.81;0.39;0.37
2009;12;24;358;10;6.5;1.9;8.6;5.5;1.6;0.2;1.8;0.15;1.1;1.9;3.23;92;19;36;7;96039;-0.16;1.11;0.39;0.37
2009;12;25;359;13.2;8.7;2.3;11;7.2;1;0.7;1.5;0.12;1.1;1.9;1.01;150;28;52;23;95656;0.29;14.72;0.39;0.37
2009;12;26;360;6.4;2.1;-3.3;1.7;-0.7;-4.6;0.3;0.1;0.11;1.1;1.9;0.59;282;59;115;67;97050;0.27;0.01;0.4;0.37
2009;12;27;361;2.8;0.5;-3.1;1.2;-0.6;-4.1;0.7;-0.4;0.12;1.1;1.9;0.87;84;18;66;27;96649;0.15;2.2;0.4;0.37
2009;12;28;362;6.1;-0.7;-5.3;-0.4;-3.8;-6.9;0.9;0.3;0.12;1.1;1.9;0.95;275;57;113;77;96620;0.26;0;0.4;0.37
2009;12;29;363;3.3;-0.2;-3.3;-1.2;-3.2;-5.7;0;0.4;0.11;1.1;1.9;0.85;252;49;96;53;96815;0.06;0.68;0.4;0.37
2009;12;30;364;7.7;1.2;-3.3;4.1;-0.3;-4.3;1.4;0.9;0.11;1.1;1.9;0.84;258;49;94;52;95922;0.11;0.28;0.4;0.37
2009;12;31;365;7.7;1.6;-3.1;5.3;0.5;-4;1;-0.1;0.11;1.1;1.9;0.65;208;46;68;44;95572;0.14;0.09;0.4;0.38
2010;1;1;1;6.2;2;-0.4;3.6;1.2;-0.6;0.5;-0.4;0.11;1.1;1.9;0.52;195;39;56;25;95175;0.17;0.02;0.39;0.38
2010;1;2;2;3.7;0.8;-0.9;0.1;-4.8;-10;0.9;-2.1;0.11;1.1;1.9;0.57;179;31;62;34;96408;0.41;0.74;0.39;0.38
2010;1;3;3;2.2;-1.1;-3.1;-6.9;-9.6;-11.3;0.8;-0.9;0.11;1.1;1.9;0.91;281;55;109;81;97658;0.3;0.01;0.39;0.38
2010;1;4;4;0.9;-2;-4.2;-4.6;-6.8;-8.9;-0.5;0.5;0.11;1;1.9;0.94;265;56;114;69;97482;0.04;0.41;0.39;0.38
2010;1;5;5;-1.1;-2.5;-3.7;-3.3;-4.1;-4.8;-0.8;-0.6;0.13;1;1.9;2.23;94;21;51;24;96740;0.02;3.6;0.39;0.38
2010;1;6;6;0.9;-1.6;-3.2;-3.1;-3.8;-4.7;-0.5;-0.1;0.21;1;1.9;6.93;237;44;96;32;96026;0.08;3.09;0.39;0.38
2010;1;7;7;-0.4;-1.8;-3.1;-2.5;-3.4;-4.1;-0.8;0;0.24;1;1.9;8.93;67;16;48;18;96913;0.07;2.45;0.39;0.38
2010;1;8;8;-0.1;-1.2;-2.4;-1;-2.2;-3.6;-0.4;-1.1;0.32;1;1.9;16.78;33;6;12;6;96817;0.09;20.97;0.38;0.38
2010;1;9;9;2.2;0.6;-0.5;0.1;-0.4;-1.5;0.6;-0.5;0.35;1;1.9;28.95;48;10;17;6;96142;0.01;8.41;0.39;0.38
2010;1;10;10;2.3;-0.1;-2.9;0.4;-1;-3.8;0;0.2;0.34;1;1.9;28.89;132;21;31;19;96587;0.02;1.41;0.39;0.38
2010;1;11;11;0.7;-0.7;-1.6;-1.2;-1.7;-2.3;-1.1;0.2;0.34;1;1.9;29.84;68;14;24;11;97300;0.12;2.54;0.39;0.38
2010;1;12;12;0.3;-2;-5.1;-2.4;-3.6;-5.8;0;-0.3;0.34;1;1.9;31.33;135;29;69;34;97512;0.14;0.48;0.39;0.38
2010;1;13;13;-0.1;-2;-4.5;-2;-3.3;-5.4;-0.8;0.6;0.34;1;1.9;31.48;82;16;29;9;97141;0.12;0.73;0.39;0.38
2010;1;14;14;0.1;-1.3;-2.5;-2;-2.8;-3.3;-1.2;1;0.34;1;1.9;32.26;87;17;24;15;97276;0.22;1;0.39;0.38
2010;1;15;15;0.6;-1.1;-3;-2.2;-3.2;-3.9;-0.9;0.2;0.34;1;1.9;33.07;88;20;48;19;98098;0.2;0.79;0.39;0.38
2010;1;16;16;0.9;-2.2;-5;-3.3;-4.6;-6.2;0.1;0.1;0.33;1;1.9;33.03;137;29;63;28;98600;0.19;0.13;0.39;0.38
2010;1;17;17;-0.3;-2.6;-6.2;-2.7;-4.1;-7.1;-0.5;1;0.34;1;1.9;34.06;98;19;42;22;98004;0.15;2.28;0.39;0.38
2010;1;18;18;5.3;-2.9;-8.1;-1.5;-5.7;-9.8;0.6;-0.1;0.34;1;1.9;33.89;240;53;100;48;98172;0.16;0.14;0.39;0.38
2010;1;19;19;2.9;-3.8;-8.9;-1.4;-5.9;-10.1;0.5;0;0.33;0.9;1.9;32.09;215;47;96;50;98066;0.16;0.19;0.39;0.38
2010;1;20;20;1.8;-4.4;-11.1;-1.7;-6.3;-12.4;0.2;-0.2;0.33;0.9;1.9;30.71;232;52;95;51;97548;0.2;0.03;0.39;0.38
2010;1;21;21;-2.4;-4.3;-6;-5.2;-6.2;-7.3;-0.6;-0.2;0.33;0.9;1.9;31.82;89;20;30;17;97886;0.18;3.6;0.39;0.38
2010;1;22;22;-2;-4.9;-7.8;-6.5;-7.8;-9.8;-0.7;0;0.34;0.9;1.9;33.71;144;35;72;33;98407;0.31;0.43;0.39;0.38
2010;1;23;23;-3.3;-6.1;-8.7;-7.2;-9;-10.8;-0.9;0.1;0.34;0.9;1.9;33.78;204;42;62;28;98584;0.25;0.24;0.38;0.38
2010;1;24;24;-3.9;-5.4;-7;-7.9;-8.4;-9.2;-1.2;0.4;0.34;0.9;1.9;34;94;22;32;17;98718;0.23;0.67;0.38;0.38
2010;1;25;25;-4;-5.5;-6.9;-8.3;-8.7;-9.2;-1.3;0.9;0.34;0.9;1.9;34.41;106;22;29;20;98984;0.24;0.5;0.38;0.38
2010;1;26;26;-4.7;-7.1;-12.4;-9.1;-10.1;-14.5;-0.8;-0.5;0.34;0.9;1.9;35.22;117;28;55;29;99002;0.21;1.35;0.38;0.38
2010;1;27;27;-3.9;-10.9;-16.1;-9.7;-14.8;-18.2;0.6;0.1;0.34;0.9;1.9;35.59;278;64;121;65;98422;0.2;0;0.38;0.38
2010;1;28;28;-1.2;-8.7;-16.5;-6.6;-12.7;-19.5;1.1;0.7;0.34;0.9;1.9;35.48;205;41;98;39;96382;0.21;0.14;0.38;0.38
2010;1;29;29;2.6;-5;-12.6;-4.6;-9.2;-15.3;0.9;1.5;0.34;0.9;1.9;34.94;223;51;84;49;95540;0.39;0.19;0.38;0.38
2010;1;30;30;1.6;-1.6;-5.7;-1.4;-3.6;-6.8;0.1;-0.1;0.34;0.9;1.9;34.83;117;29;45;29;95116;0.13;1.69;0.38;0.38
2010;1;31;31;0.1;-3.7;-12.6;-4.4;-8.3;-15.9;0.9;-1.5;0.34;0.9;1.9;35.74;152;34;89;46;96080;0.42;0.46;0.38;0.38
2010;2;1;32;0.8;-8.2;-15;-7.4;-13.1;-18.4;1.4;0.2;0.33;0.9;1.9;35.36;285;67;115;67;96983;0.39;0;0.38;0.38
2010;2;2;33;1.9;-6.3;-12.9;-6.8;-11.3;-16;1;0.7;0.33;0.9;1.9;34.78;293;62;120;58;97506;0.39;0.13;0.38;0.38
2010;2;3;34;4;-2.3;-8.4;-1.8;-5.8;-11;1.6;0.8;0.33;0.9;1.9;33.81;226;50;96;43;97174;0.2;0.37;0.38;0.38
2010;2;4;35;4.1;-0.5;-5.5;0.2;-2.3;-6.5;0.1;0.5;0.33;0.9;1.9;31.43;268;66;100;58;97920;0.04;0;0.38;0.38
2010;2;5;36;5.5;1.1;-3.7;2.9;-0.2;-4.2;-0.4;1.7;0.33;0.9;1.9;26.92;136;36;41;19;97388;-0.18;2.04;0.38;0.38
2010;2;6;37;0.7;-0.2;-0.8;0.3;-1.4;-2.3;-0.9;-1.7;0.34;0.8;1.9;32.13;66;15;29;13;96944;0.19;15.28;0.39;0.38
2010;2;7;38;-0.3;-4.2;-9.8;-3.1;-7.5;-12.2;-1.3;-0.9;0.35;0.8;1.9;38.24;256;61;85;58;97286;0.41;0.29;0.39;0.38
2010;2;8;39;-1.7;-8.9;-18.5;-6.2;-11.9;-20.4;0.3;0.1;0.35;0.8;1.9;38.07;289;69;104;56;97045;0.29;0.04;0.39;0.38
2010;2;9;40;-1.5;-6.8;-13.8;-5;-9.1;-15.5;-0.2;0.7;0.34;0.8;1.9;37.85;208;50;66;33;96581;0.25;0.1;0.39;0.38
2010;2;10;41;0;-3.5;-8.5;-2.3;-5.2;-9.5;-0.5;-2;0.34;0.8;1.9;40.2;111;24;37;11;96133;0.21;9.82;0.38;0.38
2010;2;11;42;-0.5;-1.6;-2.3;-3.3;-3.9;-4.8;-0.3;-1.7;0.35;0.8;1.9;52.36;99;22;31;16;95832;0.24;9.64;0.38;0.38
2010;2;12;43;1;-1.7;-3.2;-3.7;-4.4;-5.6;-0.1;-0.7;0.35;0.8;1.9;57.03;151;38;59;28;96507;0.31;0.72;0.38;0.38
2010;2;13;44;2.4;-2.5;-8.9;-4.5;-7;-10.5;0.9;-1.1;0.35;0.8;1.9;57.23;307;76;108;64;96782;0.46;0.16;0.38;0.38
2010;2;14;45;0.3;-5.9;-14.7;-3.8;-8.7;-16.6;0.2;-0.3;0.35;0.8;1.9;57.03;245;58;85;46;97005;0.19;0.02;0.38;0.38
2010;2;15;46;0.3;-3.8;-7.9;-3.5;-6;-9;0.2;0.2;0.34;0.8;1.9;57.04;162;34;67;28;96783;0.19;0.22;0.38;0.38
2010;2;16;47;2.4;-4.4;-13.4;-2.2;-6.7;-14.7;-0.2;0;0.34;0.8;1.9;56.94;342;86;113;60;96630;0.19;0.04;0.38;0.38
2010;2;17;48;4.6;-0.1;-3;0.6;-1.7;-3.8;-0.5;0.5;0.34;0.8;1.9;55.19;309;75;95;43;96130;0.09;0.2;0.38;0.38
2010;2;18;49;5.7;0.3;-4.5;2;-1.1;-5.2;0.2;0;0.33;0.8;1.9;50.52;226;60;82;43;96042;-0.01;0.27;0.38;0.38
2010;2;19;50;5.4;1.4;-3;2.9;0.5;-3.4;-0.3;0.3;0.33;0.8;1.9;44.63;189;38;36;9;95686;-0.15;4.78;0.39;0.38
2010;2;20;51;2.7;1.5;-2;1.4;-1.2;-3.8;1.4;-0.8;0.33;0.8;1.9;38.79;112;28;40;22;95574;0.23;5.4;0.4;0.38
2010;2;21;52;5.8;-1.3;-10.1;-2.2;-5.9;-11.5;1.2;1.1;0.33;0.9;1.9;36.09;368;97;131;83;96474;0.53;0;0.4;0.38
2010;2;22;53;8.2;0.9;-5.4;1.1;-2.4;-7.2;1.3;2.2;0.32;0.9;1.9;30.82;342;84;98;65;96277;0.07;0;0.41;0.38
2010;2;23;54;9.9;1.9;-4.3;3.4;-0.7;-5.2;1.2;0.9;0.3;0.9;1.9;23.54;366;83;101;56;95932;0.03;0;0.41;0.38
2010;2;24;55;10.8;2.6;-3.9;3.5;-0.9;-5.4;1;-0.1;0.26;0.9;1.9;16.71;346;85;89;48;96282;0.24;0.08;0.42;0.39
2010;2;25;56;11.6;3.7;-3.4;2.7;-0.3;-4.4;0.3;0.7;0.22;0.9;1.9;11.51;423;110;116;66;96513;0.4;0;0.42;0.39
2010;2;26;57;8.7;4.7;1.2;6.5;3.2;-0.2;0.7;1.2;0.19;0.9;1.9;7.6;157;42;50;23;95948;0.16;7.14;0.42;0.39
2010;2;27;58;10.5;4.6;-0.1;0.7;-3.1;-5.5;1;0.8;0.17;0.9;1.9;5.36;491;132;139;86;96796;0.9;0;0.42;0.39
2010;2;28;59;12.1;6.9;2.1;2.5;-0.3;-5.5;1.3;3.1;0.15;0.9;1.9;3.65;393;101;102;65;96149;0.67;0;0.42;0.39
2010;3;1;60;13.7;7.6;2.7;5.3;3.1;1.6;0.1;-0.2;0.13;0.9;1.9;2.06;434;112;116;52;96820;0.82;2.54;0.41;0.39
2010;3;2;61;8.6;4.8;0.9;3.2;0.2;-1.1;0.2;0.8;0.13;0.9;1.9;1.3;302;86;94;60;97726;0.61;1.33;0.41;0.4
2010;3;3;62;6.6;2.4;-2.4;0.3;-2;-3.5;0;0.7;0.13;0.9;1.9;0.98;356;94;95;60;97964;0.62;0.01;0.41;0.4
2010;3;4;63;4.1;1.8;0.1;0;-1.5;-3.7;-1.1;-1.4;0.14;1;1.9;1.7;190;49;42;27;97043;0.73;2.93;0.41;0.4
2010;3;5;64;2.6;-0.3;-3.7;-4.7;-10;-13.7;0.4;-2.9;0.15;1;1.9;2.17;467;128;108;85;97500;0.87;0.03;0.4;0.4
2010;3;6;65;3;-1.2;-4.4;-6.7;-9.1;-11.1;0;0.7;0.15;1;1.9;2.17;363;90;81;65;97516;0.3;0.29;0.4;0.4
2010;3;7;66;1.4;-1.7;-3.8;-6.7;-10.3;-12.1;-1.5;-2.1;0.15;1;1.9;2.49;478;124;114;75;98399;0.53;0.24;0.4;0.4
2010;3;8;67;0.3;-2.6;-4.7;-10.3;-11.7;-13.3;-1.6;-2;0.15;1;1.9;2.51;379;112;97;76;98052;0.22;0.29;0.4;0.4
2010;3;9;68;1.6;-1.4;-3.7;-9.4;-10.4;-11.7;-2.5;-2.4;0.16;1;1.9;3.01;321;82;74;53;97867;0.33;0.67;0.39;0.4
2010;3;10;69;-0.4;-1.8;-3.1;-3.5;-7;-10.9;-2;-2.1;0.2;1;1.9;5.97;189;39;56;27;97847;0.22;10.21;0.39;0.4
2010;3;11;70;1.4;-1.3;-8.4;-2.7;-4.3;-9.5;-0.8;-0.8;0.34;1;1.9;15.05;212;58;76;32;97075;0.34;2.64;0.39;0.4
2010;3;12;71;4.6;-2.4;-11.4;-3.3;-8;-13.2;1.3;-0.4;0.32;1;1.9;13.61;351;93;102;48;97277;0.38;0.04;0.39;0.4
2010;3;13;72;6.9;0.7;-4.6;-4;-6.6;-9;1.8;-0.9;0.28;1;1.9;10.78;419;111;111;60;97668;0.69;0;0.39;0.4
2010;3;14;73;8.7;2.2;-3.7;-3.7;-6.3;-8.8;2.1;-0.6;0.24;1.1;1.9;8.19;402;110;110;66;97650;0.79;0;0.39;0.4
2010;3;15;74;5.2;1.3;-1.6;-0.4;-3.2;-7.8;0.4;0.6;0.21;1.1;1.9;6.29;376;100;100;60;97724;0.7;2.21;0.39;0.4
2010;3;16;75;10.1;3.4;-2;-0.3;-1.8;-4.2;0.9;-0.3;0.19;1.1;1.9;4.49;515;127;112;61;97883;0.88;2.15;0.39;0.4
2010;3;17;76;11.2;4.3;-0.5;1.2;0;-1.5;-0.1;1.1;0.17;1.1;1.9;3.46;511;130;106;54;98653;0.88;0.58;0.39;0.4
2010;3;18;77;14.8;6.5;-0.9;3.8;1;-2.2;0.4;0.7;0.15;1.1;1.9;1.9;514;154;130;77;98574;0.97;0;0.39;0.4
2010;3;19;78;16.7;8;-0.6;5;2.3;-1.5;1.2;1.4;0.14;1.1;1.9;0.83;554;156;121;82;98261;1.11;0;0.39;0.4
2010;3;20;79;15.9;8.6;1;5.2;3.4;0;2.3;1.6;0.13;1.2;1.9;0.29;605;162;127;84;97814;1.18;0;0.39;0.4
2010;3;21;80;17;10.9;4.7;7.3;5.6;3.1;2.5;0.9;0.13;1.2;1.9;0.07;527;154;108;77;97684;1.25;0;0.39;0.4
2010;3;22;81;11.2;8.4;4.8;9.3;7.2;4.7;0.7;0.2;0.13;1.2;1.9;0;132;35;51;28;98116;0.37;4.89;0.39;0.4
2010;3;23;82;14.7;8.6;3.2;7.7;5.5;3.2;0.5;0.4;0.13;1.2;1.9;0;439;113;95;49;97955;1.01;0.01;0.39;0.4
2010;3;24;83;15.2;9.3;0.9;8;5.7;0.6;-0.2;0.6;0.13;1.2;1.9;0;434;120;82;49;97853;1.02;0.19;0.39;0.4
2010;3;25;84;16.7;12.1;7.8;8.3;7.6;6.6;-0.1;2.5;0.13;1.2;1.9;0;349;114;92;55;97617;1.11;0.19;0.38;0.4
2010;3;26;85;18.2;12.7;7;8.1;7.1;5.8;1.8;3.2;0.14;1.3;1.9;0;567;174;108;81;97208;1.57;0.07;0.38;0.4
2010;3;27;86;14.1;10;4.3;7.3;4;1;0.5;0.4;0.14;1.3;1.9;0;548;152;124;78;96897;1.55;2.11;0.38;0.4
2010;3;28;87;15.4;9.3;2.9;4.7;1.9;-0.1;0.8;-0.9;0.14;1.3;1.9;0;619;184;138;83;97125;1.7;0.11;0.38;0.4
2010;3;29;88;17.8;11.5;6.1;5.3;3.1;1.2;0.6;1.5;0.14;1.3;1.9;0;604;158;118;77;97109;1.61;0;0.38;0.4
2010;3;30;89;17.2;12.1;7.7;6.4;5;3.4;1.4;3.3;0.14;1.3;1.9;0;553;154;108;77;96386;1.61;0.01;0.37;0.4
2010;3;31;90;10.3;8.2;4.1;7.6;5.2;2.6;0.7;0.3;0.14;1.4;1.9;0;315;89;59;45;96387;1.82;9.06;0.38;0.4
2010;4;1;91;15.2;8;0.4;4.9;2.2;-0.1;0.9;1;0.14;1.4;1.9;0;643;192;136;81;97084;2.02;3.26;0.38;0.4
2010;4;2;92;9.9;6.5;3.2;2.4;0.6;-1;0.1;-0.2;0.14;1.4;1.9;0;388;105;73;44;97618;1.38;0.93;0.38;0.4
2010;4;3;93;15.1;8.1;-0.3;2.6;0.8;-1.3;0.6;1.7;0.14;1.4;1.9;0;661;206;138;99;97629;1.83;0;0.37;0.4
2010;4;4;94;14.1;9.8;5.5;4.9;2.7;0.6;1;2.7;0.14;1.4;1.9;0;343;100;79;62;97445;1.19;0.07;0.37;0.4
2010;4;5;95;8.9;7.8;6.5;5.2;2.6;-0.7;0.8;-2.6;0.14;1.4;1.9;0;204;57;72;35;97779;1.55;7.86;0.38;0.4
2010;4;6;96;13.9;8.8;3.7;0.1;-1.9;-4.2;0.4;-2.5;0.14;1.5;1.9;0;591;191;130;98;98313;1.96;0;0.37;0.4
2010;4;7;97;13.8;8.8;3.3;3.5;0.9;-2.5;-0.8;0.1;0.14;1.5;1.9;0;683;218;144;100;98207;1.88;0;0.37;0.4
2010;4;8;98;15.6;10.3;1.7;5.9;3.5;0.3;-0.2;0.6;0.14;1.5;1.9;0;602;185;121;83;98215;1.77;0;0.37;0.4
2010;4;9;99;17.7;11.1;2.6;6.1;4.1;1.8;-0.5;-0.9;0.15;1.5;1.9;0;587;194;120;82;98348;2.01;0.07;0.37;0.4
2010;4;10;100;12.6;8.8;3.5;5.2;2.6;0.8;-0.1;-1.5;0.15;1.5;1.9;0;479;126;111;56;98109;1.6;1.35;0.36;0.4
2010;4;11;101;10;5.7;0.9;2;0.6;-1.6;-0.4;-2;0.15;1.6;1.9;0;614;189;116;80;97582;1.81;1.28;0.36;0.4
2010;4;12;102;6.8;5;2.9;4.3;3;0.8;-0.4;-1.6;0.15;1.6;1.9;0;129;48;49;21;97312;1.36;6.76;0.36;0.4
2010;4;13;103;10.5;7.4;4.5;7.2;5.1;3.7;-0.1;-0.1;0.15;1.6;1.9;0;246;68;41;23;97173;0.9;2.21;0.37;0.4
2010;4;14;104;12;7.3;2.1;7.8;5.2;2.1;0.6;-0.1;0.15;1.6;1.9;0;440;128;74;48;96866;1.81;6.58;0.37;0.4
2010;4;15;105;14.6;9.4;3;5.1;3;1.4;0.8;-0.3;0.15;1.6;1.9;0;595;189;111;70;97129;2.14;0.53;0.37;0.4
2010;4;16;106;15.1;10.2;4;6.5;4;2.1;0.1;-0.9;0.15;1.7;1.9;0;514;167;107;68;97479;1.79;1.03;0.37;0.4
2010;4;17;107;14.1;9;3.8;4.6;2.4;0.5;-1.2;-1.1;0.15;1.7;1.9;0;631;209;141;88;97915;2.26;0.05;0.36;0.39
2010;4;18;108;13;8.2;2;8.7;4.8;0.5;0.3;-0.2;0.15;1.7;1.9;0;439;116;79;55;97613;1.35;1.39;0.36;0.39
2010;4;19;109;17.4;10.8;1.4;6.8;3.7;0.8;0.5;-1.3;0.15;1.8;1.9;0;615;202;111;83;97111;2.28;0.25;0.36;0.39
2010;4;20;110;19.3;11.9;3.1;8.7;4.5;1.4;1.1;-0.5;0.15;1.8;1.9;0;660;213;137;86;97270;2.58;1.04;0.36;0.39
2010;4;21;111;18.9;11.8;4.2;8.4;5.2;2.3;0.6;-0.3;0.15;1.8;1.9;0;653;200;127;82;97210;2.56;1.63;0.36;0.39
2010;4;22;112;8.4;7.1;5.6;3.9;2;1;-1;0.8;0.16;1.8;1.9;0;220;80;58;38;97620;1.06;0.1;0.35;0.39
2010;4;23;113;14.7;9.8;4.2;8.3;5.8;2.8;-0.9;0.3;0.16;1.9;1.9;0;399;124;69;45;97501;1.3;0.05;0.35;0.39
2010;4;24;114;18.2;12.8;6.4;8.9;7.6;5.6;-0.8;-0.9;0.16;1.9;1.9;0;588;181;99;66;97855;2.13;0.04;0.35;0.39
2010;4;25;115;19.4;14.1;7.4;10.3;8.1;5.8;-0.4;-0.8;0.16;1.9;1.9;0;527;177;105;71;98282;2.26;0.23;0.35;0.39
2010;4;26;116;20.8;14.8;7.1;10.2;8.4;6.2;-0.2;-0.3;0.16;2;1.9;0;597;204;119;74;98202;2.62;1.06;0.34;0.39
2010;4;27;117;17.4;14;10.7;9.8;8.6;7.5;0.4;-1.7;0.16;2;1.9;0;501;150;93;55;98374;2.24;0.3;0.34;0.39
2010;4;28;118;18.5;13.2;7.4;8;6.1;4.5;-0.4;-0.8;0.16;2;1.9;0;636;206;125;87;98472;2.63;0.27;0.34;0.39
2010;4;29;119;20.4;14;5.6;8.7;6.9;4.3;0;1.5;0.16;2.1;1.9;0;714;242;129;94;97954;2.95;0;0.34;0.39
2010;4;30;120;24.6;17.1;7.6;13.2;10.1;6.3;0.3;1.2;0.16;2.1;1.9;0;676;214;120;85;97174;2.86;0.16;0.33;0.39
2010;5;1;121;22.2;16.8;10;11.3;9.1;6.9;0.8;1.5;0.16;2.1;1.9;0;438;171;96;74;96956;2.52;0.39;0.33;0.39
2010;5;2;122;20.4;16;12.6;10.9;9.3;7.5;1;2.3;0.16;2.1;1.9;0;505;130;76;52;96905;2.05;0.41;0.33;0.39
2010;5;3;123;18.5;14.6;11.3;13.3;11.8;9;-0.3;1.6;0.16;2.2;1.9;0;313;115;69;43;96842;2.27;8.48;0.33;0.39
2010;5;4;124;18.5;14.4;10.8;14.9;12.2;10;-0.7;-0.4;0.16;2.2;1.9;0;410;109;59;33;97126;1.64;8.55;0.33;0.39
2010;5;5;125;17.6;13.9;11.3;14;12.5;11.1;-1.2;-1;0.17;2.2;1.9;0;326;93;46;23;96853;1.66;9.19;0.34;0.39
2010;5;6;126;18.2;14;10.2;12.3;8.3;5.5;0.9;2.2;0.17;2.3;1.9;0;683;210;123;71;96111;3.15;3.7;0.35;0.39
2010;5;7;127;17.9;13.1;7.2;7.7;6.2;5.3;0.9;1.4;0.17;2.3;1.9;0;635;224;113;92;96499;3.06;0.45;0.35;0.39
2010;5;8;128;15.9;11.9;6.6;9.9;7.9;5.4;0.2;0.8;0.17;2.3;1.9;0;439;143;77;58;96788;1.86;0.75;0.34;0.39
2010;5;9;129;18.8;13.8;7.1;9.1;7.7;6.4;0.5;0.9;0.17;2.4;1.9;0;583;214;117;79;96833;2.94;0.15;0.34;0.39
2010;5;10;130;19.5;15.3;11;10.2;8.6;7.5;1.9;2.1;0.17;2.4;1.9;0;532;197;103;72;96590;3;0.08;0.34;0.39
2010;5;11;131;20.6;14.9;8.2;12.8;10;7.4;0.6;1.9;0.17;2.4;1.9;0;525;189;93;69;96684;2.77;1.24;0.33;0.39
2010;5;12;132;18.7;14.8;11.2;12.9;11.3;9.4;-0.1;0.2;0.17;2.5;1.9;0;471;146;74;54;96618;2.39;6.16;0.33;0.39
2010;5;13;133;15.7;13.3;9.4;12.7;11;8.8;0.2;0;0.17;2.5;1.9;0;294;99;77;42;96515;1.79;5.91;0.34;0.39
2010;5;14;134;18.5;13.2;6.9;11.1;8.8;6.3;0.3;0.1;0.17;2.5;1.9;0;531;199;100;68;96516;3.18;2.18;0.34;0.39
2010;5;15;135;11.1;9.8;7.6;9.1;7.6;4.7;-0.4;-3.5;0.17;2.5;1.9;0;182;57;34;23;96164;3.35;17.76;0.34;0.39
2010;5;16;136;11.5;9.3;6.7;4.4;3.3;2.5;2.7;-2.4;0.17;2.6;1.9;0;166;62;39;29;96523;2.79;4.07;0.35;0.39
2010;5;17;137;15.4;12.2;9.2;3.7;2.7;1.6;2.2;-2.4;0.17;2.6;1.9;0;385;115;61;44;97247;2.64;0.59;0.35;0.39
2010;5;18;138;15.5;12.2;8.2;6.2;3.9;2.3;2.2;-2.3;0.17;2.6;1.9;0;537;177;106;69;97643;2.79;0.04;0.35;0.39
2010;5;19;139;15.8;11.6;6.6;7;3.1;1;0.7;-1.3;0.17;2.6;1.9;0;446;166;98;62;97830;2.67;0.15;0.35;0.39
2010;5;20;140;15.2;11.9;8.6;7.3;6;4.5;0.1;-2.5;0.17;2.7;1.9;0;341;110;50;31;98051;2.12;0.98;0.35;0.39
2010;5;21;141;18.5;14.4;11.2;11.4;9.4;6.5;0.8;-2.8;0.17;2.7;1.9;0;491;128;82;45;97954;2.88;4.75;0.35;0.39
2010;5;22;142;20.8;16.5;12.8;10.9;9.9;8.9;0.6;-2.9;0.17;2.7;1.9;0;616;214;106;72;97830;3.52;0.18;0.34;0.38
2010;5;23;143;20.9;16.6;11.5;12.4;9.1;7.3;0.6;-1.6;0.17;2.7;1.9;0;619;234;116;82;97694;3.73;0.13;0.34;0.38
2010;5;24;144;23.5;17.8;10.7;12.7;10.3;8.2;1.2;0.6;0.17;2.7;1.9;0;628;226;116;82;97336;3.67;0.04;0.34;0.38
2010;5;25;145;25.5;18.8;12;16.3;13.4;10.5;0.9;0.4;0.17;2.8;1.9;0;675;227;110;77;97048;3.66;3.15;0.33;0.38
2010;5;26;146;24.5;18.9;12.3;14.5;11.7;9.4;1.6;1;0.17;2.8;1.9;0;647;226;111;76;96840;3.94;0.03;0.33;0.38
2010;5;27;147;23.9;18.4;12.5;13.5;11.3;9.1;1;0.7;0.17;2.8;1.9;0;685;241;115;83;96816;4;0.94;0.33;0.38
2010;5;28;148;21.6;17.3;11.4;13.6;12.1;11;0.1;0.6;0.17;2.8;1.9;0;568;192;90;63;97296;3.1;0.34;0.33;0.38
2010;5;29;149;20.8;17;12.7;13.3;12.5;11.6;-0.2;-0.8;0.17;2.9;1.9;0;539;166;83;55;97636;2.86;4.42;0.33;0.38
2010;5;30;150;20.6;16.1;12;14.8;13.1;10.7;0.7;0.6;0.17;2.9;1.9;0;523;163;82;60;97009;2.62;4.33;0.33;0.38
2010;5;31;151;14.2;11.9;10.5;10.7;6.4;3;1.3;-2;0.17;2.9;1.9;0;285;93;82;47;96620;2.35;12.23;0.34;0.38
2010;6;1;152;16.8;13.7;9.8;7.7;6;4.8;1.8;-2.4;0.17;2.9;1.9;0;506;164;79;53;96676;2.91;1.25;0.33;0.38
2010;6;2;153;13;11.5;10.2;10.7;9.7;7.9;0.9;0.2;0.17;2.9;1.9;0;150;39;31;21;96621;1.12;23.68;0.34;0.38
2010;6;3;154;17.2;14;9.8;12.2;10.7;9;0.2;-0.7;0.17;3;1.9;0;444;143;73;40;97065;2.4;2.97;0.36;0.38
2010;6;4;155;21.4;16.5;12.8;12.7;11.1;9;0.9;-1.4;0.17;3;1.9;0;530;139;95;45;97459;3.34;14.43;0.37;0.38
2010;6;5;156;22.6;17.5;9.5;13.2;10.1;7.6;-0.6;-0.5;0.17;3;1.9;0;734;272;125;91;98017;4.33;0;0.36;0.38
2010;6;6;157;24.9;19.2;11.9;14.8;12.9;10;-0.3;1.7;0.17;3;1.9;0;683;260;112;85;97614;4.31;0;0.36;0.38
2010;6;7;158;24.2;19.2;12.4;17.5;15.4;11.4;-0.2;-0.3;0.17;3;1.9;0;621;210;94;68;97202;3.35;0.74;0.35;0.38
2010;6;8;159;26.7;20.8;13.2;17.7;15.8;13;0.3;1.4;0.17;3.1;1.9;0;696;242;98;73;97056;4.33;0.15;0.35;0.38
2010;6;9;160;27.9;22;14.6;16.9;15;13.3;0.9;2.5;0.17;3.1;1.9;0;738;270;117;93;97016;4.95;0;0.35;0.38
2010;6;10;161;28.6;22.8;16.3;15.8;14.6;12.8;1.2;2.9;0.17;3.1;1.9;0;728;257;113;92;97067;5;0;0.34;0.38
2010;6;11;162;30.5;24;16.7;15.3;13.9;11.9;2;2.4;0.17;3.1;1.9;0;738;279;121;97;96926;5.43;0;0.34;0.38
2010;6;12;163;30.8;24.2;16.4;16.8;15.1;13.5;1.7;1.8;0.17;3.2;1.9;0;736;273;122;92;96807;5.16;0;0.33;0.38
2010;6;13;164;25.9;21.7;17.4;18.1;16.9;15.7;-0.4;0.1;0.17;3.2;1.9;0;568;189;77;53;97111;3.59;7.16;0.33;0.38
2010;6;14;165;25.8;20.1;15.8;18.4;15.9;13.1;-0.3;0.2;0.17;3.2;1.9;0;609;206;96;58;97098;4.44;7.23;0.33;0.38
2010;6;15;166;23.9;19.3;15;16.4;13.9;11.5;-0.8;0.1;0.17;3.2;1.9;0;487;175;67;47;97654;3.46;3.54;0.33;0.38
2010;6;16;167;17.1;16.2;15.1;16.3;15.2;14.2;-0.8;-1.8;0.17;3.2;1.9;0;141;37;21;9;97415;1.45;31.26;0.35;0.38
2010;6;17;168;21.5;17.8;15.1;16.3;15.4;14.4;-1.4;0;0.17;3.2;1.9;0;339;96;58;20;97489;2.27;10.46;0.36;0.38
2010;6;18;169;23.7;19.4;15.4;16.1;14.3;11.5;0.5;0.7;0.17;3.3;1.9;0;591;210;104;59;96727;4.06;0.35;0.37;0.38
2010;6;19;170;19.1;16.6;14.1;13.3;11.8;10.2;-0.4;-0.6;0.17;3.3;1.9;0;466;147;80;49;96397;3.04;5.15;0.37;0.38
2010;6;20;171;17.6;14.8;12.1;11;10.1;9;-0.2;-2.5;0.17;3.3;1.9;0;272;94;39;29;96488;2.63;3.32;0.37;0.38
2010;6;21;172;15.4;13.6;11.6;9.3;8.4;6.8;0.6;-4.4;0.17;3.3;1.9;0;269;88;41;26;96952;3.85;6.38;0.37;0.38
2010;6;22;173;19.5;16.2;13.1;7.8;6.5;5.3;0.5;-4.3;0.17;3.3;1.9;0;558;175;72;56;97441;4.02;0.02;0.37;0.38
2010;6;23;174;21.2;17.1;13;9.2;7.6;6.2;-0.3;-3.1;0.17;3.3;1.9;0;755;259;125;84;97699;4.94;0;0.36;0.38
2010;6;24;175;21.4;16.7;10.2;12.6;8.7;6.9;0.2;-1.2;0.17;3.3;1.9;0;477;186;101;70;97612;3.54;0.01;0.36;0.38
2010;6;25;176;23.4;17.9;12.2;15.1;11.2;7.8;0.7;-0.9;0.17;3.4;1.9;0;566;197;88;66;97325;3.77;0.88;0.36;0.38
2010;6;26;177;23;18.3;11.5;13.8;12;10;0.3;-2;0.17;3.4;1.9;0;528;182;83;61;97364;3.7;0.19;0.35;0.38
2010;6;27;178;24.5;19.8;14.7;13.4;11.7;9.9;-0.6;-2.3;0.17;3.4;1.9;0;693;256;123;86;97677;4.85;0.02;0.35;0.37
2010;6;28;179;24.8;19.9;12.3;16.4;12.5;9.3;-0.2;-1.3;0.17;3.4;1.9;0;701;245;119;83;97762;4.34;0.11;0.34;0.37
2010;6;29;180;26.6;21.4;14.3;16.1;13.5;11.6;-0.2;-1.1;0.17;3.4;1.9;0;604;235;107;76;97675;4.52;0.14;0.34;0.37
2010;6;30;181;27.7;21.9;14.2;16.5;13.6;11.5;0.4;-1.6;0.17;3.4;1.9;0;645;242;107;80;97653;4.61;0.08;0.34;0.37
2010;7;1;182;27.6;22.8;15.8;17.6;14.6;12.7;0.1;-0.9;0.17;3.4;1.9;0;645;240;106;78;97663;4.41;0;0.33;0.37
2010;7;2;183;28.2;22.4;15.3;18.7;16.7;14.3;0.6;-0.4;0.17;3.5;1.9;0;645;217;93;68;97712;3.92;0.49;0.33;0.37
2010;7;3;184;28.8;23.1;16.2;18.9;17.2;15.6;0.5;-0.5;0.17;3.5;1.9;0;628;226;94;65;97635;4.21;1.51;0.32;0.37
2010;7;4;185;27;22.2;17.5;18.9;15.9;14.2;0.2;-0.6;0.17;3.5;1.9;0;612;217;94;68;97644;4.02;0.78;0.32;0.37
2010;7;5;186;25.5;21.3;17.6;18.2;17;15.7;1.4;-0.8;0.17;3.5;1.9;0;428;142;75;49;97558;2.88;1.29;0.32;0.37
2010;7;6;187;27.2;21.5;16.2;16.5;12.5;9.2;1.2;-2;0.17;3.5;1.9;0;642;232;111;78;97642;4.61;0.31;0.32;0.37
2010;7;7;188;22.5;18.8;13.9;12.3;9;6.2;0.2;-1.8;0.17;3.5;1.9;0;589;207;103;83;98097;3.8;0.04;0.31;0.37
2010;7;8;189;25;19.5;11.7;14;10.4;9.1;0;-0.4;0.17;3.5;1.9;0;730;272;133;96;98178;4.35;0;0.31;0.37
2010;7;9;190;27.7;21.9;13.5;16;12;10.2;0;-0.2;0.17;3.6;1.9;0;732;271;130;91;98144;4.44;0;0.3;0.37
2010;7;10;191;29.5;23.5;14.9;16.7;13.6;11.5;-0.1;0.1;0.17;3.6;1.9;0;735;270;131;89;98031;4.51;0;0.3;0.37
2010;7;11;192;30;24.7;16.8;17.1;15.2;13.9;-0.1;1;0.17;3.6;1.9;0;692;241;107;76;97803;4.2;0;0.3;0.37
2010;7;12;193;30.6;25.5;18.5;19.1;16.7;15.3;0.1;0.9;0.17;3.6;1.9;0;612;222;100;71;97469;3.9;0.18;0.29;0.37
2010;7;13;194;30.5;25.2;19.2;20.4;18.3;16.5;0.6;-0.1;0.17;3.6;1.9;0;604;201;90;65;97168;3.61;1.01;0.29;0.37
2010;7;14;195;32.3;26.3;18.4;20.6;18.1;15.2;0.1;0.8;0.17;3.6;1.9;0;662;230;99;68;97165;4.15;0;0.29;0.37
2010;7;15;196;31.4;26;20.4;22;20.5;18.5;-0.3;-0.5;0.17;3.6;1.9;0;591;211;82;63;97246;3.73;4.17;0.28;0.37
2010;7;16;197;31;26.1;20.3;21.6;20.5;19.7;-0.4;0.1;0.17;3.6;1.9;0;584;199;82;52;97662;3.7;0.26;0.28;0.37
2010;7;17;198;31.9;26.4;20.8;21.5;19.9;17.9;0.1;0.3;0.17;3.6;1.9;0;665;218;93;59;97520;4;7.32;0.28;0.37
2010;7;18;199;25.2;21.3;17.7;18.6;13.4;11;0.7;-3.1;0.17;3.6;1.9;0;599;191;88;59;97943;4.64;6.59;0.29;0.37
2010;7;19;200;23.6;20.2;16.2;14.8;13.2;10.5;-0.8;-1.6;0.17;3.6;1.9;0;430;146;77;48;98067;3;0.04;0.29;0.37
2010;7;20;201;25.7;21.7;17.8;17.9;15.8;14.1;-0.4;0.3;0.17;3.6;1.9;0;575;184;87;55;97641;3.23;0.25;0.28;0.37
2010;7;21;202;30;24.5;16.9;18.8;17;15.4;0.1;1;0.17;3.6;1.9;0;673;237;103;73;97213;4.12;0.02;0.28;0.37
2010;7;22;203;32.4;26.6;19.9;20;16.6;13.7;-0.4;1.2;0.17;3.6;1.9;0;701;246;111;82;97189;4.3;0;0.28;0.37
2010;7;23;204;30.2;25.1;18.8;21;18.4;16.1;-0.3;0;0.17;3.6;1.9;0;584;203;82;68;97057;3.7;2.28;0.27;0.36
2010;7;24;205;22.7;19.3;15;18.4;12;9.7;1.8;-2.7;0.17;3.6;1.9;0;492;142;75;50;97050;3.7;6.86;0.27;0.36
2010;7;25;206;21.8;17.6;14.6;11.4;7.4;4.4;1;-2.9;0.17;3.6;1.9;0;727;214;125;69;97140;4.22;0.17;0.28;0.36
2010;7;26;207;20.5;17.4;13.7;11.6;8.4;6.6;0.1;-1.8;0.17;3.6;1.9;0;455;166;94;67;97177;2.83;0.07;0.27;0.36
2010;7;27;208;23.3;18.6;13.3;11.9;10.9;9.5;0.8;-1.2;0.17;3.6;1.9;0;608;200;111;70;97323;3.29;0.66;0.27;0.36
2010;7;28;209;25.3;20.7;15.2;13.3;10.4;8.6;1.5;-0.7;0.17;3.6;1.9;0;606;199;101;70;97406;3.43;0.21;0.27;0.36
2010;7;29;210;23.9;19;15.2;16.7;14.1;11;-0.1;0.4;0.17;3.6;1.9;0;501;139;91;50;97046;2.85;17.95;0.27;0.36
2010;7;30;211;19.4;16.2;13.8;12.8;12.2;11.3;0.6;-1.1;0.17;3.6;1.9;0;392;79;53;28;97304;2.07;8.73;0.29;0.36
2010;7;31;212;22.6;18.4;13.5;15.5;12.7;11;0.2;-0.8;0.17;3.6;1.9;0;534;145;84;54;97655;2.57;0;0.29;0.36
2010;8;1;213;26.6;20.5;12.3;15.9;14.1;11.7;0.3;0.5;0.17;3.6;1.9;0;706;245;121;82;97688;4.12;0;0.29;0.36
2010;8;2;214;28.6;22.6;15.5;17.7;16.2;14;-0.4;1.3;0.17;3.6;1.9;0;690;247;115;82;97406;4.26;0;0.28;0.36
2010;8;3;215;23;20.1;15.5;18.8;16.9;14.2;0.4;-0.9;0.17;3.6;1.9;0;432;147;62;49;97069;3.19;12.24;0.28;0.36
2010;8;4;216;23.6;19.1;13.1;14.3;12.6;11;-0.1;-1;0.17;3.6;1.9;0;533;192;87;68;97108;3.68;0.09;0.29;0.36
2010;8;5;217;22.9;18.9;14.3;16.8;14.6;11.8;-0.7;-0.5;0.17;3.6;1.9;0;544;164;83;54;96720;2.83;18.5;0.29;0.36
2010;8;6;218;20.9;18.2;16.3;16.2;15.2;12.4;0;-1.3;0.17;3.6;1.9;0;273;98;53;27;96927;2.64;9.83;0.3;0.36
2010;8;7;219;20;17;14.3;15.7;13.1;11.3;0.8;0.3;0.17;3.5;1.9;0;355;100;54;40;97492;2.11;2.37;0.31;0.36
2010;8;8;220;24.7;19.3;12.9;16.4;13.9;12;0.5;0.6;0.17;3.5;1.9;0;639;214;111;65;97682;3.97;1.04;0.3;0.36
2010;8;9;221;22.6;18.9;14.4;17.4;15.8;13.6;-0.1;-0.2;0.17;3.5;1.9;0;457;159;76;52;97719;2.85;4.94;0.31;0.36
2010;8;10;222;24.3;19.6;14.2;18;16.5;14.2;0.3;-0.1;0.17;3.5;1.9;0;524;177;80;55;97710;2.98;1.47;0.31;0.36
2010;8;11;223;26.8;21.1;13.9;18.1;15.9;13.7;0.1;1.2;0.17;3.5;1.9;0;655;215;108;70;97585;4.06;0.03;0.3;0.36
2010;8;12;224;26.7;22;17.7;17.7;15.8;14.5;-0.4;1.3;0.17;3.5;1.9;0;601;215;102;74;97404;3.9;0.03;0.3;0.36
2010;8;13;225;25.4;20.6;16.2;19.7;17.6;15.1;0.2;-0.3;0.17;3.5;1.9;0;446;147;66;43;97428;2.89;29.67;0.3;0.36
2010;8;14;226;26.2;20.9;14.8;19.1;17.1;14.7;0;0.8;0.17;3.5;1.9;0;640;210;98;59;97506;3.89;12.71;0.32;0.36
2010;8;15;227;26.9;21.8;17.3;19.7;16.6;13;0.3;1.8;0.17;3.5;1.9;0;585;182;108;65;97317;3.9;0.41;0.33;0.36
2010;8;16;228;23.4;19.5;14.9;15.8;13.1;10.3;0.9;1.2;0.17;3.5;1.9;0;519;187;118;78;97248;3.71;2.07;0.32;0.36
2010;8;17;229;22.9;18.8;14.6;14.9;13.2;11.6;-0.1;0.2;0.17;3.5;1.9;0;508;157;84;54;97328;3.18;6.71;0.32;0.36
2010;8;18;230;21.6;18.4;15.5;16.2;14.8;13.6;-0.2;0.5;0.16;3.4;1.9;0;293;98;49;30;97277;2.22;1.93;0.33;0.36
2010;8;19;231;22.4;19.3;15.9;17.4;15.9;14.7;0.2;-0.4;0.16;3.4;1.9;0;351;113;72;43;97629;2.07;0.3;0.33;0.36
2010;8;20;232;22;19;16.7;15.9;14.7;13.8;-0.9;-0.5;0.16;3.4;1.9;0;371;98;60;34;98252;1.95;0.09;0.32;0.36
2010;8;21;233;25.2;20.5;14.9;18.4;16;14.2;-0.4;-0.2;0.16;3.4;1.9;0;546;180;97;57;98406;3.16;0.01;0.32;0.36
2010;8;22;234;26.3;21.2;15.1;18.7;16.4;14.9;-0.2;1;0.16;3.4;1.9;0;601;206;110;71;97988;3.6;0.01;0.32;0.36
2010;8;23;235;27.9;21.8;14.9;17.8;16.3;13.7;-0.1;1.8;0.16;3.3;1.9;0;653;214;107;77;97162;3.86;0;0.31;0.35
2010;8;24;236;23.9;20;16.3;19;16.6;15.5;0.5;-0.4;0.16;3.3;1.9;0;366;123;63;45;97067;2.66;5.01;0.31;0.35
2010;8;25;237;17.9;16.6;13.8;15.7;14.4;13;0.1;0.3;0.16;3.3;1.9;0;164;52;57;28;97719;1.43;4.63;0.32;0.35
2010;8;26;238;26.3;19.8;12.6;18.5;15.9;12.3;0.5;1.2;0.16;3.3;1.9;0;645;199;103;67;97562;3.37;0;0.32;0.35
2010;8;27;239;28.6;21;15.7;20.1;17.2;14.9;0.8;1;0.16;3.2;1.9;0;589;172;83;52;96758;3.46;11.2;0.31;0.35
2010;8;28;240;21.8;17;12.9;15.5;13.4;7.9;0.5;-0.9;0.16;3.2;1.9;0;486;111;84;49;96991;2.68;4.42;0.32;0.35
2010;8;29;241;18.5;14.6;9.8;9;7.4;6.2;0.7;0.2;0.16;3.2;1.9;0;549;180;103;86;97512;3.12;0.14;0.32;0.35
2010;8;30;242;13.4;11.4;6.7;11.2;9;5.7;0.1;-0.4;0.16;3.2;1.9;0;143;47;82;46;96987;1.23;12.49;0.32;0.35
2010;8;31;243;15.2;11;5.5;6.9;5.8;4.4;2.8;-1.8;0.16;3.1;1.9;0;390;118;78;62;97015;2.47;1.01;0.33;0.35
2010;9;1;244;18.2;14.2;11.3;6.4;5.1;3.1;2.6;-2.7;0.16;3.1;1.9;0;636;192;117;87;97376;3.5;0;0.33;0.35
2010;9;2;245;19.1;14.3;8.3;10.2;8;5.7;0.3;0;0.16;3.1;1.9;0;541;157;93;75;97620;2.5;0.16;0.33;0.35
2010;9;3;246;16.6;13.3;10.1;11.9;10.7;8.8;-0.1;-0.4;0.16;3.1;1.9;0;296;69;71;39;97856;1.17;1.86;0.33;0.35
2010;9;4;247;17.6;13.9;10;14.3;12.1;9.1;0;-0.4;0.16;3.1;1.9;0;334;104;76;44;97710;1.76;9.78;0.33;0.35
2010;9;5;248;17.1;12.6;6.4;10;7.6;6.2;-0.4;-0.4;0.16;3;1.9;0;535;149;96;61;97971;2.48;0.44;0.33;0.35
2010;9;6;249;15.3;12.2;9.7;8.9;7.6;6.5;-0.6;-0.3;0.16;3;1.9;0;412;106;91;49;97842;1.97;2.31;0.33;0.35
2010;9;7;250;13;11.3;8.5;11.2;9.7;7.2;-0.9;1;0.16;3;1.9;0;159;39;63;20;97350;0.86;3.2;0.33;0.35
2010;9;8;251;19.2;14.9;11;15.6;13.3;10.9;-1.1;0.6;0.16;3;1.9;0;316;86;35;18;96924;1.41;5.74;0.33;0.35
2010;9;9;252;19;16.3;14.4;15.1;13.7;12.6;0.2;-0.6;0.15;2.9;1.9;0;362;90;57;30;97424;1.69;3.33;0.34;0.35
2010;9;10;253;19.7;15.9;13;12.4;10.8;9.5;0.3;-2.1;0.15;2.9;1.9;0;332;91;64;45;97861;2.02;0.68;0.34;0.35
2010;9;11;254;20.1;16.2;12.6;12.1;10.5;9.4;-0.1;-2;0.15;2.9;1.9;0;425;127;83;61;97904;2.34;0.36;0.34;0.35
2010;9;12;255;19.2;15.1;10;13.9;11.9;9.2;0.3;-0.3;0.15;2.9;1.9;0;274;94;65;43;97895;1.38;0.08;0.34;0.35
2010;9;13;256;20.5;15.8;10.2;13.8;11.8;9.4;0.5;-1.1;0.15;2.9;1.9;0;389;112;69;49;97914;1.99;0.97;0.33;0.35
2010;9;14;257;20;16.3;12.1;12.3;11;9.5;0.1;-0.2;0.15;2.8;1.9;0;544;142;101;59;98145;2.26;0.07;0.33;0.35
2010;9;15;258;22.8;17.6;12.5;15;13.3;11;0;1.2;0.15;2.8;1.9;0;453;146;94;62;97446;2.24;0.02;0.33;0.35
2010;9;16;259;16;14.7;13.7;13.8;13.1;12.6;-0.4;-0.9;0.15;2.8;1.9;0;133;34;40;16;97269;0.92;5.84;0.33;0.35
2010;9;17;260;15.5;14.1;13.1;14;13.1;11.7;-0.1;-0.3;0.15;2.7;1.9;0;70;19;23;15;97245;0.44;33.82;0.35;0.35
2010;9;18;261;12.9;12;10.8;11.7;10.1;9.3;0;-0.3;0.15;2.7;1.9;0;163;29;31;20;97624;0.89;22.59;0.38;0.35
2010;9;19;262;14.5;11.9;8.5;10.3;8.9;7.1;-0.2;-0.6;0.15;2.6;1.9;0;297;79;97;43;97625;1.55;6.89;0.39;0.35
2010;9;20;263;17.1;11.8;5.9;8.4;6.9;5.4;0.3;0.4;0.15;2.6;1.9;0;574;169;127;85;98008;2.18;0;0.39;0.35
2010;9;21;264;19.3;13.1;6.4;11;8.8;5.4;0.2;0.5;0.15;2.6;1.9;0;576;168;122;83;98078;2.1;0;0.39;0.35
2010;9;22;265;19.6;13.5;6.8;13;9.8;6.3;0.3;0.1;0.15;2.5;1.9;0;572;163;123;79;98246;1.99;0;0.38;0.35
2010;9;23;266;20;13.9;7;12.4;10.4;6.8;0;0.8;0.15;2.5;1.9;0;567;164;127;81;97891;2.02;0;0.38;0.35
2010;9;24;267;20.9;15.1;9.1;14.5;12.4;8.8;-0.2;1.5;0.15;2.4;1.9;0;511;141;97;61;96876;1.85;0.34;0.38;0.35
2010;9;25;268;16.3;14.4;12.3;14.4;13.1;12;-0.6;-0.9;0.15;2.4;1.9;0;194;45;32;19;96006;1.03;24.64;0.38;0.35
2010;9;26;269;13.2;11.9;10.4;11.4;8.5;6.8;1.6;-1.1;0.15;2.4;1.9;0;161;32;42;17;96227;1.81;9.09;0.4;0.35
2010;9;27;270;13.8;10.8;8.2;10.5;8.5;6.9;0.3;0.2;0.15;2.3;1.9;0;199;54;56;36;96908;0.82;0.95;0.4;0.35
2010;9;28;271;16.9;11.9;7.6;9.5;7.4;5.9;0.5;-0.5;0.15;2.3;1.9;0;404;107;95;50;97200;1.6;0.06;0.4;0.36
2010;9;29;272;16;11.7;8.2;8.3;6.9;5.7;0.5;-0.5;0.15;2.2;1.9;0;374;118;92;61;97550;1.72;0.99;0.4;0.36
2010;9;30;273;13;10;7;9.7;7.6;5.9;-0.9;0.2;0.15;2.2;1.9;0;343;92;80;40;97688;1.21;1.55;0.39;0.36
2010;10;1;274;11.2;10.1;9.2;7.9;7;5.6;-0.8;0.5;0.15;2.2;1.9;0;101;28;28;14;97693;0.71;0.43;0.39;0.36
2010;10;2;275;15;11.9;9;10.2;8.9;7.1;-1;0.8;0.14;2.1;1.9;0;209;56;50;25;97881;0.78;0.35;0.39;0.36
2010;10;3;276;15.3;12.6;10.2;10.5;9.7;8.6;-1.8;1.6;0.14;2.1;1.9;0;244;59;44;25;97821;1.02;0.78;0.39;0.36
2010;10;4;277;19.3;14.8;11;13;11.1;8.1;-1;3;0.14;2;1.9;0;336;87;71;41;97235;1.28;0.18;0.39;0.36
2010;10;5;278;18.5;15.1;11.4;15.9;13.6;11.1;-1.2;1.1;0.14;2;1.9;0;278;58;49;27;97033;0.98;11.45;0.39;0.36
2010;10;6;279;11.2;11;10.5;11;10.3;9.9;-1.1;-1;0.14;2;1.9;0;71;14;26;10;97804;0.71;5.94;0.4;0.36
2010;10;7;280;15.5;11.9;8.9;10.1;9;7.4;-0.6;0.3;0.14;1.9;1.9;0;386;89;96;44;98407;1.19;0.05;0.4;0.36
2010;10;8;281;13.3;10.3;7.8;8.7;6.1;4.6;-0.8;0.1;0.14;1.9;1.9;0;299;84;78;55;98593;0.98;0.09;0.39;0.36
2010;10;9;282;13.8;9.7;5.2;6.5;5.2;3.9;-0.1;0.1;0.14;1.8;1.9;0;476;127;127;79;98202;1.25;0;0.39;0.36
2010;10;10;283;13.4;7.7;1.9;6.3;4.2;1.6;0.3;-0.1;0.14;1.8;1.9;0;493;127;131;82;97504;1.15;0;0.39;0.36
2010;10;11;284;14;8.5;2.1;6.5;4.5;1.5;0.3;-0.1;0.14;1.8;1.9;0;479;123;111;75;97445;1.14;0;0.39;0.36
2010;10;12;285;13.6;8.3;1.8;6.8;4.8;1.5;0.4;-0.4;0.14;1.7;1.9;0;404;113;121;67;97471;1.03;0;0.39;0.36
2010;10;13;286;14;9.8;6.4;7.3;6.1;4.9;-0.1;-1;0.14;1.7;1.9;0;347;87;81;47;97375;0.88;0.01;0.38;0.36
2010;10;14;287;14;9.2;5.2;7.3;6;4.2;-0.2;-0.6;0.14;1.6;1.9;0;448;108;123;70;97160;0.97;0;0.38;0.36
2010;10;15;288;11.6;7.4;1.9;5.7;4.1;1.6;-0.1;-0.2;0.14;1.6;1.9;0;324;88;85;52;97086;0.76;0;0.38;0.36
2010;10;16;289;11.3;8.8;6.8;5.8;4.8;3.8;-0.4;-0.4;0.14;1.6;1.9;0;306;66;74;42;96928;0.65;0.21;0.38;0.36
2010;10;17;290;8.2;7;6.2;6.6;5.6;5;-0.3;-2;0.14;1.6;1.9;0;90;23;38;19;97291;0.99;13.33;0.38;0.36
2010;10;18;291;9.9;7.8;6.3;5.7;5.2;4.3;-0.3;-1.9;0.14;1.6;1.9;0;121;29;25;16;97490;0.88;2.61;0.39;0.37
2010;10;19;292;9.5;7.8;6.6;6.1;4.9;3.8;0.6;-0.7;0.14;1.5;1.9;0;139;26;29;20;96894;0.59;1.51;0.39;0.37
2010;10;20;293;7.2;5;0.9;5.6;3.6;0.1;0.9;0.4;0.13;1.5;1.9;0;108;28;93;47;96781;0.53;6.88;0.39;0.37
2010;10;21;294;10.7;4.6;-0.9;2.5;-1.1;-4.7;0.9;-0.1;0.13;1.5;1.9;0;451;110;120;83;98149;1.09;0.01;0.39;0.37
2010;10;22;295;11.4;5.4;1;3.9;1.9;-0.3;0.4;0.4;0.13;1.5;1.9;0;446;117;124;80;98236;0.8;0;0.39;0.37
2010;10;23;296;14.1;6.9;-0.3;7.7;3.7;-0.8;0.7;1.2;0.13;1.5;1.9;0;390;93;97;65;97599;0.74;0;0.39;0.37
2010;10;24;297;14.9;9.4;4.6;8.2;6.3;4.1;0.2;0.8;0.13;1.5;1.9;0;383;81;99;51;97039;0.84;5.43;0.39;0.37
2010;10;25;298;7;5.8;4;5.6;3.9;1.3;0.3;-2.7;0.13;1.5;1.9;0;60;14;16;12;97246;1.75;14.04;0.4;0.37
2010;10;26;299;8.5;4.8;1.4;1.3;0.1;-1.3;0.4;-2.3;0.13;1.4;1.9;0;192;49;92;47;98222;1.32;2.15;0.4;0.37
2010;10;27;300;8.5;3.9;-0.3;0.4;-1;-2.5;-0.3;-1;0.13;1.4;1.9;0;424;110;127;86;98616;0.74;0;0.4;0.37
2010;10;28;301;8.5;3.1;-1.1;0.4;-1.3;-3;0.5;0.7;0.13;1.4;1.9;0;432;108;121;80;98404;0.69;0;0.4;0.37
2010;10;29;302;11.5;4.3;-1;3.3;0.2;-3.2;0;1.1;0.13;1.4;1.9;0;414;104;115;78;98014;0.69;0;0.4;0.37
2010;10;30;303;14.3;6.9;0.6;6.5;3.1;-1.1;0.7;2;0.13;1.4;1.9;0;414;103;119;84;97306;0.66;0;0.39;0.37
2010;10;31;304;15.2;9.6;4.8;9.1;6.7;3.8;-0.1;2.4;0.13;1.4;1.9;0;336;78;79;65;97251;0.59;0;0.39;0.37
2010;11;1;305;17.2;11.5;7.7;11.5;9;6.5;0;1.9;0.12;1.4;1.9;0;306;73;85;56;97219;0.52;0;0.39;0.37
2010;11;2;306;13.9;9.9;6.6;11.4;8.9;6.4;0.4;0;0.12;1.4;1.9;0;185;45;54;32;97399;0.43;1.75;0.39;0.37
2010;11;3;307;13.4;9.4;6.4;10.7;8.5;6.1;0.6;0.1;0.12;1.3;1.9;0;138;36;61;34;97830;0.19;0.39;0.39;0.37
2010;11;4;308;16.3;9.4;5;10.6;7.5;4.8;1.1;0.4;0.12;1.3;1.9;0;373;84;108;57;98463;0.65;0;0.39;0.37
2010;11;5;309;18.5;10.1;4.3;11.6;7.5;3.7;1.3;0.3;0.12;1.3;1.9;0;383;92;113;74;98273;0.64;0;0.38;0.37
2010;11;6;310;15.6;9;3.7;10.1;7.1;3.6;0.6;-0.1;0.12;1.3;1.9;0;377;85;113;63;97490;0.6;0;0.38;0.37
2010;11;7;311;14.4;9.7;5.3;8.6;7.3;5.1;0.5;1.9;0.12;1.3;1.9;0;266;59;84;46;96345;0.49;0.24;0.38;0.37
2010;11;8;312;11.4;9.7;7.5;10.7;8;2.7;-0.5;2.3;0.12;1.3;1.9;0;103;24;62;36;94750;0.78;10.01;0.38;0.37
2010;11;9;313;12;8.3;5.7;7.8;4.8;1.8;0.3;2;0.12;1.3;1.9;0;297;59;89;54;94527;0.63;5.01;0.39;0.37
2010;11;10;314;10.2;6.5;4;7.2;4.8;3.4;1;1.4;0.12;1.2;1.9;0;197;44;84;54;95398;0.59;3.36;0.39;0.37
2010;11;11;315;11;6.4;1.4;4.8;3.4;0.5;0;0.7;0.12;1.2;1.9;0;304;68;87;58;96882;0.66;0.56;0.39;0.37
2010;11;12;316;13.1;8.9;5.6;5.5;4.8;4.1;1.6;1.5;0.12;1.2;1.9;0;327;69;93;54;96462;0.68;0.01;0.39;0.37
2010;11;13;317;15.3;8.9;4.6;8.8;5.9;3.4;1.3;1.2;0.11;1.2;1.9;0;299;71;108;70;96734;0.45;0;0.39;0.38
2010;11;14;318;16;9.7;4.3;9;6.6;3.7;1.6;2;0.11;1.2;1.9;0;347;82;110;80;96894;0.55;0;0.39;0.38
2010;11;15;319;16.6;10.3;4.7;10;7.6;4.2;1.2;1.7;0.11;1.2;1.9;0;345;81;111;78;97070;0.45;0;0.39;0.38
2010;11;16;320;13.9;9.5;5.4;9.7;7.9;5.1;0.1;-0.6;0.11;1.2;1.9;0;260;55;73;47;97069;0.3;0.29;0.38;0.38
2010;11;17;321;11.8;9.1;6.6;9.5;7.7;5.7;0.1;-0.3;0.11;1.2;1.9;0;154;31;42;21;96824;0.37;10.1;0.38;0.38
2010;11;18;322;12.1;9.1;6.1;8.4;7;5.3;-0.3;1.7;0.11;1.2;1.9;0;205;46;74;40;96876;0.55;0.36;0.39;0.38
2010;11;19;323;8.5;6;2.8;7.5;5.5;2.6;0.1;-0.4;0.11;1.2;1.9;0;57;13;56;27;97457;0.23;6.96;0.4;0.38
2010;11;20;324;7.6;5.2;3.5;5.2;4.3;3.4;-0.6;0;0.11;1.2;1.9;0;147;29;55;25;97686;0.31;0.6;0.4;0.38
2010;11;21;325;7.2;5.4;3.3;6.2;4.9;3.2;-0.5;-0.1;0.11;1.2;1.9;0;68;16;26;9;96940;0.25;9.17;0.4;0.38
2010;11;22;326;10.7;7.1;3.1;7.7;6.2;2.7;0.1;0.7;0.11;1.2;1.9;0;126;26;67;30;95740;0.3;9.65;0.41;0.38
2010;11;23;327;7.7;4.1;1.8;3.9;1.2;-2.7;0.3;-0.8;0.11;1.2;1.9;0;161;36;90;50;95858;0.42;0.77;0.41;0.38
2010;11;24;328;7.2;1.9;-1.7;1.1;-2.5;-3.9;1;0.6;0.11;1.2;1.9;0;291;59;95;68;96369;0.36;0.03;0.41;0.38
2010;11;25;329;5.7;0.7;-2.4;-0.6;-2.5;-4.7;0.1;0.6;0.11;1.2;1.9;0;295;67;110;74;96548;0.27;0;0.4;0.38
2010;11;26;330;1.7;-0.2;-2.8;-0.6;-1.6;-3.2;-0.1;-0.7;0.13;1.2;1.9;1.46;163;34;70;39;95992;0.18;8;0.4;0.38
2010;11;27;331;3;-0.1;-2.4;-2.5;-4.8;-6.9;0.8;0.9;0.23;1.2;1.9;7.51;243;53;112;67;96498;0.5;0.57;0.4;0.38
2010;11;28;332;2;-0.1;-2.2;0.7;-2;-4.8;-0.2;-0.9;0.26;1.2;1.9;10.97;96;19;56;24;96440;0.09;20.17;0.4;0.38
2010;11;29;333;1.6;-1.1;-5;-0.6;-2.6;-6.3;1.1;0;0.35;1.2;1.9;26.25;144;27;70;39;95960;0.13;2.66;0.4;0.38
2010;11;30;334;-0.4;-5.8;-15.4;-3.1;-8;-17.6;-0.1;-0.7;0.35;1.2;1.9;25.8;210;44;80;47;97188;0.24;0.56;0.4;0.38
2010;12;1;335;-2.4;-2.9;-3.9;-3.4;-4.1;-5.2;-0.7;-0.8;0.35;1.2;1.9;32.61;26;6;36;12;96216;0.08;11.63;0.4;0.38
2010;12;2;336;-0.4;-3.2;-7.5;-2;-4.6;-8.9;-0.2;-1;0.35;1.2;1.9;38.96;59;13;39;12;96561;0.15;4.44;0.39;0.38
2010;12;3;337;0;-1.8;-3;-1.5;-2.7;-4.1;-0.2;-0.3;0.35;1.2;1.9;47.14;51;12;74;21;96706;0.07;8.59;0.39;0.39
2010;12;4;338;-1.2;-6.2;-11.9;-3.8;-8.2;-13;0.4;-0.4;0.35;1.2;1.9;50.65;170;35;72;45;97756;0.14;0.46;0.39;0.39
2010;12;5;339;-1.8;-8.1;-16.8;-5.4;-10.7;-18.6;0.9;1.2;0.35;1.2;1.9;50.73;197;41;82;43;97549;0.14;0;0.39;0.39
2010;12;6;340;5.3;0.4;-5.7;2.2;-1.6;-7.2;0.9;2;0.35;1.2;1.9;48.93;206;39;69;37;96358;-0.16;0;0.39;0.39
2010;12;7;341;5.6;3.4;1.6;3.6;2.6;1.1;1.3;1.1;0.34;1.2;1.9;40.76;214;43;87;34;96361;-0.32;0.31;0.4;0.39
2010;12;8;342;7.1;4.9;2.7;6.1;4.3;2.5;1.4;1.1;0.34;1.2;1.9;31.38;144;24;48;18;96450;-0.54;1.06;0.4;0.39
2010;12;9;343;4.3;0.1;-6.1;3.1;-3.1;-8.9;1.1;-0.7;0.32;1.2;1.9;25.58;65;10;83;37;96963;0.21;3.5;0.41;0.39
2010;12;10;344;0.4;-3.8;-6.9;-5.6;-8.9;-11.3;1.7;-1.1;0.33;1.2;1.9;26.89;190;38;113;60;97974;0.48;2.06;0.41;0.39
2010;12;11;345;3.1;-1.3;-6.1;-2.7;-6.5;-12.5;1.7;0.3;0.33;1.2;1.9;27.56;99;20;80;32;97472;0.34;0.64;0.41;0.39
2010;12;12;346;5;-0.9;-5.6;-2.4;-5.5;-8.1;1.8;-0.1;0.32;1.2;1.9;26.55;208;41;105;62;96614;0.32;0.02;0.4;0.39
2010;12;13;347;-1.5;-4.8;-9.8;-5.9;-10.3;-16.1;1;-2.1;0.32;1.2;1.9;25.58;212;45;108;65;97211;0.47;0.08;0.4;0.39
2010;12;14;348;-2.9;-7.4;-11;-11.4;-14.2;-17.1;1.9;-1;0.31;1.2;1.9;25.3;205;42;92;54;97574;0.33;0.08;0.4;0.39
2010;12;15;349;-2.3;-4.6;-6.9;-9.9;-12;-13.1;1.5;-0.8;0.31;1.2;1.9;25.23;139;30;70;38;97609;0.32;0.32;0.4;0.39
2010;12;16;350;-4.2;-6.1;-10;-11.3;-12.3;-14.2;-0.4;-0.8;0.31;1.2;1.9;25.2;163;36;81;52;97245;0.25;0.1;0.4;0.39
2010;12;17;351;-3.4;-6.8;-10.8;-9.7;-11.3;-13.2;0.1;1.1;0.31;1.2;1.9;25.13;176;39;85;44;95941;0.25;0.8;0.39;0.39
2010;12;18;352;-3.1;-7.8;-16.4;-7.3;-10.4;-18.6;0;-0.3;0.34;1.2;1.9;29.98;139;29;94;43;96115;0.11;5.35;0.39;0.39
2010;12;19;353;-1.4;-10;-18.8;-5.6;-12.6;-20.5;1.1;1.2;0.34;1.2;1.9;30.95;197;41;97;58;96646;0.1;0;0.39;0.39
2010;12;20;354;3.3;-4.8;-10.6;-2.3;-7.3;-12.2;1.2;0.4;0.34;1.1;1.9;30.5;205;44;95;54;96508;0.07;0;0.39;0.39
2010;12;21;355;4.2;-2.9;-9.2;0.8;-4.5;-10.3;1.3;0.7;0.34;1.1;1.9;29.1;204;42;96;48;96952;-0.04;0.02;0.39;0.39
2010;12;22;356;6.5;3;0.2;4.2;2.1;-0.5;0.9;1.6;0.32;1.1;1.9;25.73;124;22;47;22;96713;-0.33;1.26;0.39;0.39
2010;12;23;357;8.6;3.8;1;6.4;3.3;1;0.4;0.8;0.29;1.1;1.9;20.84;166;35;60;26;96272;-0.18;0.22;0.4;0.39
2010;12;24;358;8.1;3.8;0.6;6.7;3.4;0.6;0.3;-0.7;0.26;1.1;1.9;16.41;115;23;29;6;95494;-0.12;8.21;0.4;0.39
2010;12;25;359;3.5;1.4;-3;2.5;-3.6;-9.6;1;-2;0.24;1.1;1.9;12.9;80;15;78;25;96380;0.57;3.16;0.41;0.39
2010;12;26;360;-2.1;-3;-4.1;-9.6;-11;-12.6;0.4;-1.6;0.24;1.1;1.9;12.6;101;23;51;34;97834;0.29;0.25;0.41;0.4
2010;12;27;361;-0.8;-3.5;-5.1;-8.2;-9.9;-11.8;0.7;-0.3;0.24;1.1;1.9;12.51;232;49;109;65;98155;0.18;0.03;0.41;0.4
2010;12;28;362;1;-3.6;-7;-6.7;-8.7;-10.1;0.6;0;0.24;1.1;1.9;12.19;241;52;108;67;98014;0.17;0;0.4;0.4
2010;12;29;363;-1.9;-4.2;-6;-6.2;-7.2;-8.7;-0.4;0.2;0.23;1.1;1.9;11.87;182;38;91;48;98380;0.12;0.05;0.4;0.4
2010;12;30;364;0.3;-4;-6.9;-4.6;-6.5;-8.1;-0.1;0.3;0.23;1.1;1.9;11.42;238;52;106;64;98361;0.1;0;0.4;0.4
2010;12;31;365;0.2;-4.6;-8.5;-4.2;-6.7;-9.4;0.3;0.2;0.23;1.1;1.9;10.92;227;46;96;53;98121;0.11;0;0.4;0.4
2011;1;1;1;2.3;-3.6;-7.6;-3;-6;-8.6;0.5;0;0.22;1.1;1.9;10.33;242;51;102;60;97649;0.1;0;0.4;0.4
2011;1;2;2;0.9;-3.9;-7.5;-2;-5.8;-8.9;0.8;-0.2;0.24;1.1;1.9;10.97;117;24;101;41;97620;0.07;1.62;0.4;0.4
2011;1;3;3;0.6;-5.6;-10.4;-6.5;-9.5;-12.2;1.3;-0.3;0.25;1.1;1.9;11.5;240;50;110;64;97988;0.2;0;0.39;0.4
2011;1;4;4;-1.2;-6.4;-11.7;-7;-9.5;-12.9;0.1;0.6;0.24;1;1.9;11.26;226;49;103;57;98020;0.16;0.03;0.39;0.4
2011;1;5;5;-1.3;-5.3;-7.8;-7.5;-7.9;-8.8;-0.5;1;0.24;1;1.9;11.12;189;42;86;56;97835;0.16;0.13;0.39;0.4
2011;1;6;6;3.4;-3.7;-9.4;-2.5;-6.4;-10.9;1;1;0.23;1;1.9;10.74;250;53;97;57;97416;0.14;0.08;0.39;0.4
2011;1;7;7;8;1.6;-2.2;1.9;-1.1;-3.8;1.5;1.3;0.22;1;1.9;9.41;245;52;95;53;97560;-0.05;0.01;0.39;0.4
2011;1;8;8;8.3;2.9;-0.9;4.8;1.6;-1.2;1.9;1.1;0.19;1;1.9;7.39;140;29;71;38;97557;-0.17;0.1;0.39;0.4
2011;1;9;9;10.4;3.1;-1;5.7;1.7;-1.4;1.4;1.2;0.17;1;1.9;5.39;281;57;109;56;97502;-0.07;0;0.39;0.4
2011;1;10;10;5;2.2;-1;3.7;1.2;-1.5;0.1;-0.3;0.15;1;1.9;4.15;167;32;46;16;97880;0.11;3.52;0.39;0.4
2011;1;11;11;3.8;2.5;1.1;3.7;2.4;1;-0.4;0.3;0.14;1;1.9;3.42;62;15;5;0;97360;-0.04;1;0.39;0.4
2011;1;12;12;7.5;2;-1.1;3.8;0.7;-1.4;0.7;0.6;0.13;1;1.9;2.73;260;53;103;45;97661;0.19;0.02;0.39;0.4
2011;1;13;13;7.5;2.7;0;4.4;1.3;-0.8;1.1;0.5;0.13;1;1.9;2.19;211;40;56;22;97400;0.11;0.25;0.39;0.4
2011;1;14;14;11;4.3;-0.4;8.5;3.3;-0.7;1.1;-0.1;0.12;1;1.9;1.62;199;47;79;31;97581;0.11;0.66;0.39;0.4
2011;1;15;15;10.6;2.9;-1.1;6;0.9;-2.2;1.2;-0.5;0.11;1;1.9;1.18;264;48;92;41;98085;0.18;0.17;0.39;0.4
2011;1;16;16;10.7;2.9;-1.6;4.6;0.1;-2.5;0.7;0.2;0.11;1;1.9;0.86;299;65;95;53;98682;0.2;0;0.39;0.4
2011;1;17;17;8.7;2.3;-2.3;3.7;-0.1;-3.3;0.5;-0.2;0.11;1;1.9;0.65;313;70;108;61;98430;0.15;0;0.39;0.4
2011;1;18;18;7.2;1.5;-1.9;2.7;-0.3;-2.9;0.3;0.1;0.11;1;1.9;0.54;293;64;91;48;98380;0.13;0.04;0.39;0.4
2011;1;19;19;2.1;0.2;-1.4;1.4;-0.5;-2;0.8;-0.3;0.11;0.9;1.9;0.46;38;8;38;16;98081;0.04;10.68;0.39;0.4
2011;1;20;20;3.5;0.5;-1.8;-1.8;-4.7;-7.4;-0.3;-2.1;0.11;0.9;1.9;0.52;239;50;69;50;98001;0.37;0.11;0.39;0.4
2011;1;21;21;1.6;-0.4;-1.9;-5.6;-7;-8.7;-1.4;-3.2;0.11;0.9;1.9;0.56;240;53;81;63;98373;0.27;0.02;0.39;0.4
2011;1;22;22;0.5;-1.7;-2.9;-8.9;-9.2;-9.8;-1.3;-2.4;0.11;0.9;1.9;0.56;283;66;100;79;98382;0.09;0;0.39;0.4
2011;1;23;23;1.9;-2;-5.2;-6.6;-8.7;-10.3;1;-0.8;0.11;0.9;1.9;0.56;332;74;113;79;97892;0.06;0.1;0.39;0.4
2011;1;24;24;0.4;-1.7;-3.7;-4.7;-6.4;-7.9;-0.2;0.3;0.12;0.9;1.9;1.52;256;56;106;53;97803;0.06;1.59;0.39;0.4
2011;1;25;25;3.6;-0.7;-2.8;-3.4;-5;-7.4;0.4;1.2;0.13;0.9;1.9;2.06;321;67;101;53;97257;0.06;0.12;0.39;0.4
2011;1;26;26;4.8;-0.5;-4.5;-2;-3.8;-6.4;0.5;0.3;0.13;0.9;1.9;1.94;312;71;102;70;96744;0.07;0.02;0.39;0.4
2011;1;27;27;1.8;-0.6;-2.7;-1.5;-2.7;-4.5;-1.1;-0.7;0.13;0.9;1.9;2.23;117;26;61;28;97431;0.06;1.88;0.38;0.4
2011;1;28;28;-1.1;-2.1;-3.1;-3.2;-5.7;-6.5;-1.3;-1.3;0.16;0.9;1.9;3.7;141;32;57;32;98212;0.09;0.34;0.38;0.4
2011;1;29;29;-1.3;-2.7;-3.5;-5.9;-6.6;-6.9;-0.4;-0.2;0.16;0.9;1.9;3.8;150;34;57;35;98185;0.06;0.13;0.38;0.4
2011;1;30;30;0;-2.6;-3.9;-5.3;-6.1;-7.2;-0.5;0.4;0.16;0.9;1.9;3.81;272;61;85;48;97886;0.06;0.02;0.38;0.4
2011;1;31;31;-0.6;-2.7;-3.7;-5;-6.2;-6.9;-0.3;0.2;0.16;0.9;1.9;3.75;200;46;76;36;98246;0.06;0.01;0.38;0.4
2011;2;1;32;1.6;-2.7;-5.4;-5.5;-6.9;-7.9;-0.1;0.6;0.15;0.9;1.9;3.6;365;86;123;77;98390;0.06;0;0.38;0.4
2011;2;2;33;2.3;-2.8;-6.2;-5.5;-7.3;-9.2;0.3;0.3;0.15;0.9;1.9;3.3;354;86;122;76;98525;0.05;0;0.38;0.4
2011;2;3;34;4.3;-1.6;-6.2;-4.1;-6.2;-9.2;0.5;0.4;0.14;0.9;1.9;2.89;366;86;117;74;98557;0.06;0;0.38;0.4
2011;2;4;35;7.2;0.5;-3.6;-2.9;-4.4;-5.9;0.8;0.9;0.14;0.9;1.9;2.43;370;86;121;65;98585;0.06;0;0.38;0.4
2011;2;5;36;10.8;2.5;-1.5;4.2;-1.7;-4;1.2;0;0.13;0.9;1.9;1.85;376;90;121;62;98234;0.08;0;0.37;0.4
2011;2;6;37;12;2.9;-2.5;4.4;-1.1;-4.3;0.9;0.2;0.12;0.8;1.9;1.26;376;92;117;68;98395;0.18;0;0.37;0.4
2011;2;7;38;12.8;3;-2.7;4.6;-1.3;-5;0.8;-0.3;0.11;0.8;1.9;0.82;413;102;138;82;98185;0.25;0;0.37;0.4
2011;2;8;39;11.4;3.3;-3.3;2.9;-2.2;-6.3;0.7;-0.2;0.11;0.8;1.9;0.53;418;104;139;80;97886;0.15;0;0.37;0.4
2011;2;9;40;8.3;2.9;-2.3;1.4;-0.7;-3;0;0.3;0.11;0.8;1.9;0.36;364;87;96;63;98260;0.2;0;0.37;0.4
2011;2;10;41;8.2;2.2;-2.4;0.9;-1.1;-3.3;0.4;0.6;0.11;0.8;1.9;0.26;414;100;119;76;98172;0.23;0;0.37;0.4
2011;2;11;42;10.2;2.9;-2.2;3.5;-0.2;-3.7;1.4;0.5;0.11;0.8;1.9;0.18;296;74;97;53;97358;0.31;0.84;0.37;0.4
2011;2;12;43;4.2;1.8;0.1;2.7;-1.4;-4.9;-0.3;0.1;0.1;0.8;1.9;0.16;107;30;39;21;97568;0.45;1.58;0.37;0.4
2011;2;13;44;3.3;0.3;-1.9;-0.4;-3;-5.4;-0.9;0.4;0.11;0.8;1.9;0.65;245;55;54;34;97548;0.23;1.9;0.37;0.4
2011;2;14;45;2.2;0.4;-0.7;-0.3;-0.9;-1.8;-1.1;0.2;0.13;0.8;1.9;1.67;130;32;20;12;97233;0.22;0.78;0.37;0.4
2011;2;15;46;0.1;-0.6;-1.2;-2;-2.8;-3.3;-1.5;0.7;0.14;0.8;1.9;2.89;99;22;22;15;96833;0.15;1.53;0.37;0.4
2011;2;16;47;5.8;1.5;-1.4;2.2;-0.2;-2.3;-1;0;0.15;0.8;1.9;3.34;307;65;64;26;96470;0.17;3.49;0.37;0.4
2011;2;17;48;3.2;1;-0.4;0.6;-0.3;-1.3;-0.8;-0.1;0.21;0.8;1.9;6.59;149;38;48;21;96440;0.28;3.53;0.37;0.4
2011;2;18;49;6.9;1.6;-2.2;1;-0.7;-2.4;-0.4;-0.7;0.19;0.8;1.9;5.7;274;66;74;39;96940;0.27;0.09;0.37;0.4
2011;2;19;50;8.2;2.5;-2.7;0.3;-1.4;-3.7;-0.1;-0.8;0.17;0.8;1.9;4.11;322;85;90;57;97244;0.4;0.02;0.37;0.4
2011;2;20;51;2.2;0.1;-2.8;-2.1;-3.4;-6;-1.4;-0.2;0.16;0.8;1.9;3.57;169;43;58;33;97426;0.21;1.41;0.37;0.4
2011;2;21;52;-0.5;-2.6;-4.2;-6.7;-8.7;-9.8;-1.7;-0.9;0.19;0.9;1.9;5.59;225;58;84;42;97477;0.31;1.47;0.37;0.4
2011;2;22;53;-0.4;-2.9;-4.4;-8.2;-9.1;-9.8;-1.4;-0.4;0.2;0.9;1.9;5.88;297;74;73;49;97398;0.22;0.12;0.36;0.4
2011;2;23;54;0.8;-3.5;-6;-9.6;-12.4;-14;-1.2;-1.4;0.19;0.9;1.9;5.7;387;102;115;82;98070;0.23;0.05;0.36;0.4
2011;2;24;55;2;-2.7;-6;-10.1;-12.2;-14.3;-0.9;-0.2;0.19;0.9;1.9;5.26;467;125;141;94;98501;0.21;0;0.36;0.4
2011;2;25;56;2.5;-1.7;-5.1;-10;-11.2;-13.1;-1;-1.9;0.18;0.9;1.9;4.8;456;114;124;81;98502;0.22;0;0.36;0.39
2011;2;26;57;3.9;-1;-4.3;-4.5;-7.1;-10.3;-0.7;0.6;0.17;0.9;1.9;4.16;463;116;121;72;98203;0.13;0;0.36;0.39
2011;2;27;58;3.2;-0.7;-3.5;-2.8;-4.2;-5.6;-0.7;0.3;0.17;0.9;1.9;3.63;353;90;88;49;97575;0.09;0.61;0.36;0.39
2011;2;28;59;5.1;0.4;-2.2;-1.9;-3.4;-4.3;-0.8;0;0.17;0.9;1.9;3.45;456;113;117;62;98186;0.17;0;0.36;0.39
2011;3;1;60;1.8;-0.3;-1.9;-2.6;-3.3;-4.5;-0.8;-0.8;0.16;0.9;1.9;3.35;163;37;63;29;98792;0.09;0.66;0.36;0.39
2011;3;2;61;2;-0.7;-3.1;-3.5;-5.2;-7.2;-1.5;-1.1;0.17;0.9;1.9;3.79;331;75;72;45;98855;0.19;1.1;0.36;0.39
2011;3;3;62;0.8;-0.9;-2.2;-3.1;-4.3;-5.6;-1;0;0.19;0.9;1.9;4.79;205;51;40;22;98930;0.13;0.48;0.36;0.39
2011;3;4;63;5;0.8;-2.2;-1.7;-3;-4.4;-0.4;0.6;0.18;1;1.9;4.15;418;108;86;56;98878;0.23;0;0.36;0.39
2011;3;5;64;5.7;0.8;-2.2;-0.9;-2.5;-3.8;0.1;0.6;0.16;1;1.9;3.1;490;124;125;70;98035;0.33;0;0.36;0.39
2011;3;6;65;5.8;0.9;-2.8;-2.7;-5.6;-8.7;-0.6;-1.7;0.15;1;1.9;2.42;365;98;97;69;97980;0.34;0;0.36;0.39
2011;3;7;66;2.7;-0.7;-3.2;-9.5;-11.1;-13.5;-1;-2.6;0.15;1;1.9;2.16;499;141;124;96;99149;0.36;0;0.36;0.39
2011;3;8;67;4.7;-0.2;-3.9;-8.9;-10.5;-12.7;-0.2;1.3;0.15;1;1.9;1.95;544;154;139;99;99061;0.25;0;0.36;0.39
2011;3;9;68;8.4;1.8;-2.8;-3.6;-6.6;-9.6;-0.3;1;0.14;1;1.9;1.53;539;150;127;86;98124;0.36;0;0.36;0.39
2011;3;10;69;11.6;3.7;-1.6;2.2;-1.3;-5;0.1;0.1;0.14;1;1.9;1;490;124;108;67;97772;0.48;0.02;0.35;0.39
2011;3;11;70;13.2;4.6;-2.5;3.3;0;-3.4;0.2;0;0.13;1;1.9;0.55;535;150;120;78;97790;0.71;0;0.35;0.39
2011;3;12;71;12.1;5.3;-2;2.3;-0.4;-2.7;1.3;2;0.13;1;1.9;0.26;559;163;127;85;97608;0.92;0;0.35;0.39
2011;3;13;72;13.4;8.7;4.7;4.4;2.9;0;1.4;2.9;0.13;1;1.9;0.09;403;117;92;67;97310;0.85;0;0.35;0.39
2011;3;14;73;15.7;9.7;4.9;7.2;5.6;3.3;1.5;2;0.13;1.1;1.9;0;408;119;106;59;97612;0.81;0.02;0.35;0.39
2011;3;15;74;16.7;10;3.4;8.2;6.2;3.3;0.7;1.5;0.13;1.1;1.9;0;472;131;92;68;97674;0.99;0.18;0.35;0.39
2011;3;16;75;10.9;8.1;4.9;9.1;7.1;4.6;-1;0;0.13;1.1;1.9;0;183;45;60;23;97135;0.64;13.43;0.35;0.39
2011;3;17;76;13.6;9.4;7.1;8.8;6.7;5;0.6;1.5;0.13;1.1;1.9;0;406;79;75;35;96253;1.08;5.66;0.36;0.39
2011;3;18;77;9.2;7.1;5.2;5.8;4.6;3.6;0.6;-0.1;0.13;1.1;1.9;0;242;59;54;33;97244;0.9;3.77;0.36;0.39
2011;3;19;78;9.2;6;3.2;3.7;-0.5;-3.2;-0.3;-2.9;0.13;1.1;1.9;0;409;108;90;51;98101;1.11;0.17;0.36;0.39
2011;3;20;79;9;4.7;1.7;-3.3;-4.9;-7.1;-0.9;-3.6;0.13;1.2;1.9;0;613;163;125;86;98723;1.27;0;0.36;0.39
2011;3;21;80;9;4.3;0.2;-1.6;-3.4;-4.6;-1.1;-1.9;0.13;1.2;1.9;0;573;155;107;82;99140;1.09;0;0.36;0.39
2011;3;22;81;11.5;4.9;-2;1.7;-1.7;-4;0.8;-0.4;0.13;1.2;1.9;0;602;178;138;89;99274;1.22;0;0.36;0.39
2011;3;23;82;16.1;7.6;-1.4;4.7;0.6;-3.7;0.3;-1.3;0.13;1.2;1.9;0;611;186;138;88;99171;1.5;0;0.36;0.39
2011;3;24;83;18;9.5;-0.6;5.2;2.2;-1.2;0.3;0.1;0.13;1.2;1.9;0;617;187;144;92;98945;1.59;0;0.35;0.39
2011;3;25;84;19.4;11;2.5;5.5;3.4;0.4;0.8;0.4;0.13;1.2;1.9;0;621;187;141;90;97803;1.7;0;0.35;0.39
2011;3;26;85;18.7;10.5;3.7;8.4;4.3;2;0.6;-0.1;0.14;1.3;1.9;0;561;166;129;78;97140;1.7;3.28;0.35;0.39
2011;3;27;86;7.7;6.2;4.9;4.9;4;2.9;-1.3;-0.4;0.14;1.3;1.9;0;150;42;38;20;97472;0.73;3.35;0.35;0.39
2011;3;28;87;9.7;6.5;3.5;6.4;4.7;3.1;-0.3;-0.3;0.14;1.3;1.9;0;214;62;52;30;97236;0.59;0.98;0.35;0.39
2011;3;29;88;14.1;8.2;0.6;5.1;2.5;0.4;0.1;-0.1;0.14;1.3;1.9;0;548;168;121;80;97549;1.51;0.16;0.35;0.39
2011;3;30;89;16.1;9.3;0.4;4.4;2.1;-0.4;0.2;0.9;0.14;1.3;1.9;0;642;196;136;90;97626;1.72;0;0.35;0.39
2011;3;31;90;17.3;10.3;0.9;5.6;3.2;0.1;0.2;0.5;0.14;1.4;1.9;0;595;183;133;82;97980;1.73;0.03;0.35;0.39
2011;4;1;91;18.4;12.5;7.3;9.2;5.9;4.2;0.9;-0.7;0.14;1.4;1.9;0;557;138;105;55;98193;1.51;0.2;0.35;0.39
2011;4;2;92;18;12.2;5;8.7;6.7;4.2;-0.1;-0.2;0.14;1.4;1.9;0;481;142;103;66;98010;1.43;0.03;0.34;0.39
2011;4;3;93;19.4;13;4.5;9;7.3;4.1;-0.5;0.1;0.14;1.4;1.9;0;644;182;128;78;97443;1.81;0;0.34;0.39
2011;4;4;94;22;12.3;8;10.1;7.5;5.2;0.7;-1;0.14;1.4;1.9;0;621;161;117;60;97457;2.22;8.78;0.34;0.39
2011;4;5;95;15.9;10.7;5.4;5.1;2.8;0.3;0.6;-2.1;0.14;1.4;1.9;0;503;167;111;80;98329;1.96;0.24;0.35;0.39
2011;4;6;96;18.5;11.4;3.4;8.8;5.2;1.3;0.9;-0.2;0.14;1.5;1.9;0;490;137;92;60;98512;1.41;0;0.34;0.39
2011;4;7;97;25.2;16.4;7.1;11.5;8.6;6;1.7;-0.1;0.14;1.5;1.9;0;624;196;123;77;97926;2.36;0;0.34;0.39
2011;4;8;98;20.1;15.5;10.9;8.4;6;4.1;1.9;-1.5;0.14;1.5;1.9;0;619;190;124;83;97465;2.27;0;0.34;0.39
2011;4;9;99;19.2;13.5;8.5;5.2;2.4;-0.4;0.6;-2.2;0.15;1.5;1.9;0;673;215;145;97;97391;2.42;0;0.34;0.39
2011;4;10;100;17.6;11.5;5.7;3.6;1.2;-0.3;0.3;-1.4;0.15;1.5;1.9;0;642;215;143;102;97845;2.22;0;0.33;0.39
2011;4;11;101;17.7;11.8;4.4;6.4;4;1.2;0.1;-0.6;0.15;1.6;1.9;0;569;152;107;73;97887;1.59;0;0.33;0.39
2011;4;12;102;21;11.6;6.2;9;5.1;1.1;1.8;-1.1;0.15;1.6;1.9;0;578;144;113;61;97214;2.18;4.18;0.33;0.39
2011;4;13;103;10.4;7.6;4.7;0.5;-3;-5.6;2.4;-2.7;0.15;1.6;1.9;0;663;205;124;87;97420;2.03;0.1;0.33;0.38
2011;4;14;104;12.6;8.3;4.6;1.4;-1.5;-3;1.2;-2.2;0.15;1.6;1.9;0;508;157;96;76;97255;1.76;0.09;0.33;0.38
2011;4;15;105;11.8;7.7;3;2;0.6;-0.7;-0.6;-1.9;0.15;1.6;1.9;0;595;175;108;77;97587;1.77;0.6;0.33;0.38
2011;4;16;106;12.3;8.3;4.6;4;2.4;1;-0.4;-1.4;0.15;1.7;1.9;0;555;178;108;73;97996;1.7;0.48;0.33;0.38
2011;4;17;107;14;9.4;1.8;3.8;1.5;0.3;0.1;-0.5;0.15;1.7;1.9;0;597;160;109;67;98244;1.66;0.05;0.32;0.38
2011;4;18;108;15.5;10.7;5;3.7;1.8;0.1;0;-0.5;0.15;1.7;1.9;0;576;160;107;71;98109;1.76;0.01;0.32;0.38
2011;4;19;109;16.9;11;2.7;6.6;2.2;0.7;0.1;-0.5;0.15;1.8;1.9;0;535;181;107;80;97754;1.99;0;0.32;0.38
2011;4;20;110;20.5;13;3.4;5.7;4;1.6;0.3;1.1;0.15;1.8;1.9;0;705;237;145;99;97742;2.61;0;0.32;0.38
2011;4;21;111;22.2;15.1;7.6;7.4;5.8;3.7;-0.1;1;0.15;1.8;1.9;0;698;234;139;98;97582;2.62;0;0.32;0.38
2011;4;22;112;21.9;15.2;7.1;8.2;4.5;1.7;-0.3;1.4;0.16;1.8;1.9;0;712;242;150;104;97341;2.76;0;0.31;0.38
2011;4;23;113;22.3;15.8;8.2;7.9;4.6;2.7;0.4;2;0.16;1.9;1.9;0;714;234;142;98;97237;2.74;0;0.31;0.38
2011;4;24;114;22.2;15.5;8.9;11.4;7.7;4;0.7;0;0.16;1.9;1.9;0;664;201;126;84;97288;2.3;0.16;0.31;0.38
2011;4;25;115;18.7;13.6;8;10.6;8.9;7.6;-0.4;-1;0.16;1.9;1.9;0;608;181;107;62;97527;2.21;6.37;0.31;0.38
2011;4;26;116;14;11.3;9.1;10.7;9.4;7.6;-0.7;-1.7;0.16;2;1.9;0;299;78;46;28;97468;1.71;7.95;0.31;0.38
2011;4;27;117;16.4;11.9;8;10.6;8.4;6;-0.2;-1;0.16;2;1.9;0;463;144;77;49;97369;2.26;5.82;0.32;0.38
2011;4;28;118;17.1;12.4;7.2;9.4;8.1;6.2;-0.1;-0.4;0.16;2;1.9;0;558;165;102;56;97228;2.23;2.25;0.32;0.38
2011;4;29;119;15.5;11.9;7.9;10.6;9.1;7;-0.6;-0.7;0.16;2.1;1.9;0;369;113;77;48;97060;1.83;6.88;0.32;0.38
2011;4;30;120;16.6;11.7;6.4;10.8;8.8;5.9;0;-0.5;0.16;2.1;1.9;0;596;163;104;61;96764;2.23;4.2;0.32;0.38
2011;5;1;121;17.4;12;5.8;10.8;8.5;5.6;0.1;-1.5;0.16;2.1;1.9;0;608;179;110;63;96527;2.47;4.79;0.33;0.38
2011;5;2;122;17.4;12.4;6.1;8.3;6.3;4.6;-0.3;0.5;0.16;2.1;1.9;0;555;192;101;74;96745;2.51;0;0.33;0.38
2011;5;3;123;19.4;11.8;5.9;10.5;6;-1.3;-0.1;-1.2;0.16;2.2;1.9;0;677;193;122;72;96557;2.83;4.68;0.33;0.38
2011;5;4;124;14.1;8.7;3.5;0.5;-1.6;-2.6;-0.7;-2;0.16;2.2;1.9;0;660;225;118;99;97581;2.77;0;0.33;0.38
2011;5;5;125;14.1;8.8;1.8;1.6;0.2;-2;-0.5;-0.6;0.17;2.2;1.9;0;569;205;112;87;98308;2.51;0.37;0.32;0.38
2011;5;6;126;16.4;11.1;5.7;5.4;2.5;-1.2;-0.5;1;0.17;2.3;1.9;0;738;256;139;100;98558;2.91;0;0.32;0.38
2011;5;7;127;19.7;13.9;5.3;8;5.2;2.8;-0.7;-0.6;0.17;2.3;1.9;0;729;254;140;98;98137;3.16;0;0.32;0.38
2011;5;8;128;16.7;10.8;7.3;8.4;5.2;2.4;-0.8;-1.8;0.17;2.3;1.9;0;400;127;90;62;98101;2.02;2.6;0.32;0.38
2011;5;9;129;17;12.5;6.4;6.2;4.2;2.8;-0.5;-2.1;0.17;2.4;1.9;0;644;202;108;80;98625;2.75;0.03;0.31;0.38
2011;5;10;130;21.2;14.9;6.6;9.7;6.5;3.6;0.6;-0.8;0.17;2.4;1.9;0;648;233;127;88;98547;3.12;0;0.31;0.38
2011;5;11;131;23.1;16.6;7.7;10.6;7.9;6;0;-1.1;0.17;2.4;1.9;0;699;239;127;90;98011;3.32;0.01;0.31;0.38
2011;5;12;132;23.9;18;8.6;11.9;9.2;7.1;0.4;-0.3;0.17;2.5;1.9;0;629;220;117;76;97525;3.19;0.1;0.31;0.38
2011;5;13;133;21.1;17.2;11.5;11.9;8.8;6.5;-0.4;-1;0.17;2.5;1.9;0;588;206;102;74;97846;2.99;0.05;0.3;0.38
2011;5;14;134;23.5;17.5;11.5;14.6;11;7.5;-0.1;0.9;0.17;2.5;1.9;0;607;205;101;73;97433;2.79;0.35;0.3;0.37
2011;5;15;135;12.2;10.4;8.3;12;8.2;4.9;1.1;-1.8;0.17;2.5;1.9;0;187;55;56;29;97414;2.34;17.35;0.31;0.37
2011;5;16;136;15.6;12;8.3;5.9;4.2;2.2;0.5;-3;0.17;2.6;1.9;0;542;184;91;68;97977;3.05;0.34;0.31;0.37
2011;5;17;137;18.3;13.7;8.5;11.3;7.5;4.7;0.1;-0.9;0.17;2.6;1.9;0;435;152;78;56;98133;2.21;0.2;0.31;0.37
2011;5;18;138;21.2;15.6;7.3;12.9;9.3;6.5;-0.1;0.6;0.17;2.6;1.9;0;613;223;104;79;98011;3.11;0.04;0.31;0.37
2011;5;19;139;23.8;18;10;12.7;10.3;8.3;-0.2;1.4;0.17;2.6;1.9;0;695;250;128;87;97829;3.63;0;0.3;0.37
2011;5;20;140;22.7;18.1;11.8;14;12.4;9.6;0.6;0.2;0.17;2.7;1.9;0;619;215;103;76;97821;3.08;0.62;0.3;0.37
2011;5;21;141;24.2;17.5;10.2;13.6;11.9;9.2;0.3;-0.5;0.17;2.7;1.9;0;651;214;109;75;97933;3.21;3.19;0.3;0.37
2011;5;22;142;24.3;18.8;10.6;14.5;12.4;10.3;0.4;0.4;0.17;2.7;1.9;0;687;226;113;74;97834;3.58;0.44;0.3;0.37
2011;5;23;143;24;18.9;13;15.1;12.7;10.5;0.3;-1.6;0.17;2.7;1.9;0;592;203;99;71;98163;3.1;1.22;0.3;0.37
2011;5;24;144;25.9;20.3;12;14.6;12.5;10.5;0.3;-0.1;0.17;2.7;1.9;0;648;242;115;81;98044;3.66;0;0.3;0.37
2011;5;25;145;23.3;18.8;15.1;12.9;9.5;5.6;-1.1;-1.9;0.17;2.8;1.9;0;658;244;113;84;98229;3.7;0.01;0.29;0.37
2011;5;26;146;25.6;19.2;12.7;11.8;8.4;4.7;-0.6;1.4;0.17;2.8;1.9;0;736;269;134;99;97813;3.87;0;0.29;0.37
2011;5;27;147;27.6;20.1;11.6;14.2;11.2;8.4;0.1;0.8;0.17;2.8;1.9;0;701;246;120;85;97141;4.15;6.8;0.29;0.37
2011;5;28;148;15.3;11.9;9.9;8.6;7.6;6.5;1.4;-1.5;0.17;2.8;1.9;0;247;72;101;39;97504;2.46;10.37;0.3;0.37
2011;5;29;149;22.1;15.7;6.5;10.1;7.6;5.5;0.4;-0.4;0.17;2.9;1.9;0;658;251;127;90;97821;3.59;0;0.3;0.37
2011;5;30;150;23.8;18;9.7;12.7;10.2;8;-0.4;0.8;0.17;2.9;1.9;0;729;265;131;91;97880;3.89;0;0.29;0.37
2011;5;31;151;25.1;19.6;13.3;15.3;13.1;9.7;-0.5;1.4;0.17;2.9;1.9;0;671;239;106;78;97389;3.66;1.48;0.29;0.37
2011;6;1;152;20.8;17.8;12.9;16.2;13.9;11;-0.1;-1.5;0.17;2.9;1.9;0;442;152;72;59;97570;2.96;11.34;0.29;0.37
2011;6;2;153;23.1;19;14.7;13;12.3;10.7;-0.4;-3.1;0.17;2.9;1.9;0;688;224;98;63;98134;3.86;0.29;0.3;0.37
2011;6;3;154;23.2;18.8;15.6;17.7;15.5;12.6;0;-1.8;0.17;3;1.9;0;531;161;76;47;98174;3.36;20.55;0.3;0.37
2011;6;4;155;24.4;19.6;15.4;17.5;16.2;14.6;0;-0.5;0.17;3;1.9;0;600;203;93;57;97789;3.52;8.84;0.31;0.37
2011;6;5;156;24.5;19.6;14.7;17.1;15.8;14.4;0;1.3;0.17;3;1.9;0;594;211;89;60;97256;3.75;1.56;0.31;0.37
2011;6;6;157;24.8;19.6;14.7;16.6;14.7;12.6;0.2;2.1;0.17;3;1.9;0;664;217;106;70;96907;3.83;1.11;0.31;0.37
2011;6;7;158;24.8;19.9;14;17.8;15.6;13.1;0.1;0.8;0.17;3;1.9;0;576;213;90;67;96768;3.52;11.8;0.31;0.37
2011;6;8;159;23.4;18.8;14.6;17.3;15.3;12.9;0.6;1.5;0.17;3.1;1.9;0;539;153;90;54;96511;2.93;1.88;0.32;0.37
2011;6;9;160;20.7;17.1;13.9;14;11.6;9.6;0.5;-1.1;0.17;3.1;1.9;0;418;130;70;48;97045;2.8;4.8;0.32;0.37
2011;6;10;161;20.8;16.9;11.8;11.1;9.1;7.9;0.1;-0.8;0.17;3.1;1.9;0;397;160;82;61;97352;2.95;0.02;0.32;0.37
2011;6;11;162;23;18;11;11.9;10;8.4;-0.4;-1.2;0.17;3.1;1.9;0;640;234;104;76;97378;4.04;0;0.31;0.36
2011;6;12;163;22.2;17.9;13.3;13.7;11.9;10.3;0.3;-1.6;0.17;3.2;1.9;0;569;201;95;68;97598;3.45;0.24;0.31;0.36
2011;6;13;164;22.7;17.8;11.5;14.2;12.5;11;0.4;-0.6;0.17;3.2;1.9;0;598;205;103;67;97571;3.4;0.33;0.31;0.36
2011;6;14;165;22.2;19.1;14.7;14.9;12.7;11.8;0.5;-0.9;0.17;3.2;1.9;0;557;184;90;63;97665;3.25;0.32;0.3;0.36
2011;6;15;166;24;19.8;12.8;15.7;13.1;11.8;0.2;-0.1;0.17;3.2;1.9;0;596;217;97;74;97776;3.59;0.11;0.3;0.36
2011;6;16;167;26.8;20.7;12.8;18.2;14.8;12.4;0.4;0.9;0.17;3.2;1.9;0;714;243;107;73;97524;4.07;0.36;0.3;0.36
2011;6;17;168;24.4;20.3;14.6;16.9;15.1;13.5;-0.4;0.5;0.17;3.2;1.9;0;464;162;69;56;97412;2.94;0.45;0.3;0.36
2011;6;18;169;27.1;21.5;12.2;16.9;14;8.9;1.5;1.7;0.17;3.3;1.9;0;561;207;95;63;96904;4.4;12.89;0.29;0.36
2011;6;19;170;19.8;15;11.6;11.2;9;7;1.5;-0.1;0.17;3.3;1.9;0;484;166;112;61;97317;3.55;8.47;0.31;0.36
2011;6;20;171;21.5;16.5;9.5;11.1;9.2;6.8;0.9;0.9;0.17;3.3;1.9;0;619;205;106;75;97697;3.57;0.01;0.31;0.36
2011;6;21;172;26.9;20.5;12.1;17.2;13.3;10.3;0.7;0.9;0.17;3.3;1.9;0;675;254;110;79;97774;4.43;0;0.3;0.36
2011;6;22;173;28.8;22.4;14.4;18.1;15.9;13.8;0.7;1.4;0.17;3.3;1.9;0;720;266;113;83;97604;4.71;0;0.3;0.36
2011;6;23;174;24.9;20.4;16.6;17.2;15.4;13;-0.6;-0.4;0.17;3.3;1.9;0;462;157;73;50;97587;3.33;7.03;0.3;0.36
2011;6;24;175;19.7;17.2;13.1;14;11.6;10;0.7;-0.9;0.17;3.3;1.9;0;414;139;75;52;97860;2.94;1.22;0.3;0.36
2011;6;25;176;20.4;16.2;10.4;9.7;7.4;4;1.2;-2;0.17;3.4;1.9;0;674;229;106;80;98230;4.19;0.13;0.3;0.36
2011;6;26;177;19.9;16.7;14.1;14.3;11.7;9.1;0.1;0.5;0.17;3.4;1.9;0;242;82;67;37;98283;1.46;0.16;0.3;0.36
2011;6;27;178;24;19.4;14.2;15.4;13.9;12.7;-0.4;-0.1;0.17;3.4;1.9;0;539;207;103;63;98079;3.42;0.54;0.29;0.36
2011;6;28;179;24.8;20.1;15.9;13.7;10.5;6.9;-0.7;-2;0.17;3.4;1.9;0;732;266;136;86;97642;4.61;0.03;0.29;0.36
2011;6;29;180;27.1;21.4;13.6;16.5;12.6;9.3;0.4;-1.3;0.17;3.4;1.9;0;729;248;113;80;97241;4.28;0;0.29;0.36
2011;6;30;181;26.1;19.8;14.4;16.4;12.2;6.7;1.8;-2.1;0.17;3.4;1.9;0;555;183;89;67;97140;3.47;0.43;0.28;0.36
2011;7;1;182;20.7;17;13.2;7.5;5.8;4.2;1.2;-2.3;0.17;3.4;1.9;0;593;196;110;79;97518;3.62;0.07;0.28;0.36
2011;7;2;183;19.2;15.1;11.3;9.1;6.6;5.4;1.1;-0.8;0.17;3.5;1.9;0;685;237;121;89;97290;3.57;0.53;0.28;0.36
2011;7;3;184;21.6;15.6;8.5;10.6;9;7.4;1.5;0;0.17;3.5;1.9;0;403;148;77;62;96977;2.49;0.64;0.28;0.36
2011;7;4;185;23.2;18.2;12;15.7;12.8;9.3;-0.1;0.1;0.17;3.5;1.9;0;445;162;87;57;97188;2.58;0.76;0.27;0.36
2011;7;5;186;21.1;17.9;14.2;16.5;15.1;12.8;-0.3;-0.2;0.17;3.5;1.9;0;389;132;77;46;97216;2.23;9.73;0.28;0.36
2011;7;6;187;25.5;19.7;12.4;17.4;15.3;12.3;0.3;-0.1;0.17;3.5;1.9;0;603;225;98;68;97094;3.7;0.43;0.28;0.36
2011;7;7;188;29.5;22.7;13.9;18.6;15.9;13.4;0.4;1.2;0.17;3.5;1.9;0;680;246;105;76;97133;4.32;0.53;0.28;0.36
2011;7;8;189;27.6;23.3;18.1;19;16.9;14.6;0.1;0.1;0.17;3.5;1.9;0;643;224;96;77;97294;3.86;0.46;0.27;0.35
2011;7;9;190;31.8;24.5;15.8;18.6;16.3;14;0.6;1;0.17;3.6;1.9;0;725;247;107;82;97626;4.24;0.05;0.27;0.35
2011;7;10;191;30.2;24.5;16.5;19.2;16.8;14.7;-0.2;-0.3;0.17;3.6;1.9;0;678;249;105;79;97549;4.1;0.23;0.27;0.35
2011;7;11;192;28.3;23.1;17.6;18.2;16;14.5;0.6;-0.8;0.17;3.6;1.9;0;602;229;104;72;97592;3.85;2.33;0.26;0.35
2011;7;12;193;28.5;22.8;16.5;16.9;15.5;14.1;-0.6;0.5;0.17;3.6;1.9;0;559;209;95;68;97639;3.75;0;0.26;0.35
2011;7;13;194;32.3;26;18.7;20.1;17.1;14.3;-0.4;1.9;0.17;3.6;1.9;0;655;238;95;74;97004;3.91;0.02;0.26;0.35
2011;7;14;195;26.7;22.6;17.5;19.1;17.7;15.3;-0.6;-1.2;0.17;3.6;1.9;0;552;179;80;53;97148;3.54;17.52;0.26;0.35
2011;7;15;196;20.1;18;15.9;14.2;13.1;12.3;0.8;-1.6;0.17;3.6;1.9;0;341;123;68;43;97644;3.05;3.5;0.27;0.35
2011;7;16;197;23.5;19.6;16;14.6;12.8;11.6;0.1;0.2;0.17;3.6;1.9;0;639;171;92;55;97432;3.1;0;0.27;0.35
2011;7;17;198;27.5;22.1;15.4;16;13.7;11.3;1.1;2.4;0.17;3.6;1.9;0;687;241;105;79;96592;4.23;0.03;0.27;0.35
2011;7;18;199;20.4;18.3;15.7;14.5;13.6;12.1;-0.5;-1;0.17;3.6;1.9;0;291;112;62;40;96692;2.4;2.46;0.27;0.35
2011;7;19;200;24.8;19.5;14.3;17;14.6;12.7;-0.2;0.8;0.17;3.6;1.9;0;491;165;76;56;96599;2.83;0.46;0.27;0.35
2011;7;20;201;20.7;18.2;15.7;15;11.1;7.9;1.5;-0.6;0.17;3.6;1.9;0;428;167;94;63;96156;3.67;5.82;0.27;0.35
2011;7;21;202;23.2;18.7;14.1;13.3;10.3;8.1;2;-0.1;0.17;3.6;1.9;0;613;198;102;66;96458;3.81;0.78;0.27;0.35
2011;7;22;203;23.9;18.4;13.1;15.5;12.9;11;0.8;-0.2;0.17;3.6;1.9;0;645;214;110;74;96721;3.48;3.24;0.26;0.35
2011;7;23;204;19;15.8;12.6;14.8;13.9;12.5;-0.3;-0.7;0.17;3.6;1.9;0;465;115;63;39;96863;2.54;14.98;0.27;0.35
2011;7;24;205;14.4;13.6;12.8;13.3;10.7;7.8;1.2;-1.8;0.17;3.6;1.9;0;155;50;32;19;96709;2.51;13.71;0.29;0.35
2011;7;25;206;16.9;14.6;12.3;12.3;9.6;7.8;1.2;-0.9;0.17;3.6;1.9;0;229;51;46;21;96912;1.71;1.95;0.29;0.35
2011;7;26;207;18.5;16.2;13.5;13.2;11.3;10.4;0.5;-0.3;0.17;3.6;1.9;0;321;91;67;35;97254;1.64;0.91;0.29;0.35
2011;7;27;208;23.5;18;9.9;15.9;12.9;9.6;0;0.3;0.17;3.6;1.9;0;621;223;102;69;97596;3.7;0.21;0.29;0.35
2011;7;28;209;17.7;16.2;13.3;15.9;14.1;12.2;0.6;-1;0.17;3.6;1.9;0;149;52;49;31;97479;1.36;17.81;0.29;0.35
2011;7;29;210;22.6;17.6;10.9;14.3;12.3;10.1;0.9;-1.7;0.17;3.6;1.9;0;590;198;97;67;97323;3.71;0.21;0.3;0.35
2011;7;30;211;23.8;18.4;13.3;14.6;12.6;11;1;-0.6;0.17;3.6;1.9;0;558;178;106;61;97132;3.17;0.86;0.3;0.35
2011;7;31;212;21;17.6;14.3;14.3;13.1;11.7;0;0.4;0.17;3.6;1.9;0;306;102;70;41;97223;1.95;0.51;0.3;0.35
2011;8;1;213;20.9;17.7;14.5;15.4;14.4;13;-0.1;0.3;0.17;3.6;1.9;0;498;144;73;51;97456;2.5;3.17;0.3;0.35
2011;8;2;214;23.6;19.5;12.9;17.1;14.7;12.7;0;-0.6;0.17;3.6;1.9;0;555;188;84;58;97748;3.33;0.5;0.29;0.35
2011;8;3;215;25.9;20.8;14.7;18.2;16.4;13.7;-0.4;0;0.17;3.6;1.9;0;517;179;69;51;97700;3.25;8.27;0.29;0.35
2011;8;4;216;21.4;18.8;16.1;17.4;16.4;15;-0.1;-0.9;0.17;3.6;1.9;0;322;106;67;36;97501;2.31;13.62;0.31;0.35
2011;8;5;217;24.7;19.8;13.2;16.9;15.4;13.2;0;0.6;0.17;3.6;1.9;0;608;196;91;62;97525;3.47;0.12;0.31;0.35
2011;8;6;218;26.1;21.6;16.2;17.9;15.9;14.1;-0.3;1.8;0.17;3.6;1.9;0;631;202;96;67;97118;3.75;0;0.3;0.35
2011;8;7;219;28.7;22.5;16.8;19;16.6;14.9;0.9;1.2;0.17;3.5;1.9;0;609;203;83;61;96770;4.09;0.08;0.3;0.35
2011;8;8;220;22.4;18.4;15.9;18.5;15.8;13.9;-0.4;-0.9;0.17;3.5;1.9;0;318;93;43;29;96992;2.29;8.6;0.3;0.35
2011;8;9;221;21.3;17.6;13.3;13.5;10.8;8.7;1;-0.2;0.17;3.5;1.9;0;608;190;98;70;97658;3.68;0.83;0.3;0.34
2011;8;10;222;19.6;15.7;11.1;9.6;7.6;5.2;0.7;-1.6;0.17;3.5;1.9;0;639;213;110;87;98084;3.74;0.02;0.3;0.34
2011;8;11;223;22.9;16.7;9.6;13;10;7.2;0.4;1.3;0.17;3.5;1.9;0;693;240;122;91;97884;3.83;0;0.3;0.34
2011;8;12;224;25.1;19;10.8;15.2;12.8;9.6;-0.1;0.8;0.17;3.5;1.9;0;653;213;112;78;97351;3.56;0;0.3;0.34
2011;8;13;225;24.8;19.8;12.9;16.7;14.6;12.3;0.4;0;0.17;3.5;1.9;0;544;191;96;67;97161;3.13;0.19;0.29;0.34
2011;8;14;226;27.4;21.1;13.5;17.6;15.5;13.3;0.2;1.1;0.17;3.5;1.9;0;614;210;101;69;97113;3.67;0.02;0.29;0.34
2011;8;15;227;27.5;21.1;14.6;18.7;16.6;13.4;0.3;-0.2;0.17;3.5;1.9;0;657;196;98;63;97226;3.44;7.4;0.29;0.34
2011;8;16;228;24.1;19.7;13.9;16.6;15.4;13.3;0;-0.4;0.17;3.5;1.9;0;527;173;77;63;97774;3.09;0.18;0.29;0.34
2011;8;17;229;26;20.9;14.6;17.2;15.7;14;-0.4;0.4;0.17;3.5;1.9;0;601;203;95;68;97780;3.44;0;0.29;0.34
2011;8;18;230;28.9;22.7;15.5;18;16;13.7;-0.4;1.1;0.16;3.4;1.9;0;663;219;107;75;97689;3.81;0;0.29;0.34
2011;8;19;231;29.5;22.9;16.6;20.3;18;14.5;0.7;-0.1;0.16;3.4;1.9;0;659;191;99;68;97671;3.19;1.23;0.28;0.34
2011;8;20;232;26.5;21.6;17;18.8;17.9;16.5;-0.8;-0.4;0.16;3.4;1.9;0;501;159;75;52;98091;2.8;0.61;0.28;0.34
2011;8;21;233;27.9;22.7;17.5;20.6;18.8;16.9;-0.6;0.6;0.16;3.4;1.9;0;433;141;82;43;98062;2.51;0.42;0.28;0.34
2011;8;22;234;31.5;25.3;18;23.1;20.1;17.1;0;0.5;0.16;3.4;1.9;0;644;207;98;64;97806;3.4;0;0.28;0.34
2011;8;23;235;33;25.9;19.1;21.9;18.3;16.3;-0.4;1.3;0.16;3.3;1.9;0;656;215;120;77;97679;3.72;0;0.27;0.34
2011;8;24;236;32.9;26.2;18.2;20.2;17.4;15.2;0.1;0.4;0.16;3.3;1.9;0;660;220;126;84;97445;3.55;0;0.27;0.34
2011;8;25;237;30.5;25;17.5;20.4;18.5;16.1;-0.1;-0.1;0.16;3.3;1.9;0;649;215;114;79;97421;3.4;0;0.27;0.34
2011;8;26;238;33.8;25.8;17.3;20.9;16.6;11.3;-0.1;1.3;0.16;3.3;1.9;0;659;217;134;91;97242;3.51;0;0.26;0.34
2011;8;27;239;32.3;23;13.4;19;14.8;8.2;-0.3;-0.1;0.16;3.2;1.9;0;649;200;115;81;97162;3.71;4.22;0.26;0.34
2011;8;28;240;20.9;17.4;14;13.9;10.6;8.1;-0.1;-0.3;0.16;3.2;1.9;0;547;157;110;66;97933;2.5;0.24;0.26;0.34
2011;8;29;241;24;18.5;11.8;15.4;12.6;10.5;0;-0.4;0.16;3.2;1.9;0;651;209;129;86;97455;2.81;0;0.26;0.34
2011;8;30;242;22.7;18.9;14.6;13.3;12.4;11.8;-0.8;-1;0.16;3.2;1.9;0;493;149;87;62;97326;2.2;0;0.26;0.34
2011;8;31;243;24.1;19.5;15.4;14.4;12.5;11;-0.6;0.5;0.16;3.1;1.9;0;437;148;77;59;97364;2.07;0;0.26;0.34
2011;9;1;244;26.8;19.3;13.7;17.5;15.1;13;0.7;-0.5;0.16;3.1;1.9;0;611;175;106;62;97353;2.52;9.05;0.26;0.34
2011;9;2;245;25.8;19.3;13.4;17.6;15.9;13.3;0.8;0.1;0.16;3.1;1.9;0;611;174;102;59;97497;2.81;1.69;0.26;0.34
2011;9;3;246;26.8;20.8;14.1;17.7;15.9;13.7;-0.1;0.8;0.16;3.1;1.9;0;601;185;105;70;97556;2.9;0.03;0.26;0.34
2011;9;4;247;29.5;23.1;17.4;19;16.9;13.9;-0.3;1.6;0.16;3.1;1.9;0;596;178;96;64;97303;2.69;0.03;0.26;0.34
2011;9;5;248;26.2;22;18.2;18.1;14.7;9.6;1.2;1.1;0.16;3;1.9;0;562;173;101;66;97348;2.86;0.39;0.26;0.34
2011;9;6;249;22.6;19.1;15.3;13.1;10.7;9.5;0.3;0;0.16;3;1.9;0;471;144;88;62;98141;2.21;0.01;0.25;0.34
2011;9;7;250;25.3;19.2;12.1;14.3;12.4;10.3;0.3;0;0.16;3;1.9;0;587;174;116;75;97423;2.32;0;0.25;0.34
2011;9;8;251;21.1;18.2;16.4;14.9;13.6;12.1;-0.2;0.1;0.16;3;1.9;0;301;87;67;38;97171;1.31;1.42;0.25;0.34
2011;9;9;252;21.3;17.8;15.1;15.8;14.9;13.9;-0.5;0.3;0.15;2.9;1.9;0;271;92;70;46;97446;1.29;0.13;0.25;0.34
2011;9;10;253;26.9;20.2;13.6;16.8;15.3;13;-0.2;0.2;0.15;2.9;1.9;0;579;170;104;67;97570;2.17;0;0.25;0.34
2011;9;11;254;28.8;21.8;14.2;18.3;16;13.6;0.6;1;0.15;2.9;1.9;0;594;176;112;79;97365;2.28;0;0.25;0.33
2011;9;12;255;26.2;21.2;17;17.8;15.9;14.2;0.8;-0.3;0.15;2.9;1.9;0;446;127;91;64;97442;1.73;0.1;0.25;0.33
2011;9;13;256;27.4;20.9;14.4;17.1;15.4;14.2;0.5;0.6;0.15;2.9;1.9;0;584;167;106;71;97525;2.09;0.02;0.25;0.33
2011;9;14;257;25.7;20;15.7;17.1;15.1;12.9;-0.2;-0.8;0.15;2.8;1.9;0;505;144;99;63;97544;1.98;3.73;0.24;0.33
2011;9;15;258;20.2;17.2;14.8;14.1;12.3;10.8;0;-0.5;0.15;2.8;1.9;0;355;103;86;50;97928;1.49;0.01;0.25;0.33
2011;9;16;259;23.2;18.4;14.5;13.5;12.5;11.7;-0.3;0.3;0.15;2.8;1.9;0;502;152;104;68;97830;1.79;0;0.25;0.33
2011;9;17;260;24;18.9;12.8;15.6;13.5;11;-0.5;-0.3;0.15;2.7;1.9;0;488;145;93;64;97538;1.66;0.01;0.24;0.33
2011;9;18;261;26.7;20.4;14.8;14.5;12.5;11.4;0.1;1.5;0.15;2.7;1.9;0;547;162;114;76;96727;1.94;1.83;0.24;0.33
2011;9;19;262;16.5;12.5;9;13.5;9.3;6;0.2;-2.5;0.15;2.6;1.9;0;385;79;60;31;96808;3.01;25.56;0.25;0.33
2011;9;20;263;18.1;14.2;10.1;9.1;7.5;5.6;1.1;-2.9;0.15;2.6;1.9;0;339;86;61;30;97779;1.86;0.12;0.26;0.33
2011;9;21;264;22;17;11.9;14.3;11.9;8.2;-0.2;-0.7;0.15;2.6;1.9;0;532;144;102;59;97907;1.87;0;0.26;0.33
2011;9;22;265;20.9;17.3;13.3;15.1;14;12.6;0;-0.2;0.15;2.5;1.9;0;427;96;71;42;97785;1.29;0.33;0.26;0.33
2011;9;23;266;19.8;16.6;13;13.5;12.2;11.1;-0.3;-0.2;0.15;2.5;1.9;0;329;90;75;43;97780;1.28;0.26;0.26;0.33
2011;9;24;267;19.9;16.3;13.8;12.4;11.2;9.6;-0.8;0;0.15;2.4;1.9;0;328;91;80;48;97848;1.18;0;0.26;0.33
2011;9;25;268;21.7;16.6;10.9;13;11;9;-0.2;0.4;0.15;2.4;1.9;0;552;160;122;82;98121;1.78;0;0.26;0.33
2011;9;26;269;22.1;16.5;10;13.5;11;8.6;0.2;-0.4;0.15;2.4;1.9;0;546;155;125;80;98448;1.7;0;0.26;0.33
2011;9;27;270;22.8;16.1;9;13.4;11.5;8.5;0.4;-0.6;0.15;2.3;1.9;0;543;152;118;78;98683;1.67;0;0.26;0.33
2011;9;28;271;22.2;16.4;10.1;14;12;9.1;-0.3;-1.4;0.15;2.3;1.9;0;506;140;105;75;98773;1.55;0.36;0.26;0.33
2011;9;29;272;21.5;15.1;9;11.4;9;6.8;0.3;-1.1;0.15;2.2;1.9;0;527;151;130;83;98752;1.68;0;0.25;0.33
2011;9;30;273;23;16.5;9.5;12.5;10.1;7.7;0.1;-0.6;0.15;2.2;1.9;0;527;152;122;80;98668;1.64;0;0.25;0.33
2011;10;1;274;24.1;16.6;9.3;14;11.2;8.7;0.8;-0.4;0.15;2.2;1.9;0;533;153;134;86;98563;1.56;0;0.25;0.33
2011;10;2;275;24;16.6;8.7;12.8;10;8.1;0.3;-0.6;0.14;2.1;1.9;0;535;154;140;90;98371;1.6;0;0.25;0.33
2011;10;3;276;23.2;15.9;8.6;11.9;9.9;7.8;0.5;0.4;0.14;2.1;1.9;0;527;150;133;87;98270;1.48;0;0.25;0.33
2011;10;4;277;23.5;16.4;9.5;12.6;11;8.4;0.8;0.2;0.14;2;1.9;0;515;142;122;81;98128;1.41;0;0.25;0.33
2011;10;5;278;23.4;16.6;10.5;13.3;11.3;9.7;0.2;0.1;0.14;2;1.9;0;497;132;110;70;98076;1.32;0;0.25;0.33
2011;10;6;279;22.9;16.8;11.4;13.4;11.3;9.6;0.7;0.9;0.14;2;1.9;0;457;125;116;72;97540;1.19;0;0.25;0.33
2011;10;7;280;13.8;8.7;3.5;11.4;6.5;2.3;1.4;-0.1;0.14;1.9;1.9;0;77;15;79;43;96852;1.17;29.07;0.26;0.33
2011;10;8;281;12.5;7.2;1.9;4.2;1.8;-0.1;1.5;-0.5;0.14;1.9;1.9;0;327;99;90;75;97038;1.22;0.32;0.27;0.33
2011;10;9;282;11.4;7.4;3.3;1.6;0.6;-0.3;1.1;-2.7;0.14;1.8;1.9;0;446;121;104;84;97585;1.2;0.2;0.27;0.33
2011;10;10;283;9.4;6.7;2.6;5.8;3.1;0.1;1.3;0.4;0.14;1.8;1.9;0;175;37;86;36;97876;0.64;2.79;0.27;0.33
2011;10;11;284;20.8;13.2;7.2;13.2;9.9;5.9;0.9;0.3;0.14;1.8;1.9;0;395;112;112;57;97684;1.17;0.53;0.27;0.33
2011;10;12;285;20.1;14;9.2;12.4;10.2;8;-0.1;-0.2;0.14;1.7;1.9;0;331;90;83;54;97608;0.93;0.39;0.27;0.33
2011;10;13;286;12.4;9.5;4.4;9.2;6.3;2.4;-0.6;-0.7;0.14;1.7;1.9;0;170;44;82;40;98251;0.88;1.49;0.27;0.33
2011;10;14;287;10.7;6.2;2.2;3.8;0.4;-2.4;-0.5;-1.9;0.14;1.6;1.9;0;365;102;108;82;98870;0.92;0.03;0.27;0.33
2011;10;15;288;10.9;5.6;0.6;2;-0.3;-2.6;0.3;-1.2;0.14;1.6;1.9;0;483;130;126;92;99005;0.93;0;0.27;0.33
2011;10;16;289;8.6;5;2.1;2.1;-0.9;-3.2;-0.3;-0.4;0.14;1.6;1.9;0;426;104;129;76;98964;0.76;0;0.27;0.33
2011;10;17;290;9.2;3.8;0.1;0.1;-1.2;-2.5;0.4;0.7;0.14;1.6;1.9;0;476;128;130;90;98535;0.8;0;0.27;0.33
2011;10;18;291;11.8;4.5;-0.7;2.5;-0.1;-2.8;0.6;0.9;0.14;1.6;1.9;0;472;126;126;84;97907;0.81;0;0.27;0.33
2011;10;19;292;17;9.3;1.1;9.2;5.2;-0.3;1.9;1.6;0.14;1.5;1.9;0;470;119;114;72;97437;0.91;5.05;0.27;0.33
2011;10;20;293;9.5;6;4.1;8.3;4.2;2.9;0.8;-0.9;0.13;1.5;1.9;0;110;26;33;23;98129;1.16;18.96;0.29;0.33
2011;10;21;294;10;5.8;2.8;2.9;0.7;-1.6;-0.2;-1.4;0.13;1.5;1.9;0;373;92;105;67;98562;0.97;0.04;0.29;0.33
2011;10;22;295;8.9;4.9;0.1;2.2;0.8;-1.4;0;-0.7;0.13;1.5;1.9;0;368;90;99;59;98489;0.59;0.05;0.29;0.33
2011;10;23;296;7.9;6.1;4.3;5.1;3.6;1.8;-0.1;-0.6;0.13;1.5;1.9;0;124;27;31;16;98216;0.29;0.4;0.29;0.33
2011;10;24;297;9.5;7.3;6.3;6.4;5.5;4.9;-0.5;0.5;0.13;1.5;1.9;0;162;30;58;22;97826;0.49;1.72;0.29;0.33
2011;10;25;298;12.3;8.9;6.4;8.6;7.2;5.5;-0.9;2;0.13;1.5;1.9;0;163;39;39;21;97449;0.57;0.8;0.29;0.33
2011;10;26;299;11.6;9.5;7.9;9.9;8.6;7.5;-0.9;-0.4;0.13;1.4;1.9;0;155;34;30;16;97716;0.69;8.82;0.29;0.33
2011;10;27;300;9.9;8.8;7.7;8.1;7.2;6.4;-0.7;0;0.13;1.4;1.9;0;136;25;18;10;98072;0.52;6.43;0.31;0.33
2011;10;28;301;12.7;9.1;6.7;8.4;7.6;6.4;-0.2;0;0.13;1.4;1.9;0;265;66;71;43;98491;0.46;0.02;0.31;0.33
2011;10;29;302;12.2;8.6;5.4;8.2;7;5.3;0.2;-0.3;0.13;1.4;1.9;0;275;66;67;37;98638;0.45;0.06;0.31;0.33
2011;10;30;303;13.4;8.3;4.3;7.7;6.2;4;0.3;0.1;0.13;1.4;1.9;0;390;89;116;64;98342;0.6;0;0.31;0.33
2011;10;31;304;14.9;8.1;3.6;6.8;4.9;2.7;0.3;0.4;0.13;1.4;1.9;0;396;99;115;75;98145;0.74;0;0.3;0.33
2011;11;1;305;13;7.1;2.8;7.4;5.1;2.4;-0.2;0.7;0.12;1.4;1.9;0;403;97;116;72;98037;0.57;0;0.3;0.33
2011;11;2;306;12.5;7.1;2.2;7.4;5.4;2.1;-0.3;0.7;0.12;1.4;1.9;0;375;90;115;66;97960;0.5;0.01;0.3;0.33
2011;11;3;307;13.6;7.7;2.7;7.5;5.5;2.6;-0.2;1.8;0.12;1.3;1.9;0;340;81;108;61;97484;0.52;0.02;0.3;0.33
2011;11;4;308;16.8;11.8;8.3;9.5;8.5;6.6;1;3;0.12;1.3;1.9;0;290;66;83;58;97131;0.57;0.03;0.3;0.33
2011;11;5;309;18;12.8;9.1;11.1;9.5;8.1;0.5;2.5;0.12;1.3;1.9;0;359;85;98;71;97268;0.66;0.01;0.3;0.33
2011;11;6;310;12.8;9.7;7.7;8.8;7.7;5.9;-0.6;-0.2;0.12;1.3;1.9;0;181;43;62;42;97756;0.27;0;0.3;0.33
2011;11;7;311;10.6;8;5.9;6.6;5.3;4;-0.8;-0.4;0.12;1.3;1.9;0;216;50;60;36;98169;0.38;0.19;0.3;0.33
2011;11;8;312;13.6;8.5;5.7;8.4;6.9;5.1;-0.7;0.9;0.12;1.3;1.9;0;274;60;83;43;98328;0.36;0;0.3;0.33
2011;11;9;313;13;8.1;3.8;8.8;6.9;3.8;0.1;0.1;0.12;1.3;1.9;0;317;70;97;46;98179;0.43;0.05;0.3;0.33
2011;11;10;314;12.7;7.8;3.9;7.6;5.7;3.8;-0.8;-0.6;0.12;1.2;1.9;0;258;60;77;30;98122;0.52;0.54;0.3;0.33
2011;11;11;315;6.5;4.5;3.3;3.9;0.3;-1;-1.4;-0.8;0.12;1.2;1.9;0;220;51;86;41;98822;0.57;0.28;0.3;0.33
2011;11;12;316;7.1;4.1;0.3;1.4;0.4;-1.3;0.1;-0.2;0.12;1.2;1.9;0;286;67;101;60;99397;0.38;0.01;0.3;0.33
2011;11;13;317;7.8;1.9;-1.6;1.4;-0.9;-3;0.5;0.4;0.11;1.2;1.9;0;369;86;120;83;99315;0.39;0;0.3;0.33
2011;11;14;318;7.4;1.2;-2.4;0.5;-1.9;-3.9;0.4;0.5;0.11;1.2;1.9;0;345;79;110;75;98669;0.35;0;0.3;0.33
2011;11;15;319;6.3;1.4;-2.5;1;-1.3;-3.8;0;-0.1;0.11;1.2;1.9;0;354;83;114;78;98154;0.3;0;0.3;0.33
2011;11;16;320;3.7;-0.1;-2.8;1;-1.3;-3.7;-0.2;0.1;0.11;1.2;1.9;0.02;266;64;77;55;98338;0.18;0.09;0.3;0.33
2011;11;17;321;4.5;-0.2;-2.6;0.7;-1.6;-3.5;0.1;0.7;0.11;1.2;1.9;0.14;316;72;107;67;98478;0.23;0.02;0.3;0.33
2011;11;18;322;6;0;-3.4;-0.2;-2.7;-4.5;0.3;0.3;0.11;1.2;1.9;0.11;345;78;119;77;98417;0.23;0;0.3;0.33
2011;11;19;323;5;-0.6;-4;-0.4;-2.8;-5.3;-0.2;0.5;0.11;1.2;1.9;0.05;356;81;122;77;98360;0.14;0;0.3;0.33
2011;11;20;324;2.2;-1.4;-3;-1.7;-2.7;-3.5;-0.6;0.7;0.11;1.2;1.9;0.13;265;62;84;54;98433;0.15;0.04;0.3;0.33
2011;11;21;325;2.6;-1.7;-3.5;-2.6;-3.6;-4.4;-0.5;0.9;0.11;1.2;1.9;0.15;314;66;101;61;98251;0.15;0.01;0.3;0.33
2011;11;22;326;3.5;-1.5;-4;-1.6;-3.4;-4.6;-0.6;0.3;0.11;1.2;1.9;0.15;327;71;106;62;98227;0.11;0;0.3;0.33
2011;11;23;327;0.4;-1.9;-3.7;-2.8;-3.5;-4.1;-0.1;-0.2;0.11;1.2;1.9;0.25;116;26;34;19;98769;0.06;0.2;0.3;0.33
2011;11;24;328;2;-0.7;-2;-1.1;-2.1;-3.4;0.1;0.4;0.11;1.2;1.9;0.31;219;46;67;42;99269;0.09;0.01;0.3;0.32
2011;11;25;329;3.4;-0.2;-2.1;0.3;-1.3;-2.5;-0.2;1.2;0.11;1.2;1.9;0.31;234;53;77;50;98981;0.1;0;0.3;0.32
2011;11;26;330;4.9;0.1;-2.7;0.1;-1.9;-3.4;0.3;0.6;0.11;1.2;1.9;0.28;254;56;95;55;98849;0.15;0;0.3;0.32
2011;11;27;331;7.7;0.8;-3;2.2;-1.4;-3.9;1;0.4;0.11;1.2;1.9;0.19;296;67;101;66;98317;0.17;0;0.3;0.32
2011;11;28;332;7;1.3;-2;1.9;-1.1;-3.5;0.6;0.4;0.11;1.2;1.9;0.15;257;59;86;55;98689;0.17;0;0.3;0.32
2011;11;29;333;5.9;0.6;-2.2;2.4;-0.7;-3.2;0;0.4;0.11;1.2;1.9;0.15;302;65;108;64;98564;0.14;0;0.3;0.32
2011;11;30;334;4.4;0;-2.4;0.5;-1.6;-3.1;0.3;0.3;0.11;1.2;1.9;0.15;238;54;90;50;98657;0.15;0.08;0.3;0.32
2011;12;1;335;5.2;-0.3;-2.9;2.2;-1.4;-3.5;0;0.6;0.11;1.2;1.9;0.15;255;56;91;48;98511;0.08;0;0.3;0.32
2011;12;2;336;7.4;0.4;-2.7;4.6;-0.6;-3;0.7;0.5;0.11;1.2;1.9;0.16;246;54;96;49;97679;0.11;0.1;0.3;0.32
2011;12;3;337;2.5;0.8;-1.9;1.6;0.1;-2.4;0.5;-0.5;0.11;1.2;1.9;0.15;65;14;45;5;97457;0.13;0.9;0.3;0.32
2011;12;4;338;9.2;4.5;1;7.2;3.3;0.4;1.3;0.8;0.11;1.2;1.9;0.13;215;43;76;37;96831;0.19;0;0.3;0.32
2011;12;5;339;9.5;6.1;-0.1;7.8;4;-2.1;0.6;0.4;0.11;1.2;1.9;0;126;24;77;44;96308;0.32;1.72;0.3;0.32
2011;12;6;340;5.9;0.5;-3.2;0.7;-2.5;-4.1;1.2;0.9;0.11;1.2;1.9;0;257;54;92;69;97096;0.29;0.25;0.3;0.32
2011;12;7;341;5.1;0.5;-3.2;0.6;-1.8;-4.7;1.1;0.7;0.1;1.2;1.9;0;220;41;80;53;97010;0.15;1.23;0.3;0.32
2011;12;8;342;7.1;1.7;-1.9;-2.3;-4.3;-5.6;2.2;-0.6;0.1;1.2;1.9;0;293;63;119;81;97855;0.56;0.05;0.3;0.32
2011;12;9;343;7.6;2.4;-0.9;2.7;-0.9;-5;1.1;1.3;0.1;1.2;1.9;0;234;53;92;55;97540;0.04;0;0.3;0.32
2011;12;10;344;6.6;3.1;0.4;2.7;1.3;-0.3;0.2;-0.6;0.1;1.2;1.9;0;201;40;65;35;97367;0.12;0.01;0.3;0.32
2011;12;11;345;4.5;3.3;2.4;2.1;1.4;0.8;-0.5;0.2;0.1;1.2;1.9;0;74;15;21;9;97874;0.16;0.45;0.3;0.32
2011;12;12;346;8.5;4.8;2.5;6;3.5;1.1;0.5;0.4;0.1;1.2;1.9;0;192;33;40;17;97252;0.25;7.99;0.3;0.32
2011;12;13;347;7.8;2.8;-2;4;1.2;-2.5;0.9;1;0.1;1.2;1.9;0;259;54;98;66;97369;0.28;0.05;0.31;0.32
2011;12;14;348;8.7;3.9;-1.3;6.3;2.6;-2.3;1.1;1.3;0.1;1.2;1.9;0;213;43;60;40;97156;0.2;1.57;0.31;0.32
2011;12;15;349;5.2;3.6;1.3;3.5;2.5;0.4;0.5;-0.5;0.1;1.2;1.9;0;50;10;43;17;97167;0.26;3.43;0.31;0.32
2011;12;16;350;9.1;4.2;-1.6;5.7;2.2;-2.7;0.9;2.2;0.1;1.2;1.9;0;203;30;64;37;95729;0.56;7.73;0.31;0.32
2011;12;17;351;5.8;2.8;0.2;4.6;-2;-6.3;1.8;0.1;0.1;1.2;1.9;0.08;145;29;84;52;95549;0.5;5.83;0.32;0.32
2011;12;18;352;5.1;0.3;-2.8;-2.2;-4.2;-6.3;0.5;0.5;0.1;1.2;1.9;0.1;284;60;123;82;96963;0.18;0;0.32;0.32
2011;12;19;353;1.9;-0.6;-2.4;-2.3;-4.2;-6.6;0.1;-1.8;0.11;1.2;1.9;0.88;115;24;67;47;97498;0.26;1.7;0.32;0.32
2011;12;20;354;1.8;-2.3;-5.1;-6.3;-7.5;-9.1;0.9;0.2;0.12;1.1;1.9;1.24;277;59;123;84;97244;0.07;0;0.32;0.32
2011;12;21;355;3.9;-1.1;-4.4;-3.4;-5.8;-8.7;1.1;0.2;0.12;1.1;1.9;1.18;234;44;94;51;97304;0.03;0.03;0.32;0.32
2011;12;22;356;3.7;-0.8;-4.5;-1.7;-3.8;-6.4;0.4;0.2;0.12;1.1;1.9;1.18;246;51;100;53;97998;0.16;0.55;0.32;0.32
2011;12;23;357;2.6;0.4;-1.1;-0.6;-1.6;-2.6;0.5;0.7;0.12;1.1;1.9;1.3;81;16;26;10;98160;0.05;0.35;0.32;0.32
2011;12;24;358;3.7;0.1;-3.1;0.8;-1.4;-3.8;0.9;0.1;0.12;1.1;1.9;1.22;212;37;73;37;97769;0.08;0.13;0.32;0.32
2011;12;25;359;5.5;1;-1.9;-1.6;-3.3;-4.9;1.2;-0.5;0.12;1.1;1.9;1.07;265;54;109;58;98980;0.2;0;0.32;0.32
2011;12;26;360;3.3;1.1;-0.8;0.1;-1.7;-3.5;0.8;0.2;0.11;1.1;1.9;0.96;88;18;39;19;99474;0.05;0.06;0.32;0.32
2011;12;27;361;6.7;1.7;-1.1;3.1;0;-2.2;0.5;0.5;0.11;1.1;1.9;0.81;255;52;96;53;99481;0.11;0;0.32;0.32
2011;12;28;362;4.7;0.5;-1.9;1.9;-0.6;-2.4;0;0.6;0.11;1.1;1.9;0.64;235;48;81;49;98888;0.06;0;0.32;0.32
2011;12;29;363;2.6;-0.3;-2.4;0.1;-1.3;-2.7;0.6;0.4;0.11;1.1;1.9;0.58;170;30;58;32;98035;0.05;0.63;0.32;0.32
2011;12;30;364;2.7;-1.2;-3.7;0.6;-2.5;-5.4;1.2;0.6;0.11;1.1;1.9;0.6;108;25;70;51;97049;0.14;0.37;0.32;0.32
2011;12;31;365;4.9;-0.3;-4.5;-2.9;-4.5;-7;1.1;0.7;0.11;1.1;1.9;0.59;284;59;114;62;97502;0.23;0.11;0.32;0.32
2012;1;1;1;3.9;0.9;-1.2;0.4;-1.6;-3;0.8;0.5;0.11;1.1;1.9;0.63;106;22;49;19;97776;0.05;0.03;0.32;0.32
2012;1;2;2;7.4;2;-1.8;2.4;-0.1;-3.1;1.4;1.2;0.11;1.1;1.9;0.52;260;54;96;57;97453;0.05;0.65;0.32;0.32
2012;1;3;3;7.4;3.3;0.8;5.1;2.3;0;1;0.7;0.11;1.1;1.9;0.4;198;31;57;27;98119;0.07;3.95;0.33;0.32
2012;1;4;4;5.6;1.6;-2;3.8;0.6;-3.2;1.4;0.5;0.1;1;1.9;0.31;108;24;77;42;97477;-0.02;0.59;0.33;0.32
2012;1;5;5;5.6;1.7;-3.8;1;-0.8;-4.7;1.5;1.8;0.1;1;1.9;0.26;174;32;80;48;96076;0.34;0.45;0.33;0.32
2012;1;6;6;5.6;2.3;-0.4;-3.1;-4.9;-6.2;2;-2.4;0.1;1;1.9;0.23;263;56;109;85;96202;0.51;0.01;0.33;0.32
2012;1;7;7;6.1;1.8;-1;-1.6;-3.5;-5.9;0.9;0.1;0.1;1;1.9;0.22;279;52;105;64;97445;0.23;0.29;0.33;0.32
2012;1;8;8;6.7;1.5;-1.5;-1.6;-3.2;-4;1.8;-0.7;0.1;1;1.9;0.19;285;58;100;66;97326;0.33;0.21;0.33;0.32
2012;1;9;9;6.5;1.1;-2.1;0.2;-2.8;-4.3;1.3;-0.5;0.1;1;1.9;0.15;271;58;101;58;98081;0.35;0.87;0.33;0.32
2012;1;10;10;7.3;2.3;-0.6;1.6;-1.7;-3.3;1.5;-0.7;0.1;1;1.9;0.26;250;54;96;53;98472;0.48;0.51;0.33;0.32
2012;1;11;11;7.2;1.4;-1.8;1.1;-1.9;-3.3;0.8;0.2;0.1;1;1.9;0.22;278;59;105;57;98935;0.19;0;0.33;0.32
2012;1;12;12;6.7;0.2;-3;0.1;-2.5;-4.3;1.1;0.5;0.1;1;1.9;0.17;296;66;113;72;98403;0.1;0;0.33;0.32
2012;1;13;13;6.9;1.6;-2.1;-1.6;-5;-8.2;2.1;-0.8;0.1;1;1.9;0.1;307;66;112;69;97642;0.24;0.01;0.33;0.32
2012;1;14;14;4.2;1.3;-0.4;-7.2;-7.8;-8.5;2.9;-1.7;0.1;1;1.9;0.09;294;66;107;89;97679;0.41;0.01;0.33;0.32
2012;1;15;15;2.6;-0.5;-2.8;-7.7;-8.9;-10.7;1.4;-1.5;0.1;1;1.9;0.09;243;56;105;79;97867;0.12;0;0.33;0.32
2012;1;16;16;1.3;-1.9;-3.8;-7.6;-8.9;-10.3;0.5;-0.5;0.1;1;1.9;0.11;308;64;115;76;98216;0.05;0.01;0.33;0.32
2012;1;17;17;2.6;-0.7;-3.2;-5.3;-7.4;-9.5;1.4;-0.5;0.1;1;1.9;0.22;161;37;72;42;98323;0.02;0.03;0.33;0.32
2012;1;18;18;5.2;0.2;-2.7;-2.4;-4.9;-6.4;1.1;0.2;0.1;1;1.9;0.2;281;58;115;65;98773;0.04;0;0.33;0.32
2012;1;19;19;5;1.1;-2.6;-1.5;-4;-6.8;1.6;0.8;0.1;0.9;1.9;0.16;177;37;58;36;97830;0.19;0.75;0.33;0.32
2012;1;20;20;4.9;0.7;-3.8;1.6;-3.1;-7;1.4;-0.3;0.1;0.9;1.9;0.2;199;41;87;56;97063;0.35;4.13;0.33;0.32
2012;1;21;21;5.1;0.8;-3.4;-1.7;-3.5;-5.8;1;1.1;0.1;0.9;1.9;0.27;310;61;109;56;97149;0.24;0.59;0.33;0.32
2012;1;22;22;9;3;-1.1;2.4;0;-2.6;1.4;0.6;0.11;0.9;1.9;0.36;327;68;103;62;96673;0.36;1.09;0.33;0.32
2012;1;23;23;8.5;2.1;-2.7;2.6;-0.5;-3.8;0.7;0.1;0.1;0.9;1.9;0.28;313;70;100;61;97200;0.26;1.07;0.33;0.32
2012;1;24;24;4.7;0.3;-2.4;0.9;-2;-5.5;0.8;-1;0.11;0.9;1.9;0.35;208;44;80;53;97411;0.29;2.11;0.33;0.32
2012;1;25;25;3.3;-0.7;-2.8;-4.3;-6.3;-8;-0.3;-2.2;0.11;0.9;1.9;0.37;329;74;112;78;97846;0.26;0;0.33;0.32
2012;1;26;26;1.9;-1.7;-3.9;-6.7;-8.3;-10.1;-0.1;-1.1;0.11;0.9;1.9;0.37;333;79;128;90;98007;0.06;0;0.33;0.32
2012;1;27;27;1.2;-2.4;-4.7;-6.3;-7.1;-8.2;-0.2;0.9;0.11;0.9;1.9;0.36;348;81;124;86;98478;0.02;0;0.33;0.32
2012;1;28;28;1;-1.7;-3.6;-4.5;-5.9;-7.2;-0.9;0.5;0.11;0.9;1.9;0.36;257;61;81;52;98645;0;0.09;0.33;0.32
2012;1;29;29;-1.1;-2.4;-3.2;-4.3;-6.5;-7.9;-1.5;-0.1;0.11;0.9;1.9;0.62;151;36;43;33;98733;0;0.5;0.33;0.32
2012;1;30;30;-0.5;-3;-4.6;-6.8;-8.2;-9.9;-0.9;-0.3;0.11;0.9;1.9;0.9;316;73;105;68;98758;0.04;0.04;0.33;0.32
2012;1;31;31;-3.1;-4.6;-6;-9;-11.8;-12.7;-1.5;0;0.11;0.9;1.9;0.91;252;58;76;57;98537;0;0.07;0.33;0.32
2012;2;1;32;-1.8;-4.3;-6.2;-9.7;-11.8;-13.5;-1.9;-1.5;0.12;0.9;1.9;1.03;288;63;71;55;98244;0;0.08;0.33;0.32
2012;2;2;33;-5;-6.7;-8.2;-14.3;-17.3;-19.1;-2;-1.6;0.12;0.9;1.9;1.03;277;63;85;60;98386;0;0.07;0.33;0.32
2012;2;3;34;-6.6;-8.5;-10.8;-19;-20.3;-23.6;-1.8;-2.4;0.12;0.9;1.9;1.13;279;65;78;57;98537;0;0.4;0.33;0.32
2012;2;4;35;-7.7;-8.6;-9.2;-19.2;-21.6;-25;-0.5;-3.6;0.15;0.9;1.9;3.18;120;27;49;33;98530;0.17;3.54;0.33;0.32
2012;2;5;36;-5.7;-8.5;-10.2;-18.8;-19.5;-20.2;-1.1;-1.9;0.19;0.9;1.9;4.85;308;75;95;68;98664;0.18;0.22;0.33;0.32
2012;2;6;37;-5.9;-8.8;-11.5;-13.9;-17.4;-20.3;-1.2;-1.6;0.19;0.8;1.9;5.44;242;53;65;41;98409;0.18;3.18;0.33;0.32
2012;2;7;38;-5.8;-8.5;-12.6;-11;-13;-16.4;-0.2;-1.8;0.32;0.8;1.9;11.78;90;22;61;23;98181;0.23;5.76;0.33;0.32
2012;2;8;39;-2.9;-10.5;-19.5;-10.9;-15.6;-22.8;0.1;-0.4;0.33;0.8;1.9;12.96;322;79;122;67;98940;0.37;0;0.33;0.32
2012;2;9;40;-3.8;-10.1;-18.1;-10.7;-13.8;-20.5;-0.2;0.2;0.31;0.8;1.9;12.58;337;80;119;50;98504;0.33;1.21;0.33;0.32
2012;2;10;41;-6.4;-9.8;-12.6;-10.9;-13.8;-16.3;-1.3;-1.3;0.32;0.8;1.9;13.6;192;47;66;39;98838;0.24;0.52;0.33;0.32
2012;2;11;42;-6.9;-10.2;-13.1;-12.4;-14.4;-17.1;-0.8;-1.7;0.33;0.8;1.9;14.37;166;39;41;29;98545;0.23;1.96;0.33;0.32
2012;2;12;43;-4;-8.7;-13.3;-11.1;-13.3;-16.5;-0.2;-0.7;0.34;0.8;1.9;15.44;223;54;79;34;98365;0.33;0.71;0.33;0.32
2012;2;13;44;-0.7;-6.6;-13.7;-9.1;-12.6;-16.1;0.7;-0.3;0.34;0.8;1.9;15.56;311;75;119;52;97727;0.39;0.17;0.33;0.32
2012;2;14;45;0.6;-6.7;-15.9;-7.4;-12.3;-19.6;0.7;0.1;0.33;0.8;1.9;14.75;322;74;108;56;97277;0.41;0.09;0.33;0.32
2012;2;15;46;3.4;-2.6;-10.6;-2.3;-7.2;-13.5;2.5;1;0.32;0.8;1.9;14.32;285;62;84;48;96159;0.51;0.97;0.33;0.32
2012;2;16;47;2.5;-0.7;-5.1;-6.4;-8.3;-11;2.2;-2.9;0.31;0.8;1.9;13.9;327;83;115;84;97328;0.8;0.08;0.33;0.32
2012;2;17;48;6.2;-0.3;-7.1;-1.8;-6;-12.3;1.5;0.6;0.29;0.8;1.9;12.48;268;66;85;39;97711;0.28;0;0.33;0.32
2012;2;18;49;6;2;-1.2;-0.4;-2.1;-3.6;0;0.6;0.25;0.8;1.9;9.75;302;76;87;49;97794;0.09;0;0.34;0.32
2012;2;19;50;9.1;2.2;-3.7;2.7;-1.6;-5.8;0.7;-0.2;0.21;0.8;1.9;7.09;359;92;99;48;97553;0.08;3.48;0.34;0.32
2012;2;20;51;5.4;1.5;-1.1;0.1;-3.5;-6.7;-0.3;-1.2;0.19;0.8;1.9;5.85;227;56;66;39;98789;0.35;0.78;0.34;0.32
2012;2;21;52;5.3;1.1;-2.3;-3.9;-5.6;-6.1;0.3;0.3;0.18;0.8;1.9;4.98;435;112;126;76;98988;0.14;0;0.34;0.32
2012;2;22;53;7.8;1.5;-3.7;-0.1;-4.2;-6.5;0.6;0.3;0.16;0.9;1.9;3.85;379;102;117;70;98865;0.12;0;0.35;0.32
2012;2;23;54;10.4;2.3;-3.3;1.3;-1.9;-5.2;1;0.5;0.15;0.9;1.9;2.74;399;96;98;53;98131;0.09;0;0.35;0.32
2012;2;24;55;14.8;6.6;0.7;7.3;2.3;-0.8;0.7;-0.4;0.13;0.9;1.9;1.67;401;105;97;48;98017;0.28;0;0.35;0.32
2012;2;25;56;13.6;5.5;-0.7;5.2;1.3;-1.4;1;-1.5;0.12;0.9;1.9;0.87;404;105;101;58;97702;0.44;0;0.35;0.32
2012;2;26;57;8.8;2.7;-1.4;2.3;-1.7;-5.7;0.7;-1.7;0.12;0.9;1.9;0.51;458;114;111;66;97487;0.7;1.26;0.35;0.32
2012;2;27;58;6.3;1.3;-3.4;-4.4;-7.2;-10.3;0.7;-1.9;0.12;0.9;1.9;0.4;427;109;112;75;98078;0.32;0.02;0.35;0.32
2012;2;28;59;10.3;4;-0.7;2.3;-1.2;-5.3;1;-0.1;0.12;0.9;1.9;0.33;330;81;67;33;97751;0.29;0.73;0.35;0.32
2012;2;29;60;12.8;8.6;4.5;5.2;3.7;1.2;1.2;-1.7;0.12;0.9;1.9;0.19;233;69;64;35;97679;0.47;0;0.35;0.32
2012;3;1;61;13.8;8.2;3.8;7.4;5.3;3;0.2;0.4;0.12;0.9;1.9;0.07;364;85;85;35;98263;0.39;0.05;0.35;0.32
2012;3;2;62;17.3;8.2;0.5;8.4;4.7;0.5;-0.1;-0.5;0.12;0.9;1.9;0;492;131;113;61;98178;0.72;0;0.35;0.32
2012;3;3;63;9;5.2;2.5;2.6;0.2;-5.2;-1.1;-0.1;0.12;1;1.9;0;345;90;89;52;98389;0.54;0.03;0.35;0.32
2012;3;4;64;8.2;3.8;-0.1;-2.2;-3.7;-5.5;-0.8;-0.2;0.12;1;1.9;0;440;117;99;63;98117;0.64;0;0.34;0.32
2012;3;5;65;7.8;3;-1.7;-1.9;-2.9;-4;-1;-0.4;0.12;1;1.9;0;513;133;117;66;97810;0.66;0;0.34;0.32
2012;3;6;66;6.8;2.6;-1.2;-0.8;-3.6;-7.7;-1.1;-0.7;0.12;1;1.9;0;456;135;133;77;98258;0.65;0;0.34;0.32
2012;3;7;67;4.8;0.2;-3.3;-5.8;-7.1;-8.4;-0.8;1.2;0.12;1;1.9;0;550;154;131;89;98445;0.57;0;0.34;0.32
2012;3;8;68;7.7;2.5;-1.7;-0.3;-4.6;-8.7;-0.6;0.3;0.12;1;1.9;0;493;132;106;63;98040;0.57;0;0.34;0.33
2012;3;9;69;9;3.6;-1.5;-1.4;-4.1;-6.7;-0.1;-1.4;0.12;1;1.9;0;485;147;126;81;99228;0.82;0;0.34;0.33
2012;3;10;70;8.9;3;-2.8;-1.4;-3.7;-5;0.4;-0.3;0.12;1;1.9;0;562;161;133;88;99156;0.63;0;0.34;0.33
2012;3;11;71;10.8;4.9;-1.9;1.5;-1.3;-4.4;0.7;-1.6;0.12;1;1.9;0;411;93;76;47;98185;0.47;0.01;0.34;0.33
2012;3;12;72;10.3;6.6;2.3;4.3;2.4;-0.7;0;-1;0.12;1;1.9;0;238;60;56;26;98056;0.53;0.84;0.34;0.33
2012;3;13;73;12.8;8.5;5.2;5;3;1.7;-0.4;-1.2;0.13;1;1.9;0;288;79;93;37;98453;0.63;0.1;0.34;0.33
2012;3;14;74;14.6;8.2;3.8;4.1;2.7;1.8;-0.1;0.3;0.13;1.1;1.9;0;493;149;126;73;98493;0.98;0;0.34;0.33
2012;3;15;75;14;7.5;2.1;3.5;2;0.8;-0.3;0.2;0.13;1.1;1.9;0;550;159;124;83;98775;1.06;0;0.34;0.33
2012;3;16;76;17.8;8.5;-1;7.3;3.4;-1.5;0.5;0.5;0.13;1.1;1.9;0;591;174;142;91;98463;1.17;0;0.34;0.33
2012;3;17;77;19.3;9.8;-0.1;5;2.6;-1.2;2;1.7;0.13;1.1;1.9;0;594;177;141;98;97949;1.41;0;0.33;0.33
2012;3;18;78;16.3;10.7;5.4;4.9;3.5;2.4;2.8;2.5;0.13;1.1;1.9;0;579;175;133;101;97713;1.33;0;0.33;0.33
2012;3;19;79;11.8;8.7;3.8;6.5;5.2;3.2;0;-0.5;0.13;1.1;1.9;0;328;85;87;50;98313;0.94;2.38;0.33;0.33
2012;3;20;80;14.6;9.8;5.3;4.4;2.6;1.3;-0.5;0.3;0.13;1.2;1.9;0;475;138;113;61;99182;1.23;0;0.33;0.33
2012;3;21;81;15.9;9.3;0.6;5.9;3.3;-0.1;0.2;-0.1;0.13;1.2;1.9;0;572;153;123;74;99253;1.19;0;0.33;0.33
2012;3;22;82;17.1;10.5;2.1;5.8;3.3;1.3;-0.2;0.2;0.13;1.2;1.9;0;570;168;127;83;98919;1.4;0;0.33;0.33
2012;3;23;83;18.8;11.6;2.4;5.8;4;0.9;0.5;-0.4;0.13;1.2;1.9;0;610;182;140;86;98358;1.52;0.05;0.33;0.33
2012;3;24;84;18.4;11.5;3.3;6.5;4.5;2.1;0.6;-1.1;0.13;1.2;1.9;0;599;173;129;80;98199;1.63;0.55;0.33;0.33
2012;3;25;85;18.7;11.9;4.1;6.1;4.3;3;1;-1.5;0.13;1.2;1.9;0;578;176;131;90;98367;1.63;0.07;0.33;0.33
2012;3;26;86;15.8;9.9;4.2;2.9;-0.2;-3.9;-1;-1.7;0.14;1.3;1.9;0;632;194;146;99;98751;1.59;0;0.32;0.33
2012;3;27;87;18;11;3.5;1.8;-1;-4.4;1;-1.1;0.14;1.3;1.9;0;630;196;143;100;98581;1.7;0;0.32;0.33
2012;3;28;88;19.6;12.4;3.8;7.8;4.6;1.4;0.9;-0.4;0.14;1.3;1.9;0;609;189;134;88;98258;1.61;0;0.32;0.32
2012;3;29;89;18.9;12.8;5.9;6.2;1.9;-2.8;2;-1;0.14;1.3;1.9;0;328;113;106;73;97238;1.29;0.05;0.32;0.32
2012;3;30;90;13.8;10.7;7.2;4.8;2.4;0.5;1.6;-1.5;0.14;1.3;1.9;0;278;87;68;47;96870;0.98;0.14;0.32;0.32
2012;3;31;91;18.9;12.1;5.9;4.4;2.1;0.3;1.5;-1.6;0.14;1.4;1.9;0;538;166;121;78;96420;1.77;0.44;0.32;0.32
2012;4;1;92;9.5;5.7;2.4;-1.9;-6.6;-9.3;0.1;-1.6;0.14;1.4;1.9;0;504;165;120;90;97206;1.4;0.01;0.32;0.32
2012;4;2;93;15.8;8.2;-0.5;2.1;-1.2;-5.5;0.8;1.5;0.14;1.4;1.9;0;657;207;142;101;96932;1.58;0;0.31;0.32
2012;4;3;94;18.3;11;2.7;5.9;3.2;-0.3;1.5;1.9;0.14;1.4;1.9;0;662;214;140;98;96629;1.71;0;0.31;0.32
2012;4;4;95;19.4;13.7;7.3;8.8;7;6.1;1.5;2.1;0.14;1.4;1.9;0;590;165;101;80;96678;1.52;0;0.31;0.32
2012;4;5;96;19.2;13;6.5;11.8;9.3;5.8;0.4;0.7;0.14;1.4;1.9;0;561;155;109;70;96792;1.31;4.48;0.31;0.32
2012;4;6;97;12.7;10.2;7.7;10;8.7;7;-1;-0.2;0.14;1.5;1.9;0;247;77;53;29;96595;1.21;5.03;0.32;0.32
2012;4;7;98;12;9.2;5.7;11.2;7.7;2.7;-0.7;-0.9;0.14;1.5;1.9;0;308;80;52;27;96147;1.66;13.16;0.32;0.32
2012;4;8;99;7.4;4.4;0.6;2.1;-4.3;-8.4;-0.5;-2.8;0.14;1.5;1.9;0;376;126;101;65;96585;1.66;0.79;0.33;0.32
2012;4;9;100;9.7;4;-1.5;-4.3;-6.9;-8.8;-0.6;-0.4;0.15;1.5;1.9;0;625;200;147;101;97089;1.63;0.02;0.33;0.32
2012;4;10;101;13.6;7.1;-0.1;0.2;-1.8;-5.3;0;2.6;0.15;1.5;1.9;0;660;208;128;90;96727;1.8;0;0.33;0.32
2012;4;11;102;13.6;9.9;5.7;6.9;3.6;0.4;1.3;2.8;0.15;1.6;1.9;0;583;176;101;64;95959;1.83;3.87;0.32;0.32
2012;4;12;103;14.5;9.4;5.5;6.7;3.8;1.1;0.8;0.6;0.15;1.6;1.9;0;478;133;103;60;96154;2;4.32;0.33;0.32
2012;4;13;104;14.5;8.7;2.2;8.6;5.2;1.2;-0.2;0;0.15;1.6;1.9;0;528;149;89;59;96192;1.51;3.3;0.33;0.32
2012;4;14;105;13.1;9.9;6.7;6.7;5.8;4.6;-0.4;-2.1;0.15;1.6;1.9;0;385;114;58;38;95721;1.63;2.52;0.33;0.32
2012;4;15;106;13.8;10.5;7.9;7.2;6;5.1;0.3;-0.9;0.15;1.6;1.9;0;382;105;71;38;95790;1.47;1.37;0.33;0.32
2012;4;16;107;13.3;8.6;5.1;6;3;-1.3;0.4;-2.2;0.15;1.7;1.9;0;415;121;97;59;96558;1.59;1.37;0.33;0.32
2012;4;17;108;11.6;7.3;4.5;-0.2;-1.9;-3;-0.6;-2.9;0.15;1.7;1.9;0;536;164;98;66;96892;1.77;0;0.33;0.32
2012;4;18;109;13.5;8.2;2.7;3.9;1.1;-1.9;-0.2;0.8;0.15;1.7;1.9;0;662;186;124;69;96046;1.82;0;0.33;0.32
2012;4;19;110;15.8;10.2;4.6;5.4;3.4;2.4;0.8;2.2;0.15;1.8;1.9;0;643;207;124;86;95509;2.16;0.29;0.33;0.32
2012;4;20;111;15.8;10;4.6;7.9;5.7;3.4;1;1.4;0.15;1.8;1.9;0;592;181;104;75;95676;1.96;2.96;0.33;0.32
2012;4;21;112;15.1;10.2;5.3;6.7;5.4;4.3;0.9;0.9;0.15;1.8;1.9;0;608;165;107;66;96453;1.96;0.82;0.33;0.32
2012;4;22;113;14.2;9;4.9;9.1;5.6;2.8;0.9;0.7;0.16;1.8;1.9;0;428;117;88;57;96735;1.76;11.42;0.33;0.32
2012;4;23;114;13.7;8.7;2.2;6.5;4.3;1.1;0.2;1.5;0.16;1.9;1.9;0;474;163;91;70;96837;1.7;0.16;0.33;0.32
2012;4;24;115;14.2;10;6.2;9.6;5.9;3.9;0.9;3;0.16;1.9;1.9;0;502;131;75;59;96204;1.92;3.12;0.33;0.32
2012;4;25;116;17.2;11;3.1;6;3.8;2.5;1;1.6;0.16;1.9;1.9;0;648;209;115;86;96859;2.53;0.08;0.33;0.32
2012;4;26;117;20.3;13.8;7.1;6.8;5.7;4.6;1.7;2.4;0.16;2;1.9;0;712;244;134;101;97165;2.98;0;0.33;0.32
2012;4;27;118;23;15.6;6.3;11.8;8.7;4.6;-0.4;-0.1;0.16;2;1.9;0;713;243;137;96;97686;3.01;0;0.33;0.32
2012;4;28;119;25.6;17.8;7.9;12;9.9;6.9;-0.6;0.8;0.16;2;1.9;0;711;251;136;96;97915;3.31;0;0.32;0.32
2012;4;29;120;26.4;19.2;12.3;11.7;9.7;7.9;0.3;2.3;0.16;2.1;1.9;0;724;248;141;101;97525;3.42;0;0.32;0.32
2012;4;30;121;25.3;19;11.4;11.7;9.4;7;0.8;1.9;0.16;2.1;1.9;0;688;238;132;96;97456;3.31;0;0.32;0.32
2012;5;1;122;26.4;20;13.1;12.8;10.2;8.1;0.2;1.2;0.16;2.1;1.9;0;708;239;134;90;97436;3.27;0;0.31;0.32
2012;5;2;123;25.9;19;11.2;14.3;11.2;9.4;0.6;0.7;0.16;2.1;1.9;0;690;221;127;80;97185;3.14;1.85;0.31;0.32
2012;5;3;124;22.8;16.4;10.2;14.3;12.1;8.9;0.3;-0.6;0.16;2.2;1.9;0;640;184;114;67;96817;2.64;16.68;0.31;0.32
2012;5;4;125;18.8;14.5;10.4;12.8;10.7;8.6;0.3;0.6;0.16;2.2;1.9;0;486;140;100;60;96679;2.22;2.85;0.33;0.32
2012;5;5;126;20.6;15;8.2;11.4;8;6;2.2;2.2;0.17;2.2;1.9;0;634;234;127;88;96572;3.3;0.14;0.33;0.32
2012;5;6;127;20.2;15.3;9.5;9.9;8.7;7.5;1.8;2.3;0.17;2.3;1.9;0;637;213;103;83;96884;2.99;0.16;0.32;0.32
2012;5;7;128;17.2;13.3;10.4;10.4;9.3;8.3;0.3;-0.2;0.17;2.3;1.9;0;413;114;92;56;97437;1.87;3.34;0.32;0.32
2012;5;8;129;19.8;14.6;8.4;10.5;8.2;7;-0.4;0.7;0.17;2.3;1.9;0;585;210;109;82;97713;2.87;0.32;0.32;0.32
2012;5;9;130;21.9;16.7;9.7;11.6;9.9;7.8;-0.3;1.2;0.17;2.4;1.9;0;641;219;108;81;97802;3.05;0.13;0.32;0.32
2012;5;10;131;23.7;18.8;13.6;13.5;10.8;8.6;-0.2;0.9;0.17;2.4;1.9;0;603;215;109;76;98328;3.15;0.01;0.32;0.32
2012;5;11;132;26.3;19.9;10.9;13.5;11;9.3;0.2;1.5;0.17;2.4;1.9;0;713;247;126;86;98354;3.69;0;0.31;0.32
2012;5;12;133;25.9;17.5;9.3;16.5;12.3;6.1;-0.3;-1.6;0.17;2.5;1.9;0;608;177;104;58;98033;3.95;11.02;0.31;0.32
2012;5;13;134;14.6;10.8;8.3;5.2;0.5;-2.2;-1.3;-3.1;0.17;2.5;1.9;0;654;186;94;64;98277;3.55;1.18;0.32;0.32
2012;5;14;135;13.2;10.1;7.4;4.2;2;-0.5;-1.3;-3.1;0.17;2.5;1.9;0;402;127;79;46;97615;2.26;0.6;0.32;0.32
2012;5;15;136;15.5;12.1;8.6;6.9;5;4.1;-0.1;0.1;0.17;2.5;1.9;0;354;145;111;58;96945;2.13;0.21;0.31;0.32
2012;5;16;137;9.6;8.6;7.8;6.3;3.3;1.5;1.8;-2.9;0.17;2.6;1.9;0;272;72;53;34;97102;2.5;5.01;0.32;0.32
2012;5;17;138;14.4;10.4;6.1;1.3;-0.1;-1.9;0.1;-3.3;0.17;2.6;1.9;0;647;219;113;88;97755;3.1;0.01;0.31;0.32
2012;5;18;139;16.3;11.1;5.1;4.4;1.4;-2.1;-0.4;1.2;0.17;2.6;1.9;0;746;265;141;102;97672;3.18;0;0.31;0.32
2012;5;19;140;20.4;14.3;7.3;8.1;5.5;2.7;-0.4;1.5;0.17;2.6;1.9;0;731;268;135;98;97525;3.45;0.02;0.31;0.32
2012;5;20;141;23.9;17.2;8.9;11.4;9.2;5.8;-0.2;2.4;0.17;2.7;1.9;0;726;257;118;89;97079;3.54;0;0.3;0.32
2012;5;21;142;17.9;15.3;13.3;13.8;12.1;9.8;-0.5;0.1;0.17;2.7;1.9;0;300;90;62;37;96619;1.45;6.43;0.3;0.32
2012;5;22;143;16.4;14.6;12.5;15.8;13.8;12;0.1;-1.2;0.17;2.7;1.9;0;132;38;40;21;96488;0.71;29.24;0.32;0.32
2012;5;23;144;24.8;18.4;11.8;15;12.8;10.7;0.6;-2.2;0.17;2.7;1.9;0;658;207;101;62;97152;3.84;2.72;0.33;0.32
2012;5;24;145;23.3;19.2;15;14.1;11.2;6.8;0.2;-3.6;0.17;2.7;1.9;0;636;216;97;75;97665;4.27;2.29;0.33;0.32
2012;5;25;146;20.2;16.9;13.8;8.8;6.4;4;-0.7;-3.1;0.17;2.8;1.9;0;582;215;118;85;97830;3.91;0.12;0.33;0.32
2012;5;26;147;18.4;15.2;11.2;10.3;5.7;3.9;-0.4;-1.6;0.17;2.8;1.9;0;570;192;91;74;97803;3.35;0.17;0.33;0.32
2012;5;27;148;20.1;15.6;9.9;10.1;7.4;5.3;0.1;-1.1;0.17;2.8;1.9;0;655;239;113;87;97618;3.67;0.36;0.32;0.32
2012;5;28;149;21.4;15.6;8.1;11.3;8.2;5.9;0.8;-0.6;0.17;2.8;1.9;0;648;231;124;81;97253;3.71;2.05;0.32;0.32
2012;5;29;150;21;15.6;9.1;13.6;11;8.3;0.6;-0.5;0.17;2.9;1.9;0;672;213;101;73;97158;3.55;2.56;0.32;0.32
2012;5;30;151;23.7;17.8;11.7;14.5;11.8;9.9;1.2;-0.4;0.17;2.9;1.9;0;657;217;106;75;97495;3.65;0.86;0.32;0.32
2012;5;31;152;21.9;17.4;11.5;14.5;12.9;10.8;0.4;0.1;0.17;2.9;1.9;0;570;194;95;67;97637;3.02;0.56;0.32;0.32
2012;6;1;153;21.8;17;12.1;14.7;11.3;8.6;0.6;-1.2;0.17;2.9;1.9;0;545;171;104;57;97266;3.02;1.08;0.32;0.32
2012;6;2;154;19.9;16.6;13.6;14.6;12.4;9.4;-0.5;1.2;0.17;2.9;1.9;0;310;107;65;36;97454;1.73;0.12;0.31;0.32
2012;6;3;155;26.4;20;12;15.9;14.1;11.8;2.1;2.1;0.17;3;1.9;0;644;227;97;69;96973;3.82;0.05;0.31;0.32
2012;6;4;156;21.6;17;13.3;16.2;14.1;11.6;0.5;-1;0.17;3;1.9;0;462;146;74;43;96873;3.56;24.66;0.32;0.32
2012;6;5;157;18.8;14.9;9.6;11.2;6.9;2.1;1;-1.7;0.17;3;1.9;0;634;231;134;81;97222;4.22;1.03;0.33;0.32
2012;6;6;158;21.8;15.4;8.2;12.8;8.9;4.6;0.3;1.4;0.17;3;1.9;0;597;188;82;66;97245;3;0;0.32;0.32
2012;6;7;159;24.5;19;11.4;14.6;12.9;10.5;0.7;1.4;0.17;3;1.9;0;560;201;93;69;96962;3.5;0.02;0.32;0.32
2012;6;8;160;27.6;21.5;14.8;16.5;13.9;12.3;1.6;1.6;0.17;3.1;1.9;0;652;249;102;81;96918;4.57;0.03;0.32;0.32
2012;6;9;161;20.1;17.2;14.6;16;14.2;12.8;-1.3;-0.8;0.17;3.1;1.9;0;421;118;67;37;97360;2.49;12.61;0.32;0.32
2012;6;10;162;22.2;17.2;13.8;15;13;11.8;0.1;0.4;0.17;3.1;1.9;0;462;129;88;38;96906;2.68;11.79;0.33;0.32
2012;6;11;163;19.6;15.9;13.5;15.5;13.3;12.2;-0.8;-0.3;0.17;3.1;1.9;0;422;127;68;38;96498;2.4;7.31;0.34;0.32
2012;6;12;164;20.2;16.1;11.6;16;13.2;10.6;0.6;1.6;0.17;3.2;1.9;0;436;152;87;55;96224;2.84;2.22;0.34;0.32
2012;6;13;165;19.4;15.3;11.7;12.2;10.2;9.1;1.5;-0.1;0.17;3.2;1.9;0;533;154;100;63;97034;2.88;2.69;0.34;0.32
2012;6;14;166;21.8;16.7;9.4;13.1;10.3;8.7;0.4;0.4;0.17;3.2;1.9;0;691;244;119;80;97690;4.16;0.19;0.34;0.32
2012;6;15;167;24.9;19.3;11.4;14.7;12.7;10.2;-0.2;0.6;0.17;3.2;1.9;0;679;253;111;83;97943;4.23;0;0.33;0.32
2012;6;16;168;28.3;21.8;13.2;16.5;14;11.7;-0.2;1.9;0.17;3.2;1.9;0;743;278;125;95;97914;4.98;0;0.33;0.32
2012;6;17;169;28.8;23;14.7;17.2;15.3;12.8;-0.7;-0.2;0.17;3.2;1.9;0;700;265;118;89;97925;4.68;0;0.32;0.32
2012;6;18;170;29.7;23.8;15.1;19.3;16;13.8;-0.3;0.4;0.17;3.3;1.9;0;705;271;119;85;97750;4.81;0;0.32;0.32
2012;6;19;171;29.8;24.3;16.4;20.3;17;15.1;-0.6;0.2;0.17;3.3;1.9;0;637;245;99;73;97628;4.42;0.01;0.32;0.32
2012;6;20;172;31.9;25.7;20.1;21.3;17.8;15.8;0.1;1.3;0.17;3.3;1.9;0;714;253;103;73;97191;4.64;0;0.31;0.32
2012;6;21;173;28.6;23.1;18.6;20.1;19;17.4;0.2;-0.3;0.17;3.3;1.9;0;595;203;80;60;96959;3.65;3.58;0.31;0.32
2012;6;22;174;26.6;22.2;17.8;18.4;15.4;12.9;0.3;-1.2;0.17;3.3;1.9;0;550;185;92;61;97536;3.93;8.24;0.31;0.32
2012;6;23;175;22.5;19.8;16.5;14.8;13.8;12.2;-0.5;-1.4;0.17;3.3;1.9;0;357;140;70;53;98129;2.87;1.25;0.31;0.32
2012;6;24;176;26.6;21.7;15;16.8;14.4;12.9;0;0.6;0.17;3.3;1.9;0;653;228;103;65;97738;4.15;0.1;0.31;0.32
2012;6;25;177;20.9;18.4;13.8;16.8;15.6;13;-0.7;-0.4;0.17;3.4;1.9;0;199;74;61;38;97364;1.78;20.87;0.32;0.32
2012;6;26;178;22.9;18.1;10.9;14;11.2;8.5;0.8;0.1;0.17;3.4;1.9;0;615;212;104;73;97857;3.95;0.26;0.32;0.32
2012;6;27;179;23.4;19.4;12.8;15.6;12.6;11.2;0.2;0.5;0.17;3.4;1.9;0;517;200;92;70;97889;3.58;0.07;0.32;0.31
2012;6;28;180;28.4;22.3;13.6;18.1;15.5;12.4;0.2;0;0.17;3.4;1.9;0;638;235;100;71;97375;4.27;0.06;0.32;0.31
2012;6;29;181;30.7;24.4;16.6;20;17.9;15.3;0.2;0.4;0.17;3.4;1.9;0;675;238;100;71;97266;4.36;0.11;0.31;0.31
2012;6;30;182;33.1;26;17;21.7;18.8;16.4;0.2;1;0.17;3.4;1.9;0;727;259;106;76;97283;4.89;0.04;0.31;0.31
2012;7;1;183;33.1;26.8;19.5;21.9;19.7;17.5;0;0.3;0.17;3.4;1.9;0;693;256;96;73;97308;4.77;0.28;0.3;0.31
2012;7;2;184;32.5;26.4;20;19.6;18;16.2;-0.5;-0.4;0.17;3.5;1.9;0;710;258;108;74;97587;4.94;0.02;0.3;0.31
2012;7;3;185;30.3;24.4;19.1;20.4;18.8;17;-0.1;-0.2;0.17;3.5;1.9;0;637;214;87;60;97348;4.11;28.55;0.3;0.31
2012;7;4;186;28.1;23.2;17.8;20.3;18.4;16.9;0.2;-0.5;0.17;3.5;1.9;0;665;223;92;63;97231;4.49;2.38;0.32;0.31
2012;7;5;187;29.4;23.4;18.5;20.2;18.8;17.1;0.4;0.4;0.17;3.5;1.9;0;593;215;88;63;97114;4.26;5.04;0.32;0.31
2012;7;6;188;29.9;23;16.5;20.4;17.7;16;0.7;0.5;0.17;3.5;1.9;0;670;231;98;72;97068;4.55;0.97;0.31;0.31
2012;7;7;189;29.5;23.6;16.4;18.1;16.6;15.1;0.5;0.7;0.17;3.5;1.9;0;681;240;98;73;97110;4.75;0.05;0.31;0.31
2012;7;8;190;30.2;24;17.7;18;16.2;13.8;1.2;0.6;0.17;3.5;1.9;0;615;228;102;71;97050;4.67;0.06;0.31;0.31
2012;7;9;191;27.7;23.1;18;16.8;15.8;15;0.1;-0.8;0.17;3.6;1.9;0;571;205;87;63;97203;4.18;1.02;0.3;0.31
2012;7;10;192;26.8;21.8;17.7;16.7;15.9;15;0.5;-0.5;0.17;3.6;1.9;0;595;206;95;64;97362;4.25;5.68;0.3;0.31
2012;7;11;193;26.6;20.8;15.4;18.8;17.1;14.9;0.6;-0.6;0.17;3.6;1.9;0;640;204;88;54;97297;4.2;26.13;0.31;0.31
2012;7;12;194;20.3;18.8;16.9;16.8;13.6;11.6;0.2;-0.9;0.17;3.6;1.9;0;274;82;51;32;97512;2.18;3.11;0.33;0.31
2012;7;13;195;19.2;16.6;13.4;13.6;12.9;12;0.4;-0.8;0.17;3.6;1.9;0;324;78;56;32;97272;1.88;2.71;0.33;0.31
2012;7;14;196;27.9;19.4;12.8;17;14.3;11.9;0.7;0.5;0.17;3.6;1.9;0;552;198;74;50;96948;4.27;11.15;0.33;0.31
2012;7;15;197;19;16.2;12.5;14.2;12.1;10.3;0.9;-1;0.17;3.6;1.9;0;379;88;82;42;97398;2.19;3.81;0.33;0.31
2012;7;16;198;21.4;17;12;10.9;8.9;6.7;0.9;-1.8;0.17;3.6;1.9;0;659;227;115;78;98135;4.32;0.17;0.33;0.31
2012;7;17;199;23.7;17.9;10.5;13;10.6;8.2;1.2;-0.2;0.17;3.6;1.9;0;572;209;94;74;98149;3.88;0.02;0.33;0.31
2012;7;18;200;24.2;19.4;13;14.4;12.2;10.5;0.5;0.8;0.17;3.6;1.9;0;492;199;95;72;97875;3.69;0.15;0.33;0.31
2012;7;19;201;29.3;22.1;13.6;17.2;15.2;11.7;1.2;0.4;0.17;3.6;1.9;0;714;245;104;75;97153;4.73;0.36;0.32;0.31
2012;7;20;202;23.7;19.8;16.8;17.1;14.7;12.5;-1.1;-1;0.17;3.6;1.9;0;510;164;72;48;97365;3.54;2.11;0.32;0.31
2012;7;21;203;16.8;15.8;12.4;14.4;13;10.6;0.2;-1;0.17;3.6;1.9;0;167;49;67;36;97607;1.48;11.33;0.32;0.31
2012;7;22;204;19.6;16;11.7;11.5;9.7;6.8;-0.3;-3;0.17;3.6;1.9;0;534;182;91;60;98043;3.73;0.3;0.33;0.31
2012;7;23;205;23.2;18.6;13.5;12.5;9.9;6.8;-0.7;-2.8;0.17;3.6;1.9;0;696;231;110;68;98285;4.64;0;0.32;0.31
2012;7;24;206;26.4;20.6;16;18.6;15.3;11.6;-0.8;-1.6;0.17;3.6;1.9;0;666;202;93;54;97838;3.91;10.1;0.32;0.31
2012;7;25;207;22.1;19.2;16.8;18.2;17.1;16;0.2;-0.8;0.17;3.6;1.9;0;360;83;65;28;97378;1.76;2.96;0.33;0.31
2012;7;26;208;25.3;20.7;15;18.2;16.6;14.5;0.8;-0.5;0.17;3.6;1.9;0;481;178;80;54;97511;3.18;1.23;0.33;0.31
2012;7;27;209;28.4;23.4;15.7;19.1;17.3;15;0.4;-0.5;0.17;3.6;1.9;0;601;223;102;69;97444;4.2;0.06;0.32;0.31
2012;7;28;210;30.6;24.2;16.7;20.5;18.6;16;0.4;0.6;0.17;3.6;1.9;0;697;236;96;68;97054;4.59;0.3;0.32;0.31
2012;7;29;211;27.1;21.4;16.9;19;17.7;15.6;0.5;-0.8;0.17;3.6;1.9;0;559;180;78;61;97098;3.35;8.14;0.32;0.31
2012;7;30;212;24.6;20.2;14.5;16.8;14.6;13.6;-0.3;-1;0.17;3.6;1.9;0;533;189;84;63;97678;3.78;0.08;0.32;0.31
2012;7;31;213;25.8;21.5;16.1;16.3;14.4;13.6;-0.1;-0.9;0.17;3.6;1.9;0;689;211;113;70;97767;3.95;0;0.32;0.31
2012;8;1;214;28;22.8;14.9;17.1;13.9;12.2;0;-0.5;0.17;3.6;1.9;0;696;244;118;83;97643;4.47;0;0.31;0.31
2012;8;2;215;29.5;24.2;16.6;18.4;15.5;13.1;0;0.2;0.17;3.6;1.9;0;692;228;111;75;97426;4.16;0;0.31;0.31
2012;8;3;216;27.8;23;17.3;18.8;17.6;15.2;-0.2;-1;0.17;3.6;1.9;0;602;189;86;59;97425;3.63;2.26;0.31;0.31
2012;8;4;217;27.4;23.1;18.2;19;18.1;17;0.4;-0.3;0.17;3.6;1.9;0;572;188;76;56;97414;3.58;0.38;0.3;0.31
2012;8;5;218;32.1;24.9;17.5;20;17.4;13.9;0.6;1;0.17;3.6;1.9;0;686;219;101;71;97130;4.21;0.13;0.3;0.31
2012;8;6;219;32.1;26;19;18.8;16.3;14.8;1.9;1.9;0.17;3.6;1.9;0;691;237;111;82;97131;4.67;0.4;0.3;0.31
2012;8;7;220;23.8;21.7;19;15.1;13.1;11.8;-0.1;-0.9;0.17;3.5;1.9;0;401;127;74;51;97984;2.79;0.01;0.29;0.31
2012;8;8;221;23.3;20.2;17.9;15.4;14.3;13.1;-0.2;-1.3;0.17;3.5;1.9;0;461;123;84;46;98137;2.31;0.41;0.29;0.31
2012;8;9;222;21.4;18.6;14.4;15.7;14.5;13.6;0.5;-0.9;0.17;3.5;1.9;0;383;117;76;53;98143;2.09;1.57;0.29;0.31
2012;8;10;223;23.1;17.9;11.9;13.9;12.9;11.6;0.1;-1.1;0.17;3.5;1.9;0;515;182;93;67;98028;3.14;1.54;0.29;0.31
2012;8;11;224;19.4;16.2;11.9;13.4;11.8;9.5;0.1;-1.1;0.17;3.5;1.9;0;430;145;87;61;97812;2.92;6.5;0.29;0.31
2012;8;12;225;20.2;15.8;9.6;11.8;9.6;8.5;-0.2;-0.5;0.17;3.5;1.9;0;478;168;97;67;97616;2.76;0.03;0.29;0.31
2012;8;13;226;20.9;17;13.5;12.7;10.7;9.7;-0.3;-0.8;0.17;3.5;1.9;0;429;136;87;52;97509;2.27;0.12;0.29;0.31
2012;8;14;227;22.8;18.3;13.2;13;11.2;9.4;-0.3;-0.2;0.17;3.5;1.9;0;506;177;114;66;97491;2.83;0.07;0.29;0.31
2012;8;15;228;26;20.6;13.5;16.2;12.8;8.9;0;-0.3;0.17;3.5;1.9;0;656;203;104;70;97400;3.22;0.06;0.28;0.31
2012;8;16;229;27;21.5;14.6;15.8;14;12.5;0.3;-1.2;0.17;3.5;1.9;0;590;189;99;66;97526;3.23;0.24;0.28;0.31
2012;8;17;230;26.2;21.6;16.9;15.9;14.5;13.6;0.1;-1;0.17;3.5;1.9;0;587;186;94;68;97952;3.14;0.04;0.28;0.31
2012;8;18;231;27.2;22.3;16;16.8;14.4;12.8;-0.4;-0.6;0.16;3.4;1.9;0;563;188;98;68;98151;3.05;0;0.28;0.31
2012;8;19;232;29;23.6;16.8;16.5;14.5;12.8;0;0.1;0.16;3.4;1.9;0;663;223;120;81;98246;3.45;0;0.27;0.31
2012;8;20;233;32;24.7;15.8;18.1;14.5;12.8;0.4;0.9;0.16;3.4;1.9;0;672;228;136;92;98018;3.52;0;0.27;0.31
2012;8;21;234;31.2;24.1;16;19.2;16.9;13.9;0.6;-0.6;0.16;3.4;1.9;0;654;200;111;76;97728;3.08;0.04;0.27;0.31
2012;8;22;235;34;25.1;17;18.9;17.1;13.6;0.8;-0.7;0.16;3.4;1.9;0;660;206;126;77;97498;3.23;0.47;0.26;0.31
2012;8;23;236;30.2;24.5;18.7;20.6;18.3;17.2;0.4;0.2;0.16;3.3;1.9;0;554;157;96;59;97434;2.64;4.18;0.26;0.31
2012;8;24;237;32.9;25.8;17.7;19.2;16.4;13.4;1.4;1.2;0.16;3.3;1.9;0;642;209;114;80;97006;3.55;0.1;0.26;0.31
2012;8;25;238;29.6;24.4;19.5;17.1;16.2;15.3;-0.4;-0.4;0.16;3.3;1.9;0;609;196;106;78;97031;3.02;0;0.26;0.31
2012;8;26;239;21.5;18.2;15.5;16;13.8;11.1;1.2;-1;0.16;3.3;1.9;0;232;62;53;41;97224;1.78;13.29;0.26;0.3
2012;8;27;240;22.6;18.1;13.1;12.7;10.1;8.8;0.8;-1.4;0.16;3.2;1.9;0;521;181;98;78;97930;3.08;0;0.27;0.3
2012;8;28;241;25.3;19.6;13.9;14.6;12.3;9.9;0.2;1.1;0.16;3.2;1.9;0;645;211;119;86;97942;2.97;0;0.27;0.3
2012;8;29;242;26.4;21;14.6;16.9;14.2;12.9;0;-0.8;0.16;3.2;1.9;0;576;175;107;68;97915;2.64;0;0.27;0.3
2012;8;30;243;28.1;21.7;14.1;16.7;12.9;10.4;-0.2;1;0.16;3.2;1.9;0;646;200;121;83;97637;3.06;0;0.26;0.3
2012;8;31;244;20.6;17.4;13;15.5;12.3;9.8;0.3;-1.8;0.16;3.1;1.9;0;299;82;58;36;97355;2.45;20.25;0.27;0.3
2012;9;1;245;18;14.7;12.3;15.2;12.6;10.2;1;-1;0.16;3.1;1.9;0;235;56;41;30;97794;1.59;22.38;0.29;0.3
2012;9;2;246;23;18.1;12.8;16.9;14.8;11.9;0.4;-0.6;0.16;3.1;1.9;0;388;116;86;45;98020;1.97;0.82;0.3;0.3
2012;9;3;247;25.8;20.4;14.1;17.8;16.1;13.9;-0.3;-1.5;0.16;3.1;1.9;0;547;163;91;56;97872;2.75;0.29;0.3;0.3
2012;9;4;248;24.5;20.5;16.8;17;16;14.8;-0.1;-1.4;0.16;3.1;1.9;0;442;137;87;58;97688;2.31;0.14;0.3;0.3
2012;9;5;249;23.7;19.4;15;17.6;16.1;13.9;0.5;-1.1;0.16;3;1.9;0;439;134;84;57;97570;2.4;9.15;0.3;0.3
2012;9;6;250;22.2;18.1;13.9;15.3;13.1;9.3;-0.3;-1.9;0.16;3;1.9;0;540;158;93;67;97942;2.87;0.84;0.3;0.3
2012;9;7;251;21.6;16.5;11.2;12.4;10.3;6.8;0.3;0.5;0.16;3;1.9;0;619;190;126;88;98296;2.81;0;0.3;0.3
2012;9;8;252;24.8;18;10.6;13.7;11.6;9.8;0.8;0.3;0.16;3;1.9;0;614;194;124;86;98043;3.04;0;0.3;0.3
2012;9;9;253;25.2;19.5;11.7;16.3;13.1;10.7;0;0;0.15;2.9;1.9;0;608;190;117;80;97910;2.87;0;0.29;0.3
2012;9;10;254;26.2;20.9;14.3;15.6;13.4;11.5;-0.2;0.1;0.15;2.9;1.9;0;603;192;115;79;97808;2.79;0;0.29;0.3
2012;9;11;255;27.5;20.1;12.4;16.5;14;12.1;0.5;0.9;0.15;2.9;1.9;0;599;179;117;76;97510;2.85;0.17;0.29;0.3
2012;9;12;256;22.5;16.8;10.6;17.2;13.7;8.3;0.3;-0.6;0.15;2.9;1.9;0;404;108;74;48;96874;2.33;25.47;0.29;0.3
2012;9;13;257;12.3;10.7;8.6;8.3;7.2;6.1;0.9;-2.5;0.15;2.9;1.9;0;163;44;31;23;96917;2.71;12.82;0.32;0.3
2012;9;14;258;16.5;13.9;11.9;10.2;7.4;5.5;0.1;-2.2;0.15;2.8;1.9;0;273;69;45;25;97249;1.54;0;0.32;0.3
2012;9;15;259;19.2;16;13.1;11.8;10;9;0.2;-0.4;0.15;2.8;1.9;0;420;114;101;50;97446;1.76;0.09;0.32;0.3
2012;9;16;260;18.1;14.7;10.7;11.2;9.3;8.1;0;-1;0.15;2.8;1.9;0;429;123;91;58;97760;1.89;0;0.31;0.3
2012;9;17;261;21;15.4;7.8;13.1;10.7;7.4;0.2;0.4;0.15;2.7;1.9;0;559;172;114;77;97592;2.27;0;0.31;0.3
2012;9;18;262;22.4;16.4;10.1;14.3;12.5;9.7;0.2;0.8;0.15;2.7;1.9;0;554;161;108;73;97384;2.23;0;0.31;0.3
2012;9;19;263;19.1;13.8;9.9;14.8;11.7;8;0.4;-1.2;0.15;2.6;1.9;0;276;63;52;35;97235;1.73;16.06;0.31;0.3
2012;9;20;264;15.8;12.2;8.6;7.9;4.7;1.8;0.9;-1.9;0.15;2.6;1.9;0;564;153;115;74;98071;2.62;0.2;0.32;0.3
2012;9;21;265;17.1;11.8;7.1;8.5;5.9;3;0;1.2;0.15;2.6;1.9;0;564;165;125;90;98038;1.98;0;0.32;0.3
2012;9;22;266;20.9;14.3;7.4;13.1;9.7;5.7;0.3;0.4;0.15;2.5;1.9;0;542;154;110;70;97396;1.95;0.01;0.32;0.3
2012;9;23;267;19.3;15.2;12.8;13.2;11;9.4;-0.4;1.2;0.15;2.5;1.9;0;432;95;76;43;97666;1.39;0.03;0.32;0.3
2012;9;24;268;24;17.9;11.7;15.4;13.6;10.6;1.9;2.1;0.15;2.4;1.9;0;461;141;95;60;96529;2.32;9.7;0.32;0.3
2012;9;25;269;22.4;17.1;10.9;13.7;12.4;9.8;0.7;2;0.15;2.4;1.9;0;475;137;92;71;96816;2.32;1.41;0.32;0.3
2012;9;26;270;23.4;18.9;13.9;15.2;13.7;11.5;1.4;3.2;0.15;2.4;1.9;0;489;138;94;72;96832;2.12;0;0.32;0.3
2012;9;27;271;23.7;18.9;14.1;16.2;13.8;11.9;0.1;1.9;0.15;2.3;1.9;0;342;103;100;63;97018;1.87;1.04;0.32;0.3
2012;9;28;272;19.4;15.7;13;12.4;10.6;9;-0.1;0.8;0.15;2.3;1.9;0;507;126;107;63;97902;1.97;0.13;0.32;0.3
2012;9;29;273;22.3;16.4;11.7;16.7;13.7;10.6;0.2;0.5;0.15;2.2;1.9;0;428;94;74;45;97603;1.16;0.31;0.32;0.3
2012;9;30;274;17.4;15.2;12.7;13.3;11.7;10.8;-0.2;-0.8;0.15;2.2;1.9;0;205;66;63;39;97937;1.01;1.38;0.32;0.3
2012;10;1;275;21.9;16.6;12.4;15.6;13.3;11;0;0.4;0.15;2.2;1.9;0;445;124;96;56;97656;1.64;0.15;0.32;0.3
2012;10;2;276;16.7;14.2;10.4;14;12.6;9.9;0.4;-0.6;0.14;2.1;1.9;0;101;33;61;32;97684;0.65;4.91;0.32;0.3
2012;10;3;277;20;13.8;8.2;12.6;10.6;8;0.5;0.5;0.14;2.1;1.9;0;517;135;118;70;97709;1.7;0;0.32;0.3
2012;10;4;278;20.7;14.9;8.9;13.9;11.1;8.5;0.8;1;0.14;2;1.9;0;438;121;93;68;97448;1.45;0.04;0.32;0.3
2012;10;5;279;18.3;14.2;10.6;10.2;9.3;8.2;0.3;1.6;0.14;2;1.9;0;351;103;100;66;97895;1.27;0;0.32;0.3
2012;10;6;280;22.1;14.9;8.6;13.2;11.1;8.3;1.2;0.8;0.14;2;1.9;0;510;140;120;77;97624;1.58;0;0.32;0.3
2012;10;7;281;21.4;14.3;9.6;13.2;10.2;5.2;0.8;-1;0.14;1.9;1.9;0;370;99;83;59;97311;1.72;3.43;0.31;0.3
2012;10;8;282;14.4;10.1;6.1;6.3;3.4;2;0.4;0.4;0.14;1.9;1.9;0;436;118;123;85;97889;1.34;0;0.32;0.3
2012;10;9;283;16.3;11.6;6.4;9.8;7;3.1;-0.1;0.5;0.14;1.8;1.9;0;406;96;85;53;97075;1.02;0.44;0.31;0.3
2012;10;10;284;11.7;9.8;8.3;9.6;5.5;3.5;-0.8;0.1;0.14;1.8;1.9;0;101;25;35;19;97289;0.8;3.05;0.31;0.3
2012;10;11;285;11;9.7;8.4;7.5;6.8;6.1;-0.4;0.3;0.14;1.8;1.9;0;143;32;42;23;97383;0.52;0.06;0.32;0.3
2012;10;12;286;13.2;11.3;8.8;10;9;7.7;-0.6;0.2;0.14;1.7;1.9;0;139;38;45;21;97166;0.39;0.37;0.32;0.3
2012;10;13;287;13;11.1;9.3;9.7;8.5;7.3;-0.2;0.4;0.14;1.7;1.9;0;210;44;58;29;97376;0.58;0.5;0.32;0.3
2012;10;14;288;15.9;11.8;7;10;8.5;6.5;-0.1;1.5;0.14;1.6;1.9;0;399;91;90;59;96724;0.88;0.01;0.32;0.3
2012;10;15;289;18.7;13.6;9.1;13;10.8;7.4;-0.3;1.5;0.14;1.6;1.9;0;380;98;86;50;96526;1.23;13.99;0.31;0.3
2012;10;16;290;9.4;8.3;5.4;7.5;6.5;4.4;0.9;-1.1;0.14;1.6;1.9;0;63;14;72;20;97050;1.1;28.04;0.34;0.3
2012;10;17;291;17.9;10.1;2.8;8.9;6.2;2.4;0.8;1.1;0.14;1.6;1.9;0;460;120;116;79;97804;1.23;0;0.35;0.3
2012;10;18;292;20;12.5;6.9;11.2;8.9;6.4;0.8;1.6;0.14;1.6;1.9;0;450;120;112;83;97752;1.08;0;0.35;0.3
2012;10;19;293;20.7;11.9;5;11.9;8.4;4.6;0.6;0.7;0.14;1.5;1.9;0;470;124;131;90;97790;1.09;0;0.35;0.3
2012;10;20;294;18.1;11.1;4.2;12.3;8.5;3.8;0.3;-0.1;0.13;1.5;1.9;0;438;117;124;83;97798;0.93;0;0.35;0.3
2012;10;21;295;16.8;10.3;6.2;12.6;9;6.1;0.1;-0.3;0.13;1.5;1.9;0;396;99;117;60;97896;0.74;0.1;0.35;0.3
2012;10;22;296;16.6;10.3;5.7;11.6;8.6;5.5;0.3;-0.3;0.13;1.5;1.9;0;430;100;125;61;98085;0.75;0.06;0.34;0.3
2012;10;23;297;15.9;9.8;3.9;10.7;7.9;3.9;-0.1;-0.1;0.13;1.5;1.9;0;405;104;124;66;98175;0.81;0;0.34;0.3
2012;10;24;298;13.1;9.7;7.2;9.6;8.4;6.8;-0.2;0.3;0.13;1.5;1.9;0;290;71;100;44;97843;0.61;0.4;0.34;0.3
2012;10;25;299;13.4;9;6.3;8;7;5.7;0.1;0.2;0.13;1.5;1.9;0;354;82;105;53;97280;0.63;0;0.34;0.3
2012;10;26;300;10;7.3;3.6;8.4;6.4;3.5;-0.4;-0.2;0.13;1.4;1.9;0;232;44;54;26;96683;0.36;4.33;0.34;0.3
2012;10;27;301;15.7;9.8;3.1;11.7;8;0.8;0;-0.2;0.13;1.4;1.9;0;195;45;50;20;95092;1.19;24.07;0.35;0.3
2012;10;28;302;5.8;3.2;1;0.1;-3.1;-4.7;-0.4;-2.9;0.13;1.4;1.9;0.35;275;58;63;33;96446;1.29;3.82;0.37;0.3
2012;10;29;303;5;1.8;0.2;-1.6;-3;-4.5;0.2;-1.6;0.21;1.4;1.9;5.77;210;41;87;38;96980;0.67;4.35;0.37;0.3
2012;10;30;304;7.8;2.3;-2.5;-1;-3;-5.3;0.8;1.1;0.2;1.4;1.9;5.25;366;91;114;78;96934;0.59;0;0.37;0.3
2012;10;31;305;11.9;4.7;-1.6;4.6;0.9;-3.4;0;1.2;0.18;1.4;1.9;3.57;378;93;109;64;96773;0.49;0.34;0.37;0.3
2012;11;1;306;6.4;4.9;2.5;5.1;3.8;1.5;0.4;-0.5;0.15;1.4;1.9;1.93;60;13;62;18;95704;0.34;12.24;0.38;0.3
2012;11;2;307;10.1;5;0.4;5.9;3.1;-0.1;1.1;0.4;0.14;1.4;1.9;1.3;165;41;66;46;96637;0.37;0.92;0.38;0.3
2012;11;3;308;14.4;7.8;0.6;8.2;5;0;0.8;1.9;0.13;1.3;1.9;0.73;299;76;101;71;96987;0.51;0;0.38;0.3
2012;11;4;309;17.2;11.9;7.2;10.6;8.8;6.1;1.1;2.4;0.13;1.3;1.9;0.22;337;78;84;56;96658;0.62;0.27;0.38;0.3
2012;11;5;310;14.4;9.4;3.7;12.8;7.3;2.3;0.8;0.4;0.12;1.3;1.9;0.01;76;17;90;29;96192;0.9;23.63;0.39;0.31
2012;11;6;311;8.1;4.2;-0.2;5;2.3;-1.2;1;0;0.12;1.3;1.9;0;172;38;84;61;97395;0.52;3.64;0.4;0.31
2012;11;7;312;11.1;4.1;-2.1;2.4;0.1;-2.7;1.4;0.3;0.12;1.3;1.9;0;322;74;103;63;98266;0.69;0;0.39;0.31
2012;11;8;313;12.7;5.5;-0.3;4.3;1.7;-1.5;0.8;0.4;0.12;1.3;1.9;0;376;86;113;70;98093;0.55;0;0.39;0.31
2012;11;9;314;12.1;6.4;2.6;5.8;3.7;1.7;-0.2;0.5;0.12;1.3;1.9;0;356;83;114;65;97824;0.51;0.1;0.39;0.31
2012;11;10;315;11;6.6;3.1;6.1;4.4;2.2;-0.2;2;0.12;1.2;1.9;0;217;51;81;49;97506;0.37;0.23;0.39;0.31
2012;11;11;316;14.5;8.9;5.1;7.7;6;4;-0.5;1.4;0.12;1.2;1.9;0;331;72;96;50;97308;0.53;0.19;0.39;0.31
2012;11;12;317;10.2;9.5;8.8;9.2;8.5;7.9;-0.2;-0.7;0.12;1.2;1.9;0;37;8;13;6;98143;0.13;18.3;0.39;0.31
2012;11;13;318;12;9.3;7.1;8.4;6.8;5.3;-0.4;-1;0.11;1.2;1.9;0;171;35;61;29;98843;0.4;0.85;0.4;0.31
2012;11;14;319;8.3;6.1;4.3;4.9;2.9;1.9;-0.9;-0.5;0.11;1.2;1.9;0;238;53;85;45;98930;0.36;0.02;0.4;0.31
2012;11;15;320;7.8;5.7;3.7;4.2;2.9;1.4;-0.2;0.2;0.11;1.2;1.9;0;226;53;75;37;98468;0.32;0.05;0.4;0.31
2012;11;16;321;8.6;6.8;5.3;5;4.2;3.4;-0.4;0.7;0.11;1.2;1.9;0;176;37;42;23;98200;0.27;0.09;0.39;0.32
2012;11;17;322;11;6.8;2.4;5.3;4.3;1.9;-0.1;1.2;0.11;1.2;1.9;0;309;73;110;64;97659;0.45;0.02;0.39;0.32
2012;11;18;323;10.5;4.9;-0.1;5.2;2.3;-0.8;0.3;-0.5;0.11;1.2;1.9;0;307;67;100;53;97461;0.4;0.12;0.39;0.32
2012;11;19;324;9;7.2;5.5;7.4;5.7;3.1;-0.1;-0.9;0.11;1.2;1.9;0;75;15;29;8;97782;0.3;1.47;0.39;0.32
2012;11;20;325;9;7;5.3;6.3;5.9;5.2;-0.4;-0.7;0.11;1.2;1.9;0;168;33;40;19;98035;0.33;0.14;0.39;0.32
2012;11;21;326;8.8;7.7;6.6;7.2;6.7;6;-0.6;0.1;0.11;1.2;1.9;0;72;14;15;8;98044;0.21;0.71;0.39;0.32
2012;11;22;327;10.8;8.1;5.9;7.2;6.3;5.3;-0.2;0.1;0.11;1.2;1.9;0;220;45;71;33;98310;0.38;0.42;0.38;0.32
2012;11;23;328;10.1;7.3;4.7;6.6;6;4.7;-0.3;0.6;0.11;1.2;1.9;0;153;28;53;25;98174;0.35;0.88;0.38;0.32
2012;11;24;329;10.6;5.9;3.3;6.6;4.7;3.1;0.2;0.5;0.11;1.2;1.9;0;263;56;103;49;98143;0.31;0.01;0.38;0.32
2012;11;25;330;10.8;6;2.8;6.6;4.5;2.3;0.2;-0.1;0.11;1.2;1.9;0;304;65;115;61;97828;0.31;0;0.38;0.32
2012;11;26;331;13.2;6.9;1.8;8.4;4.9;1.6;0.6;1.5;0.11;1.2;1.9;0;220;46;80;50;97342;0.25;0;0.38;0.32
2012;11;27;332;12.6;9.7;7;8.2;6.8;5.4;0.9;2.5;0.11;1.2;1.9;0;192;38;69;54;96686;0.27;0.21;0.38;0.32
2012;11;28;333;14;9.9;7;9.1;7.8;5.4;-1;0.9;0.11;1.2;1.9;0;255;54;79;41;95911;0.47;6.45;0.38;0.32
2012;11;29;334;11;8.4;5.2;8.9;5.8;-0.1;0;1.1;0.11;1.2;1.9;0;187;41;66;44;95162;0.72;3.12;0.38;0.32
2012;11;30;335;5.1;3.8;2.4;1.7;0;-1.7;-0.3;-0.4;0.11;1.2;1.9;0.09;123;24;49;35;96335;0.41;2.29;0.38;0.33
2012;12;1;336;4.2;2.1;-0.2;0.2;-1.1;-2.7;-0.6;-0.1;0.11;1.2;1.9;0.09;215;46;95;51;97179;0.36;0.1;0.38;0.33
2012;12;2;337;1.6;0.7;-1.5;0.5;-0.4;-3.2;-0.2;-0.8;0.14;1.2;1.9;2.15;68;14;59;26;96916;0.21;6.46;0.38;0.33
2012;12;3;338;4.7;0.2;-2.8;-3.5;-5.4;-6.5;1.5;-0.8;0.17;1.2;1.9;4.37;247;53;106;64;97029;0.53;0;0.38;0.33
2012;12;4;339;2.9;0.4;-1.1;-0.4;-2.9;-5.5;0.6;0.9;0.17;1.2;1.9;4.36;112;22;59;28;96221;0.13;2.16;0.38;0.33
2012;12;5;340;4.8;0.3;-2.5;0.5;-2.8;-4.6;1.1;0.1;0.18;1.2;1.9;4.64;202;42;104;57;96141;0.25;0.06;0.38;0.33
2012;12;6;341;4.1;-0.1;-2.7;-2.7;-5.1;-8.2;0.8;-0.6;0.17;1.2;1.9;4.17;257;55;103;69;96877;0.2;0;0.38;0.33
2012;12;7;342;0.8;-1.8;-4.1;-4.7;-7.6;-11.3;-0.4;1.1;0.17;1.2;1.9;4.06;250;49;99;64;97125;0.09;2.54;0.38;0.33
2012;12;8;343;-2.5;-3.4;-4.2;-4.5;-7.9;-10.7;-0.8;-3.6;0.29;1.2;1.9;11.49;95;17;69;35;97169;0.41;6.74;0.38;0.33
2012;12;9;344;-1;-3.5;-5.8;-8.6;-10.5;-12.2;1.4;-1.1;0.3;1.2;1.9;12.45;226;49;118;73;97534;0.35;0.02;0.38;0.33
2012;12;10;345;1.1;-2;-4.1;-4.9;-8.2;-11.8;0.4;0.4;0.3;1.2;1.9;12.41;146;32;88;42;96726;0.15;0.68;0.38;0.33
2012;12;11;346;1.7;-2.3;-5.1;-4.3;-7.1;-9;1;-0.9;0.3;1.2;1.9;12.05;174;36;97;52;97202;0.22;0.05;0.38;0.33
2012;12;12;347;-2;-4.6;-7.5;-10;-12.4;-14.5;1.5;-0.8;0.29;1.2;1.9;11.55;232;49;114;66;97919;0.31;0;0.38;0.33
2012;12;13;348;-0.1;-4.9;-7.7;-6.1;-10.8;-15.3;0.8;1.2;0.27;1.2;1.9;11.06;205;45;101;62;97785;0.2;0;0.38;0.33
2012;12;14;349;4.1;-1.1;-7.5;1.3;-3.4;-9.8;0.5;1.9;0.26;1.2;1.9;10.2;187;41;92;50;97348;-0.06;0;0.38;0.33
2012;12;15;350;6.4;3.9;0.2;5.3;3.1;-0.2;0.8;1.5;0.22;1.2;1.9;7.32;49;12;52;14;96884;-0.22;3.79;0.38;0.33
2012;12;16;351;5;0.5;-2.7;3.2;-0.1;-3.1;1;0.1;0.18;1.2;1.9;5.41;133;31;66;31;97176;0.09;0.54;0.38;0.33
2012;12;17;352;4.3;1;-2;2.6;0.4;-2.5;0.1;0.1;0.17;1.2;1.9;4.76;124;23;40;21;96963;0.05;0.1;0.38;0.33
2012;12;18;353;3.6;1.1;-1.2;1.6;0.2;-1.5;0.2;-0.6;0.16;1.2;1.9;4.22;115;22;32;17;97189;0.13;0.99;0.38;0.33
2012;12;19;354;5.9;1.1;-1.4;0.7;-1.3;-3.4;1;-1;0.16;1.2;1.9;3.87;172;38;83;43;97868;0.21;0.44;0.38;0.33
2012;12;20;355;5.4;0.4;-2.5;-1.1;-2.8;-4.7;0.2;0.3;0.15;1.1;1.9;3.33;266;54;107;64;97781;0.17;0;0.38;0.33
2012;12;21;356;1.4;-0.3;-1.5;-0.6;-1.3;-2.5;-0.7;0.2;0.15;1.1;1.9;3.4;100;20;48;22;97312;0.05;1.81;0.38;0.33
2012;12;22;357;2.2;-0.2;-1.5;-0.6;-1.2;-2.1;-0.5;0.7;0.18;1.1;1.9;5.17;144;26;51;25;97878;0.06;0.84;0.38;0.34
2012;12;23;358;4.1;0.9;-1.1;1.5;-0.3;-1.7;0;0.8;0.19;1.1;1.9;5.75;127;22;32;15;97497;0.13;2.07;0.38;0.34
2012;12;24;359;9.1;2.7;-0.7;5;0.9;-1.8;1.4;0.8;0.18;1.1;1.9;5.03;234;49;85;47;97422;0.08;0;0.38;0.34
2012;12;25;360;8.6;4.9;1.7;4.4;2.5;0.2;2.3;1.7;0.15;1.1;1.9;3.48;184;39;78;55;97078;0.07;0;0.38;0.34
2012;12;26;361;5.5;3.9;0;4.3;2.9;-0.4;1.3;0;0.13;1.1;1.9;2.11;31;7;66;20;97364;-0.02;7.04;0.38;0.34
2012;12;27;362;7.3;2;-1.4;2;-0.2;-2.1;1.3;1.1;0.13;1.1;1.9;1.66;233;50;102;62;97300;0.24;0.12;0.39;0.34
2012;12;28;363;6.8;2.7;-0.7;3;-0.3;-3.3;0.7;-1.4;0.12;1.1;1.9;1.34;152;33;85;47;97957;0.37;0.47;0.39;0.34
2012;12;29;364;4.1;-0.4;-2.7;-0.7;-2.9;-4.7;-0.3;0.9;0.12;1.1;1.9;1.14;277;59;119;81;98741;0.1;0;0.39;0.34
2012;12;30;365;3.6;-0.4;-2.4;-1.3;-2.8;-4.3;0.1;0.5;0.11;1.1;1.9;1.03;269;58;103;63;98235;0.05;0;0.39;0.34
2012;12;31;366;6.3;0;-3.3;0.1;-2.9;-4.7;0.7;1;0.11;1.1;1.9;0.87;273;59;109;73;98276;0.07;0;0.38;0.34
2013;1;1;1;5.3;-0.3;-3.1;-1;-3.2;-4.6;0.3;0.9;0.11;1.1;1.9;0.73;275;59;108;73;97310;0.06;0;0.38;0.34
2013;1;2;2;3.6;-0.4;-3.4;-0.1;-2.6;-4.5;0.7;0;0.11;1.1;1.9;0.66;198;41;64;44;98109;0.04;0.02;0.38;0.34
2013;1;3;3;6.3;0.8;-3.2;1.6;-1.4;-4.2;1.3;0.5;0.11;1.1;1.9;0.58;281;55;98;56;98928;0.06;0.88;0.38;0.34
2013;1;4;4;8.8;3.2;-0.5;2.6;0.5;-2;1.8;-0.1;0.11;1;1.9;0.47;145;33;75;30;98525;0.2;4.59;0.38;0.34
2013;1;5;5;9.9;6.4;3.5;5.1;2.9;1.8;1.1;-1.9;0.1;1;1.9;0.3;175;38;63;34;97950;0.42;3.39;0.39;0.34
2013;1;6;6;5.5;3.8;1.8;4.5;2.5;1.1;0.4;0.6;0.1;1;1.9;0.21;101;17;47;17;97965;0.15;5.06;0.39;0.34
2013;1;7;7;3.9;1.1;-0.8;2;-0.6;-2.4;-0.5;0.4;0.13;1;1.9;2.43;72;15;40;17;98281;0.24;9.26;0.39;0.34
2013;1;8;8;2.3;0.4;-1.2;-0.1;-1.5;-3.2;-0.4;0.8;0.18;1;1.9;5.18;115;22;56;20;98352;0.12;0.88;0.39;0.34
2013;1;9;9;5.3;1.8;-0.4;3.2;0.9;-1.2;0.1;0.3;0.17;1;1.9;4.77;89;19;44;23;97885;0.02;0;0.39;0.34
2013;1;10;10;6.6;2.3;-0.6;2.8;1;-0.9;-0.1;-0.1;0.16;1;1.9;3.88;218;48;88;44;96954;0.16;0.55;0.39;0.34
2013;1;11;11;6.2;0.5;-3.2;1;-2.5;-6.6;-0.1;-0.7;0.15;1;1.9;3.52;246;53;105;59;96890;0.33;1.54;0.39;0.35
2013;1;12;12;2.2;-1.7;-3.8;-5.3;-6;-7;-0.4;1;0.15;1;1.9;3.16;243;54;88;65;97515;0.12;0.03;0.39;0.35
2013;1;13;13;-0.6;-1.9;-3.1;-3.1;-4;-5.2;-1.2;-0.8;0.17;1;1.9;4.73;94;20;53;24;97465;0.06;5.51;0.39;0.35
2013;1;14;14;-0.9;-2.7;-5;-3.5;-4.4;-6.1;-0.2;-0.8;0.33;1;1.9;15.55;112;22;47;18;97111;0.12;10.14;0.39;0.35
2013;1;15;15;1.2;-1.8;-4.1;-1.2;-3.1;-4.5;-0.3;0.6;0.35;1;1.9;18.62;165;32;47;24;96808;0.14;0.37;0.39;0.35
2013;1;16;16;0.9;-2.7;-6.8;-2.4;-4.4;-7.6;0.2;-0.8;0.35;1;1.9;19.28;159;31;66;24;96161;0.18;7.03;0.39;0.35
2013;1;17;17;0.8;-1.1;-1.9;-2.6;-4.2;-5.8;0.3;-2;0.35;1;1.9;27.42;106;25;53;21;96173;0.41;3.8;0.39;0.35
2013;1;18;18;-0.9;-2.1;-3.5;-4.1;-5.4;-6.8;0.2;-1.4;0.35;1;1.9;30.59;78;16;26;17;96134;0.32;4.65;0.38;0.35
2013;1;19;19;-0.7;-3.5;-7.8;-3.7;-5.1;-8.6;-0.4;0.4;0.35;0.9;1.9;32.51;204;46;88;44;95879;0.2;0.08;0.38;0.35
2013;1;20;20;3.7;-0.7;-6.9;1.3;-2.4;-8.2;0.6;0.5;0.35;0.9;1.9;31.21;166;31;64;18;95600;-0.03;0.54;0.38;0.35
2013;1;21;21;3.7;0.9;-1.5;1.2;0;-1.8;0.1;-0.2;0.34;0.9;1.9;28.73;110;21;40;12;95471;-0.03;5.99;0.39;0.35
2013;1;22;22;2.3;0.1;-1.5;0.1;-0.8;-2;-0.2;0.6;0.34;0.9;1.9;27.94;139;26;34;22;96133;0.05;2.51;0.39;0.35
2013;1;23;23;2.4;-0.9;-3.2;-0.4;-1.9;-3.7;-0.7;-0.1;0.34;0.9;1.9;27.18;185;39;56;34;96628;0.09;0.22;0.39;0.35
2013;1;24;24;0.9;-0.9;-3.3;-1.2;-2.5;-4.6;-0.9;-2.1;0.34;0.9;1.9;28.88;83;18;28;13;96529;0.28;6.15;0.39;0.35
2013;1;25;25;-0.3;-3.5;-8.8;-5;-8.3;-12.1;-0.9;-2.3;0.34;0.9;1.9;32;244;57;103;69;97068;0.63;0.07;0.39;0.35
2013;1;26;26;-2.7;-10.6;-19;-7.6;-13.4;-21;0.6;-0.4;0.34;0.9;1.9;31.7;273;62;110;63;97332;0.29;0;0.39;0.35
2013;1;27;27;0.6;-8.5;-19.3;-3.9;-11.3;-21;0.5;0.7;0.34;0.9;1.9;31.47;199;50;86;38;97226;0.26;0.01;0.39;0.35
2013;1;28;28;1.1;-1.7;-5;-0.8;-3.3;-6.4;0.3;0.3;0.34;0.9;1.9;31.6;153;30;59;21;97327;0.14;1.22;0.39;0.35
2013;1;29;29;2.7;-2.8;-10.5;-0.4;-4.5;-11.6;1.3;0.6;0.34;0.9;1.9;30.81;151;32;60;27;97740;0.12;0.04;0.39;0.35
2013;1;30;30;6;2;-0.4;1.9;0;-1.5;1.4;0.4;0.33;0.9;1.9;27.69;208;49;81;35;97328;0.02;0.41;0.39;0.36
2013;1;31;31;8.7;2.7;-5.1;1.2;-2.2;-7;1.8;-0.3;0.33;0.9;1.9;22.78;291;69;125;78;97409;0.33;0.32;0.39;0.36
2013;2;1;32;6.1;0.1;-6.2;0.8;-2.6;-8;0.6;0.7;0.31;0.9;1.9;18.73;149;38;57;33;96712;0.07;0.78;0.4;0.36
2013;2;2;33;4;2.5;1.4;2.7;1;-2.4;0.5;-0.8;0.27;0.9;1.9;15.44;42;10;36;14;95351;0.18;11.54;0.4;0.36
2013;2;3;34;3.9;0.2;-4.2;-2.7;-7.2;-9.6;0.9;-2.5;0.26;0.9;1.9;14.24;242;55;102;62;96856;1.03;0.1;0.41;0.36
2013;2;4;35;4.2;-0.1;-4.6;-0.9;-4.7;-10;1.3;1.3;0.25;0.9;1.9;13.36;181;46;67;38;97200;0.28;0.29;0.41;0.36
2013;2;5;36;6.5;2;-1.3;0.8;-1.1;-3.2;1.1;1.2;0.23;0.9;1.9;11.94;144;38;70;39;96604;0.16;0.41;0.4;0.36
2013;2;6;37;2.3;0.4;-2.6;0.5;-0.7;-3.6;0.4;-0.2;0.26;0.8;1.9;13.44;155;30;56;29;95834;0.12;8.39;0.41;0.36
2013;2;7;38;4.4;-1.9;-6.9;-3.2;-6.6;-10.2;1.1;-1.3;0.27;0.8;1.9;13.27;318;75;107;66;96284;0.51;0.03;0.41;0.36
2013;2;8;39;2.8;-1;-5.9;-6.4;-8.1;-10.6;0.2;-1.2;0.25;0.8;1.9;12.08;289;68;96;55;96818;0.37;0;0.4;0.36
2013;2;9;40;0.4;-1.8;-3.6;-5.6;-7.2;-8.7;-0.4;-1.5;0.25;0.8;1.9;11.99;172;43;62;38;97116;0.27;1.85;0.4;0.36
2013;2;10;41;-0.3;-2.7;-4.2;-5.6;-7.8;-9.4;0.2;-0.7;0.3;0.8;1.9;14.42;145;37;59;35;97102;0.32;2.28;0.4;0.37
2013;2;11;42;1.6;-2.9;-8;-4.3;-7.3;-9.8;-0.4;1.8;0.31;0.8;1.9;14.84;312;68;101;45;96745;0.46;2;0.4;0.37
2013;2;12;43;0.4;-2;-3.9;-2.4;-3.8;-5.4;-0.5;-1.2;0.35;0.8;1.9;23.55;204;36;49;24;96569;0.16;9.89;0.4;0.37
2013;2;13;44;0.4;-2.1;-5.8;-4;-5.4;-7.6;0.9;-2.2;0.35;0.8;1.9;28.28;116;22;34;17;97322;0.38;8.42;0.39;0.37
2013;2;14;45;1.3;-0.8;-2.7;-0.8;-2.7;-5.2;0.4;-0.2;0.35;0.8;1.9;37.48;118;26;25;16;97754;0.12;5.32;0.39;0.37
2013;2;15;46;3.5;0;-2.3;-0.6;-1.8;-3;0;0.1;0.35;0.8;1.9;37.88;171;45;69;32;97634;0.09;0.14;0.39;0.37
2013;2;16;47;3.8;-0.4;-6;-1;-2.9;-7;0.1;-0.2;0.34;0.8;1.9;34.73;288;70;108;50;97986;0.17;0.11;0.39;0.37
2013;2;17;48;3.6;0.3;-2.8;-1;-2.2;-4.2;-0.4;-0.6;0.34;0.8;1.9;31.57;227;57;65;34;97982;0.2;0.98;0.4;0.37
2013;2;18;49;2.4;0.3;-1.3;-1.6;-2.1;-3.1;-0.4;-0.6;0.34;0.8;1.9;30.05;173;46;72;34;97812;0.2;0.53;0.4;0.37
2013;2;19;50;4.6;0.5;-3.5;-2.6;-3.5;-5.1;1;0.8;0.33;0.8;1.9;27.52;322;76;106;51;97264;0.33;0.03;0.4;0.37
2013;2;20;51;2.2;-0.5;-3.6;-2.7;-4.3;-6.1;-0.3;-0.5;0.33;0.8;1.9;25.7;212;60;87;50;97389;0.23;2.22;0.4;0.37
2013;2;21;52;0.5;-2.7;-5.6;-6.5;-7.5;-8.4;-1.5;-1;0.33;0.9;1.9;25.45;248;58;69;34;97494;0.57;2.41;0.4;0.37
2013;2;22;53;-0.6;-3.2;-4.8;-4.8;-6.7;-8.7;-0.8;-1.4;0.34;0.9;1.9;29.77;204;45;46;28;96751;0.38;5.78;0.4;0.37
2013;2;23;54;2;-1.4;-4.4;-1.6;-3.7;-6.1;-0.1;-0.6;0.35;0.9;1.9;39.41;318;70;87;32;96412;0.31;16.71;0.4;0.37
2013;2;24;55;4;1.5;-0.7;1.7;0.2;-1.4;0.1;-1.2;0.35;0.9;1.9;48.98;156;37;27;9;96614;-0.07;7.62;0.4;0.37
2013;2;25;56;4.8;2.3;0.9;1.5;0.8;0.3;-0.1;-0.5;0.34;0.9;1.9;43.13;276;68;81;29;97506;-0.04;2.79;0.41;0.37
2013;2;26;57;2.9;2.1;1.4;1.4;0.9;0.4;1;-1.2;0.34;0.9;1.9;38.54;61;13;9;4;97869;-0.12;30.79;0.42;0.38
2013;2;27;58;4.1;2.3;0.9;0.7;0.3;-0.5;-0.3;-0.4;0.34;0.9;1.9;34.39;138;33;35;13;98231;0.03;2.21;0.43;0.38
2013;2;28;59;4.7;2.1;-1.2;2;0.7;-1.7;0.1;0.4;0.33;0.9;1.9;29.86;166;38;61;24;98307;-0.09;0.26;0.43;0.39
2013;3;1;60;8.8;1.4;-3.5;1.7;-0.9;-4.9;-0.2;0.2;0.33;0.9;1.9;23.4;336;89;104;55;97758;-0.03;0.12;0.43;0.39
2013;3;2;61;5.8;1.4;-1.6;-0.4;-3.5;-6.2;-0.6;0;0.3;0.9;1.9;17.6;416;112;133;71;97982;0.57;0.12;0.42;0.39
2013;3;3;62;9.4;2.5;-3.4;-1.1;-4.4;-7.6;0.2;0.2;0.26;0.9;1.9;12.91;448;123;130;77;97784;0.46;0;0.42;0.39
2013;3;4;63;7.3;2;-2;-0.7;-2.9;-4.7;-0.5;0.5;0.22;1;1.9;8.93;464;126;126;74;98247;0.4;0;0.42;0.4
2013;3;5;64;10.4;3.8;-1.8;-0.1;-2.1;-4.7;-0.1;2.2;0.19;1;1.9;6.13;505;138;129;78;97978;0.56;0;0.42;0.4
2013;3;6;65;10.5;6.7;2;6.4;3.3;-2;0.5;2.8;0.16;1;1.9;3.57;314;88;74;54;97015;0.36;0.74;0.42;0.4
2013;3;7;66;13.3;8.7;5.4;8;6.4;4.7;0.9;2.5;0.13;1;1.9;1.3;291;77;88;36;96325;0.47;0.04;0.41;0.4
2013;3;8;67;15.8;9.1;3.9;7.8;5.4;3.6;1.5;1.2;0.13;1;1.9;0.46;484;124;105;61;96121;0.86;0.03;0.41;0.4
2013;3;9;68;12;7.7;2.5;8.1;5.8;2.1;0.4;0.1;0.12;1;1.9;0.19;226;60;47;25;96157;0.39;7.49;0.41;0.4
2013;3;10;69;9.1;6.5;0.1;7;4.9;-0.5;1.1;-0.1;0.12;1;1.9;0.1;196;42;75;35;95938;0.63;9.76;0.42;0.4
2013;3;11;70;12.4;5.3;-2;4.8;1.8;-2.5;-0.2;0.1;0.12;1;1.9;0.03;509;128;106;62;95865;0.86;0.75;0.42;0.4
2013;3;12;71;6.1;4.8;3.3;5.3;3.7;2.1;-0.8;-0.4;0.13;1;1.9;0;172;51;28;16;95814;0.84;4.11;0.41;0.4
2013;3;13;72;7.3;5.2;2.5;4.1;3.1;1.4;-0.9;-0.7;0.13;1;1.9;0;183;53;43;23;95660;0.98;5.45;0.41;0.41
2013;3;14;73;1.7;-0.4;-2.1;0.5;-6.7;-11.3;0.4;-4.3;0.17;1.1;1.9;3.54;137;38;35;26;95639;0.81;6.76;0.41;0.41
2013;3;15;74;1.5;-1.1;-3;-9.8;-12.1;-13.3;1.3;-4.3;0.21;1.1;1.9;6.22;355;106;87;64;96579;1.06;0.17;0.41;0.41
2013;3;16;75;3.5;-0.8;-4;-8.7;-9.9;-11.3;-0.2;-0.1;0.2;1.1;1.9;5.92;380;113;107;76;97704;0.63;0.25;0.41;0.41
2013;3;17;76;6;1.5;-3.5;-2.9;-5.7;-9.2;-0.4;2.9;0.2;1.1;1.9;5.42;345;94;80;53;97233;0.57;0;0.4;0.41
2013;3;18;77;2.2;1.5;0.4;1.8;-0.3;-3.3;-0.9;1;0.21;1.1;1.9;6.83;132;35;66;22;95820;0.27;11;0.4;0.41
2013;3;19;78;11.6;4.8;-1;2.2;-0.5;-3.2;1;0.4;0.22;1.1;1.9;7.01;452;123;109;65;95752;1.02;1.92;0.41;0.41
2013;3;20;79;13.1;5.7;-2.7;2.7;-0.2;-4.1;1.2;0.8;0.18;1.2;1.9;3.99;528;145;108;61;96490;1.02;0.08;0.41;0.41
2013;3;21;80;9.5;5.8;1.2;1.2;-2.2;-5.2;1.3;-3;0.16;1.2;1.9;2.1;437;117;125;66;96865;1.42;1.16;0.41;0.41
2013;3;22;81;9.3;3.5;-2;-3.5;-5.2;-6.3;-0.4;-1.1;0.15;1.2;1.9;1.39;536;156;122;88;97287;1.11;0;0.41;0.41
2013;3;23;82;2.3;-0.3;-2.8;-4;-5.1;-6.9;-1.4;-0.2;0.15;1.2;1.9;1.41;274;74;71;38;97554;0.45;0.94;0.4;0.41
2013;3;24;83;-0.7;-1.8;-3.7;-3.9;-5.1;-6.6;-2.1;-0.6;0.19;1.2;1.9;4.58;176;45;30;20;97606;0.36;5.96;0.4;0.41
2013;3;25;84;-2.1;-3.1;-4;-4.4;-6.1;-8;-1.3;-2;0.29;1.2;1.9;12.01;153;40;25;18;96977;0.36;11.88;0.4;0.41
2013;3;26;85;-0.4;-2.5;-4;-3.5;-4.9;-6.2;-0.5;-1.3;0.35;1.3;1.9;23.02;166;46;31;19;96470;0.43;7.92;0.4;0.41
2013;3;27;86;1.4;-1.8;-4.5;-3.8;-5.4;-6.5;-0.6;0.4;0.35;1.3;1.9;26.96;329;94;68;37;96858;0.8;0.81;0.39;0.41
2013;3;28;87;7.7;1.1;-5;0.6;-3;-7.2;-0.4;1.7;0.35;1.3;1.9;22.85;484;142;114;59;97047;0.82;0.61;0.4;0.41
2013;3;29;88;5.5;2.8;1.2;3.4;1.7;0.6;-0.5;-0.1;0.33;1.3;1.9;16.3;112;31;21;7;96557;-0.09;2.52;0.4;0.41
2013;3;30;89;5.7;3.3;0.9;4.1;2.4;0.7;-0.5;-0.7;0.28;1.3;1.9;11.41;112;33;14;7;96264;0.04;10.9;0.4;0.41
2013;3;31;90;6;3.5;0;2.1;0.6;-1.1;0.4;-1.2;0.23;1.4;1.9;7.16;238;66;45;23;95978;1.03;7.22;0.42;0.41
2013;4;1;91;5.7;2.2;-1.2;-1;-1.6;-2;-0.9;1.3;0.21;1.4;1.9;5.61;322;96;55;36;96720;0.87;0.88;0.42;0.41
2013;4;2;92;3.5;1.7;0.8;1.8;0.3;-1.5;-0.6;-1.8;0.23;1.4;1.9;7.1;164;45;21;11;96618;0.52;16.14;0.42;0.41
2013;4;3;93;5.1;2.3;-0.3;0.2;-1;-2.1;0.3;-1;0.3;1.4;1.9;12.46;205;50;44;23;96601;0.58;5.35;0.42;0.41
2013;4;4;94;9.2;4.1;-0.9;2;0.2;-2.4;-0.4;0.7;0.26;1.4;1.9;8.99;434;127;71;41;96806;0.88;0.41;0.42;0.41
2013;4;5;95;7;4.7;1.1;5;3.2;0.4;-1.1;-0.6;0.21;1.4;1.9;5.22;154;44;32;13;96396;0.47;2.9;0.42;0.41
2013;4;6;96;9.3;5.8;2.6;3.9;2;0.5;-1.3;-0.1;0.18;1.5;1.9;2.77;367;101;60;34;97122;1.05;0.78;0.42;0.41
2013;4;7;97;8.1;4.1;0.4;0.1;-1.7;-2.8;-1.5;-1.9;0.16;1.5;1.9;1.59;410;126;80;54;97464;1.13;0.17;0.42;0.41
2013;4;8;98;9.3;4.6;-0.8;0.1;-2.4;-4.2;-0.5;0.9;0.16;1.5;1.9;0.97;562;189;115;78;96934;1.44;0.01;0.41;0.41
2013;4;9;99;13;7.5;0;2.5;1.3;-1.2;0.4;1.1;0.15;1.5;1.9;0.48;567;162;98;70;96538;1.51;0.18;0.41;0.42
2013;4;10;100;15.2;8.8;1.9;6.6;3.9;0.7;0.7;0.1;0.15;1.5;1.9;0.18;597;186;118;81;96869;1.83;1.79;0.4;0.42
2013;4;11;101;17.2;9.1;0.5;7.1;4.2;0.2;1.3;1.5;0.15;1.6;1.9;0.03;656;173;115;70;96995;1.97;0.83;0.4;0.42
2013;4;12;102;16.6;11.8;6.8;8.8;7;4.7;2;1.6;0.15;1.6;1.9;0;416;137;75;53;96730;1.78;2.85;0.4;0.41
2013;4;13;103;17;10.9;4.5;6.6;4.3;2.2;0.9;0;0.15;1.6;1.9;0;646;199;133;82;97795;2.27;0.36;0.4;0.41
2013;4;14;104;18;11.3;2.8;6;3.8;1.7;0;-0.2;0.15;1.6;1.9;0;642;185;128;76;98587;2.03;0;0.39;0.41
2013;4;15;105;17.3;12;5.3;6.3;4.5;3.3;-0.9;0.6;0.15;1.6;1.9;0;663;192;120;80;98399;2.11;0;0.39;0.41
2013;4;16;106;17.4;12.1;6.7;5;3.7;2.8;-0.5;1.6;0.15;1.7;1.9;0;663;201;126;82;98223;2.28;0;0.38;0.41
2013;4;17;107;20.5;13.7;5.8;11.9;8.2;3.1;0.1;-0.1;0.15;1.7;1.9;0;606;181;106;67;98208;2.07;0.46;0.38;0.41
2013;4;18;108;22.5;15.7;6.9;12;10;6.6;-0.1;0.7;0.15;1.7;1.9;0;682;211;121;78;97848;2.54;0.01;0.37;0.41
2013;4;19;109;19.7;15;9.7;11.5;10.1;7.7;-0.8;-1.1;0.15;1.8;1.9;0;495;141;83;53;97675;1.89;1.27;0.37;0.41
2013;4;20;110;18.1;13.1;8.5;9.2;8.1;6.7;-0.7;-1.4;0.15;1.8;1.9;0;532;166;95;68;97835;1.96;0.03;0.37;0.41
2013;4;21;111;18.7;13;6.6;9.9;8.4;5.9;-0.5;-1;0.15;1.8;1.9;0;683;186;121;71;97624;2.16;0.49;0.36;0.41
2013;4;22;112;19.1;13.3;7.2;10.5;8.9;6.1;-0.6;-0.7;0.16;1.8;1.9;0;558;180;104;65;97329;2.44;2.97;0.36;0.41
2013;4;23;113;18.5;13.2;6.3;11.1;8.4;5.9;0.8;0.9;0.16;1.9;1.9;0;610;194;113;76;97951;2.5;0.48;0.36;0.41
2013;4;24;114;21.5;14.6;6.3;9.6;7.2;5.4;0.5;1;0.16;1.9;1.9;0;696;240;144;100;98492;2.97;0;0.35;0.41
2013;4;25;115;22.9;16.4;7.1;11.3;8.5;5.7;0.1;0.5;0.16;1.9;1.9;0;687;218;129;86;98290;2.88;0;0.35;0.41
2013;4;26;116;25.2;18;9.8;11.2;8.5;5.5;1.1;2;0.16;2;1.9;0;704;240;132;94;97285;3.31;0.02;0.34;0.41
2013;4;27;117;21.1;16.7;12.6;11;9.1;5.5;1.4;3.1;0.16;2;1.9;0;561;180;96;68;96559;2.59;0.09;0.34;0.41
2013;4;28;118;21.8;16.8;11.7;11.3;10.1;9.3;1.2;2.1;0.16;2;1.9;0;528;182;104;80;97042;2.5;0.04;0.34;0.41
2013;4;29;119;23.2;17.3;10.5;12.6;10.6;8.6;1.4;1.8;0.16;2.1;1.9;0;682;182;111;72;97616;2.42;0;0.33;0.41
2013;4;30;120;25.2;18.2;11.7;13.1;10.9;9.6;0.5;1.3;0.16;2.1;1.9;0;665;201;123;80;97719;2.76;0.01;0.33;0.41
2013;5;1;121;26.3;19.1;10.7;14.8;12.3;9.1;-0.4;0.3;0.16;2.1;1.9;0;701;229;119;83;97758;3.06;0.1;0.33;0.41
2013;5;2;122;19.4;16.7;13.2;16.2;14.7;12.7;0;-0.5;0.16;2.1;1.9;0;275;89;55;38;97400;1.57;10.51;0.33;0.41
2013;5;3;123;22.5;16.9;11.1;13.5;11.6;9.8;0.1;-0.4;0.16;2.2;1.9;0;518;183;118;65;97090;2.83;0.83;0.33;0.41
2013;5;4;124;19;15.1;12.3;13.1;11.4;10.4;-0.7;0.1;0.16;2.2;1.9;0;364;117;83;42;97591;1.69;3.96;0.33;0.41
2013;5;5;125;18.3;14.8;11.4;12.7;11.6;10.6;-0.5;-1.2;0.17;2.2;1.9;0;490;128;68;38;98028;2.39;11.21;0.33;0.4
2013;5;6;126;19.1;15.5;12.2;14.2;12.9;10.9;-0.3;-0.7;0.17;2.3;1.9;0;400;112;68;33;97696;2.04;18.42;0.34;0.4
2013;5;7;127;20.5;16.2;13.7;15.9;14.2;13;-0.8;-0.6;0.17;2.3;1.9;0;435;117;77;31;97396;2.17;11.21;0.36;0.4
2013;5;8;128;20.1;16.4;13.2;16;13.9;11.9;-0.5;-0.7;0.17;2.3;1.9;0;500;149;93;48;97484;2.21;1.29;0.36;0.4
2013;5;9;129;22.8;17.4;10;14.8;11.8;10;-0.5;0.7;0.17;2.4;1.9;0;663;214;107;73;97520;3.2;0.18;0.35;0.4
2013;5;10;130;22.1;16.8;12.2;15.2;11.7;9.6;-0.3;0.3;0.17;2.4;1.9;0;580;203;103;66;97172;3.24;3.63;0.35;0.4
2013;5;11;131;14.8;13.5;11.7;10.8;9.9;7.2;1;-1.2;0.17;2.4;1.9;0;276;73;52;31;97146;1.75;3.47;0.35;0.4
2013;5;12;132;17.8;13.8;10;7.2;5.2;1.8;1;-2.2;0.17;2.5;1.9;0;553;188;101;76;97108;3.07;0.12;0.35;0.4
2013;5;13;133;16.5;12.6;8.1;6.5;2.9;1;0.4;-1.7;0.17;2.5;1.9;0;651;224;117;84;97487;3.35;0.13;0.35;0.4
2013;5;14;134;18.7;14.1;9.3;9.4;7.6;6.3;-0.6;1;0.17;2.5;1.9;0;537;199;104;73;97322;2.8;0.04;0.34;0.4
2013;5;15;135;21.5;16;9.6;10.5;9;7;-0.4;2.1;0.17;2.5;1.9;0;696;239;120;89;96763;3.55;0.16;0.34;0.4
2013;5;16;136;20.3;15.3;10.5;11.8;9.7;7.9;-0.6;2;0.17;2.6;1.9;0;568;167;110;63;96452;2.59;1.34;0.34;0.4
2013;5;17;137;19.1;15;11.7;14.1;12.1;10.2;-0.3;2;0.17;2.6;1.9;0;417;132;68;46;96300;2.33;2.1;0.34;0.4
2013;5;18;138;20.7;15.6;10;10.2;7.7;5.6;1.7;2.5;0.17;2.6;1.9;0;707;257;130;98;97018;3.96;0;0.33;0.4
2013;5;19;139;24;17;10.4;12.4;9.5;6.5;0.4;2.5;0.17;2.6;1.9;0;724;244;120;90;96874;3.78;0.18;0.33;0.4
2013;5;20;140;19.1;14.8;10.2;9.4;7.5;5.3;1.6;1.7;0.17;2.7;1.9;0;610;223;119;92;97202;3.37;0.36;0.33;0.4
2013;5;21;141;19.7;14.7;9.4;8.1;6.3;3.9;1.2;1.8;0.17;2.7;1.9;0;653;237;128;96;97089;3.53;0.15;0.32;0.4
2013;5;22;142;18.3;13.9;7.8;9.6;7.5;6;0.3;-0.5;0.17;2.7;1.9;0;585;205;113;76;96634;2.88;0.42;0.32;0.4
2013;5;23;143;15.4;12.3;9.1;5.7;3.3;2.2;-1.2;-2.5;0.17;2.7;1.9;0;526;179;94;66;96450;2.76;0.01;0.32;0.4
2013;5;24;144;12.6;10.6;8.1;7.4;4.6;1.7;-0.2;-0.7;0.17;2.7;1.9;0;346;125;69;46;96612;2.06;9.36;0.31;0.4
2013;5;25;145;12.8;9.6;6.7;7.7;6.6;5.2;0.5;-0.5;0.17;2.8;1.9;0;445;138;62;41;96743;2.55;9.82;0.32;0.4
2013;5;26;146;15.6;11.1;6.9;6.9;5.5;2.6;0.9;-0.3;0.17;2.8;1.9;0;639;190;97;61;96773;3.1;2.41;0.33;0.39
2013;5;27;147;16;11.7;8.4;11;8.5;6.5;-0.2;0.2;0.17;2.8;1.9;0;401;115;70;44;96839;1.78;2.27;0.33;0.39
2013;5;28;148;19.8;14.3;7.7;10.4;8.3;7.1;1.1;1.7;0.17;2.8;1.9;0;588;204;108;74;96554;3.34;0.17;0.32;0.39
2013;5;29;149;20.5;15.3;9.3;10.6;8.7;6.9;0.8;2.4;0.17;2.9;1.9;0;724;225;116;81;96122;3.46;0.08;0.32;0.39
2013;5;30;150;12;10.7;8.4;9.6;8.6;6.9;1.5;0.2;0.17;2.9;1.9;0;108;36;51;23;96099;1.45;28.44;0.33;0.39
2013;5;31;151;10.9;9.3;7.8;8.6;7.2;6.6;1;-0.2;0.17;2.9;1.9;0;209;71;39;27;96034;1.85;12.85;0.35;0.39
2013;6;1;152;17.2;12.1;6.2;9.9;7.4;4.9;0.3;-0.5;0.17;2.9;1.9;0;572;207;99;64;96502;3.17;1.69;0.35;0.39
2013;6;2;153;15.8;12.1;9.3;10.6;8.3;5.4;1.6;-1.3;0.17;2.9;1.9;0;425;119;55;33;96834;3.02;9.41;0.36;0.39
2013;6;3;154;17.2;12.8;8.6;7.4;6.1;4.6;1.6;-2.2;0.17;3;1.9;0;504;191;82;55;97476;3.4;0.95;0.36;0.39
2013;6;4;155;15.7;12.9;9.5;11.1;8.7;5.4;1.8;-1.2;0.17;3;1.9;0;248;98;42;29;97432;2.45;6.22;0.36;0.39
2013;6;5;156;18.9;14.5;11;13.3;11.1;8.5;0.2;-0.4;0.17;3;1.9;0;518;157;95;48;97594;2.75;8.89;0.36;0.39
2013;6;6;157;19.9;15.3;9.6;13.8;12;9.4;-0.6;-0.2;0.17;3;1.9;0;562;203;90;58;97800;3.23;1.78;0.36;0.39
2013;6;7;158;21.7;16.9;9.5;15;12.6;9.3;0;-0.8;0.17;3;1.9;0;574;203;92;64;97720;3.21;0.69;0.36;0.39
2013;6;8;159;23.5;18.2;10.2;15.8;13.4;9.8;0.1;0.1;0.17;3.1;1.9;0;679;233;102;74;97427;3.76;0.21;0.36;0.39
2013;6;9;160;25.4;19.4;12.4;15.5;13.4;11.6;1;1.9;0.17;3.1;1.9;0;693;253;109;78;96921;4.45;0.48;0.35;0.39
2013;6;10;161;22.1;18;13.4;12.9;11.4;10.1;1.1;1.3;0.17;3.1;1.9;0;567;221;100;77;96687;4.13;2.07;0.35;0.39
2013;6;11;162;20.1;15.8;12.5;13;11;8.7;0.9;-1.1;0.17;3.1;1.9;0;360;114;84;50;97180;2.74;7.84;0.35;0.39
2013;6;12;163;21.4;16.4;9.6;10.4;8.4;6;0.1;-2.4;0.17;3.2;1.9;0;701;242;120;83;97761;4.33;0;0.35;0.39
2013;6;13;164;23.8;18.1;9.8;13.4;10.6;8.2;-0.1;-0.3;0.17;3.2;1.9;0;745;277;131;94;97843;4.61;0;0.35;0.39
2013;6;14;165;24.3;19.2;11.5;14.9;13.1;10.3;-0.5;-0.6;0.17;3.2;1.9;0;646;233;98;73;97656;4.01;0.05;0.34;0.39
2013;6;15;166;25.6;20.9;14.1;19;15.5;12.7;0.2;0;0.17;3.2;1.9;0;598;224;89;67;97560;3.77;0.02;0.34;0.39
2013;6;16;167;26;21.1;15.1;19.8;17.5;14.7;0.2;-0.3;0.17;3.2;1.9;0;544;201;76;56;97624;3.5;1.71;0.33;0.39
2013;6;17;168;29.2;23.2;14.9;20.6;17.6;14.8;0;0.9;0.17;3.2;1.9;0;659;244;100;67;97631;4.51;0.05;0.33;0.39
2013;6;18;169;30.9;25.5;18.8;20.7;18.3;16.1;-0.3;0.7;0.17;3.3;1.9;0;679;240;98;71;97597;4.37;0;0.33;0.39
2013;6;19;170;31.6;26;18.6;20.7;18.4;17.1;-0.4;0.9;0.17;3.3;1.9;0;645;246;99;71;97548;4.71;0.12;0.32;0.39
2013;6;20;171;31.9;26.2;19.9;20.9;17.3;14.7;0;1.9;0.17;3.3;1.9;0;698;255;110;84;97322;4.84;0;0.32;0.39
2013;6;21;172;31.1;25.4;19.1;18.6;16.1;13.3;0.9;1.8;0.17;3.3;1.9;0;720;263;116;94;97214;4.9;0;0.31;0.39
2013;6;22;173;27.6;22.5;17.2;18.7;17.2;15.7;-0.2;-0.6;0.17;3.3;1.9;0;601;222;91;66;97323;4.21;8.98;0.31;0.38
2013;6;23;174;24.9;21;17.2;17.4;16.3;15.5;0.3;-0.6;0.17;3.3;1.9;0;566;197;103;58;97258;3.87;2.54;0.31;0.38
2013;6;24;175;17.6;14.1;12.2;16;10.8;8.8;2.1;-1.8;0.17;3.3;1.9;0;185;58;37;23;97309;3.41;22.17;0.32;0.38
2013;6;25;176;17.3;14.8;12.3;10.3;8.5;7;2;-1.4;0.17;3.4;1.9;0;406;144;73;48;97584;3.27;0.75;0.33;0.38
2013;6;26;177;18.6;14.7;10.4;7.6;6.5;5.4;0.4;-1.9;0.17;3.4;1.9;0;624;222;102;81;98119;3.89;0.03;0.33;0.38
2013;6;27;178;17;13.3;8.2;7.8;5.6;4.1;-0.2;-0.8;0.17;3.4;1.9;0;426;171;94;71;98183;2.98;0;0.32;0.38
2013;6;28;179;18;14.2;8.1;10.4;7.1;5.5;0.6;-0.7;0.17;3.4;1.9;0;453;174;93;67;97821;2.88;0.09;0.32;0.38
2013;6;29;180;20.2;15.8;10;10.4;8.2;6.8;0.6;-1.3;0.17;3.4;1.9;0;621;237;112;81;97694;3.98;0.38;0.32;0.38
2013;6;30;181;21.1;16.4;12.4;11.5;9.1;7.1;0.8;-1.9;0.17;3.4;1.9;0;639;215;111;74;97820;3.98;1.32;0.32;0.38
2013;7;1;182;21.4;16.8;10.7;12.8;10.2;7.3;-0.4;0.7;0.17;3.4;1.9;0;512;190;105;70;97935;3.13;0;0.31;0.38
2013;7;2;183;25.9;20.1;13.2;16.4;12.4;9.5;-0.1;1.1;0.17;3.5;1.9;0;691;252;112;81;97688;4.17;0;0.31;0.38
2013;7;3;184;27.2;21.4;14.8;17.1;13.6;10.8;-0.3;1.6;0.17;3.5;1.9;0;686;248;114;80;97400;4.26;0.23;0.3;0.38
2013;7;4;185;25.7;20.8;15.4;16;15;13.4;0.1;-1.4;0.17;3.5;1.9;0;671;222;108;70;97758;3.83;0.42;0.3;0.38
2013;7;5;186;26.4;21.4;15.5;16;14.8;14;0.6;-2.4;0.17;3.5;1.9;0;655;233;97;71;98156;4.19;0.42;0.3;0.38
2013;7;6;187;25.8;21.3;17.7;16.5;15.3;13.9;-0.3;-2.8;0.17;3.5;1.9;0;604;196;85;63;98307;3.88;4.52;0.3;0.38
2013;7;7;188;26.3;21.4;17.3;17.4;16.1;14.1;-0.2;-2.2;0.17;3.5;1.9;0;597;212;89;60;98403;4.34;2.6;0.3;0.38
2013;7;8;189;25.9;21.6;17.1;14.3;13.3;12.1;-0.7;-1.9;0.17;3.5;1.9;0;635;231;105;75;98416;4.35;0.03;0.29;0.38
2013;7;9;190;25.7;21.4;16.2;17.4;14.9;12;-0.2;-0.9;0.17;3.6;1.9;0;627;213;93;66;98033;3.7;0.61;0.29;0.38
2013;7;10;191;26.2;21.6;15.2;17.4;14.8;12.7;0.6;-0.9;0.17;3.6;1.9;0;639;217;106;75;97417;3.73;0.06;0.29;0.38
2013;7;11;192;23.3;19.2;15.2;16.5;14.6;11.4;-0.2;-1.1;0.17;3.6;1.9;0;599;187;83;64;97321;3.52;7.42;0.29;0.38
2013;7;12;193;22.5;18.6;13.1;14.2;10.9;9.4;0.1;0.1;0.17;3.6;1.9;0;507;193;100;75;97763;3.25;0.11;0.29;0.38
2013;7;13;194;23.5;19.7;15.7;13.4;11.6;10;0;-0.3;0.17;3.6;1.9;0;638;205;103;72;97800;3.31;0.07;0.29;0.38
2013;7;14;195;24.4;19.7;13;15.4;12.6;10.5;0.4;-0.4;0.17;3.6;1.9;0;604;207;100;75;97829;3.44;0.18;0.28;0.37
2013;7;15;196;25.3;19.8;14;15.4;13.7;11.1;-0.1;-0.8;0.17;3.6;1.9;0;587;192;94;63;97804;3.33;0.83;0.28;0.37
2013;7;16;197;24.3;19.6;15;15.3;10.8;9.2;-0.4;-0.6;0.17;3.6;1.9;0;686;246;117;85;98185;3.88;0;0.28;0.37
2013;7;17;198;26.3;20.8;12.6;14.7;12.2;11;0.1;0.4;0.17;3.6;1.9;0;665;235;116;80;98074;3.77;0;0.27;0.37
2013;7;18;199;26.8;22;14.2;16.9;13;11.4;-0.1;0;0.17;3.6;1.9;0;557;203;104;71;97967;3.37;0;0.27;0.37
2013;7;19;200;27;22.4;15.6;16.3;14.6;13.4;-0.1;-0.6;0.17;3.6;1.9;0;541;211;106;72;97735;3.39;0.23;0.27;0.37
2013;7;20;201;27.3;22.7;16.8;16.3;14.7;12.6;-0.4;-1.2;0.17;3.6;1.9;0;623;213;103;69;97659;3.46;0.1;0.26;0.37
2013;7;21;202;26.2;22.1;18.2;14.6;11.3;9.8;-1;-1.2;0.17;3.6;1.9;0;615;232;128;77;97928;3.63;0;0.26;0.37
2013;7;22;203;28.3;22.4;14.4;18.2;12.9;11;0.1;0;0.17;3.6;1.9;0;730;261;134;92;97700;3.78;0;0.26;0.37
2013;7;23;204;29.2;23.9;15.5;15.8;13.5;11.8;0.4;-0.2;0.17;3.6;1.9;0;586;224;120;81;97365;3.4;0.12;0.26;0.37
2013;7;24;205;29;23.1;16.2;18.5;16.1;13.5;0.4;-0.1;0.17;3.6;1.9;0;654;208;103;70;97390;3.21;1.85;0.25;0.37
2013;7;25;206;28.4;23.5;17.4;18;16;13.4;0;-0.3;0.17;3.6;1.9;0;633;200;103;67;97554;3.15;0.08;0.25;0.37
2013;7;26;207;30.5;25.2;17.6;18.6;16.9;15.4;-0.2;0;0.17;3.6;1.9;0;647;212;99;69;97536;3.27;0.03;0.25;0.37
2013;7;27;208;33.3;26.9;19.1;19.7;17.2;14.9;-0.3;0.5;0.17;3.6;1.9;0;686;230;110;73;97290;3.54;0.53;0.25;0.37
2013;7;28;209;34.5;28.2;21;20.9;17.7;16.1;0.3;1.4;0.17;3.6;1.9;0;677;231;109;81;97247;3.54;0.25;0.25;0.37
2013;7;29;210;35.3;28.1;20.7;18.1;15.1;10.3;1.7;1.7;0.17;3.6;1.9;0;717;234;129;94;97186;3.41;0.83;0.24;0.37
2013;7;30;211;27.1;23;19.1;15.9;10.6;8.2;1.2;-2.4;0.17;3.6;1.9;0;649;213;124;85;97692;3.33;0.01;0.24;0.37
2013;7;31;212;28;23;15.6;15.7;12.5;11;0.2;-0.6;0.17;3.6;1.9;0;539;178;100;74;97850;2.48;0.01;0.24;0.37
2013;8;1;213;29.6;24.2;16.9;16.5;13.6;11.9;-0.5;-0.2;0.17;3.6;1.9;0;633;240;131;86;97878;2.96;0;0.24;0.36
2013;8;2;214;33.3;26.8;18.6;17.1;14.6;13.8;-0.1;1.3;0.17;3.6;1.9;0;703;246;133;90;97693;3.06;0;0.23;0.36
2013;8;3;215;35.1;27.9;19.5;19.5;15.7;12.3;0.1;-0.2;0.17;3.6;1.9;0;682;237;128;90;97586;2.93;0.07;0.23;0.36
2013;8;4;216;34.3;27.4;19.3;18;16.2;13.6;-0.1;-0.4;0.17;3.6;1.9;0;681;230;120;81;97786;3.16;1.06;0.23;0.36
2013;8;5;217;32.1;26.4;20.2;18.6;17.3;15.9;-0.5;0.5;0.17;3.6;1.9;0;682;231;116;78;97805;2.95;0.11;0.23;0.36
2013;8;6;218;35.1;28.4;22.5;20.2;16;11.9;-0.4;1.4;0.17;3.6;1.9;0;663;226;124;84;97463;3;1;0.23;0.36
2013;8;7;219;35.1;28.3;22;17.7;15.4;12.5;-0.5;1.7;0.17;3.5;1.9;0;688;230;123;90;97282;2.91;0.14;0.23;0.36
2013;8;8;220;37.7;29.5;21;17.5;12.7;7.4;0.2;1.6;0.17;3.5;1.9;0;695;231;154;101;97296;2.6;0.02;0.22;0.36
2013;8;9;221;29.9;24.8;20.2;18.9;16.6;12.5;0.1;-1.6;0.17;3.5;1.9;0;559;177;102;65;97328;3.12;6.89;0.22;0.36
2013;8;10;222;25.4;21.1;17.4;15.2;12.2;10.3;0.5;-2.7;0.17;3.5;1.9;0;590;184;108;70;97603;3.77;3.54;0.23;0.36
2013;8;11;223;26.8;21.5;14.6;14.8;11.4;9;0;-0.3;0.17;3.5;1.9;0;677;217;129;89;97659;2.92;0;0.23;0.36
2013;8;12;224;27.3;22.6;17.5;15;12.9;11.4;-0.7;0.9;0.17;3.5;1.9;0;601;208;116;83;97599;2.73;0;0.22;0.36
2013;8;13;225;27.3;20.7;16.7;17.8;14.8;12.4;-0.4;-0.7;0.17;3.5;1.9;0;614;168;106;58;97503;2.74;13.66;0.22;0.36
2013;8;14;226;17.4;16.4;14.3;14.5;13;12;1.2;-0.2;0.17;3.5;1.9;0;165;44;46;31;98031;1.53;4.14;0.24;0.36
2013;8;15;227;22.2;17.8;12.8;13.1;9.8;7.2;-0.3;-1;0.17;3.5;1.9;0;560;184;109;78;98216;2.95;0;0.24;0.36
2013;8;16;228;24.1;19;11.1;14.2;9.8;8.5;-0.2;-0.3;0.17;3.5;1.9;0;684;232;132;94;98031;3.14;0;0.23;0.36
2013;8;17;229;27;21;13.3;13.7;11.7;9.8;-0.1;0.9;0.17;3.5;1.9;0;676;228;129;90;97739;3.1;0;0.23;0.36
2013;8;18;230;29.5;22.9;14.6;16.2;12.4;9.8;-0.2;1.3;0.16;3.4;1.9;0;684;231;143;95;97628;3.17;0;0.23;0.35
2013;8;19;231;30.2;24.1;16.4;16.8;13.2;9.4;0;0.2;0.16;3.4;1.9;0;635;213;130;84;97433;3.05;0.03;0.23;0.35
2013;8;20;232;22.6;19.4;16.5;11.9;9.7;8.4;0.9;-3.1;0.16;3.4;1.9;0;510;150;84;57;98016;2.73;1.42;0.23;0.35
2013;8;21;233;23.3;19;15;11.5;10.1;9.4;-0.6;-2;0.16;3.4;1.9;0;593;177;94;72;98216;2.33;0;0.22;0.35
2013;8;22;234;23.3;19.3;15.4;12.8;11.3;10.4;-0.9;-0.8;0.16;3.4;1.9;0;540;158;95;63;97893;2;0;0.22;0.35
2013;8;23;235;24;19.8;14.2;14.4;12.7;11;-0.6;-0.4;0.16;3.3;1.9;0;496;158;85;61;97626;1.98;0.22;0.22;0.35
2013;8;24;236;19.2;17.5;16.3;17.3;15.2;13;-0.6;-0.7;0.16;3.3;1.9;0;191;45;57;28;97384;1.19;14.5;0.23;0.35
2013;8;25;237;18.2;16.1;14.6;16.1;15;14;-0.8;-0.1;0.16;3.3;1.9;0;156;45;35;21;97058;1.06;13.62;0.24;0.35
2013;8;26;238;20.7;17.1;14.4;14.9;13.7;13;-0.5;-0.7;0.16;3.3;1.9;0;411;125;78;43;97197;2.2;2.01;0.25;0.35
2013;8;27;239;20.9;17.2;14.3;16.1;15;13.8;-0.7;0.1;0.16;3.2;1.9;0;382;109;70;34;97204;2.04;14.7;0.25;0.35
2013;8;28;240;19.7;16.6;15;15.6;14.2;11.8;-0.1;-1.3;0.16;3.2;1.9;0;441;106;71;35;97268;2.34;7.6;0.26;0.35
2013;8;29;241;22;17.5;13.8;13;10.8;8.7;0.6;-1.6;0.16;3.2;1.9;0;590;177;106;71;97873;3.16;0.08;0.26;0.35
2013;8;30;242;22.3;17;10.4;11.8;9.7;8;0.5;-0.4;0.16;3.2;1.9;0;576;183;105;83;97958;2.89;0;0.26;0.35
2013;8;31;243;23.3;17.8;10.4;14.3;10.6;8.9;0.7;0;0.16;3.1;1.9;0;549;169;107;75;97900;2.63;0;0.26;0.35
2013;9;1;244;21.6;16.5;13;14.3;12.6;10.3;0.5;-0.4;0.16;3.1;1.9;0;493;118;91;51;98004;2.09;3.62;0.26;0.35
2013;9;2;245;20.2;16.4;11.8;12.4;10.9;9.1;0.7;0.8;0.16;3.1;1.9;0;463;156;91;56;98212;2.7;0.75;0.26;0.35
2013;9;3;246;24.8;19.1;13.4;14.2;12.2;10.5;0.8;-1.1;0.16;3.1;1.9;0;544;167;93;62;98203;2.8;0.05;0.26;0.35
2013;9;4;247;21.8;18.6;15.1;15.5;14.7;13.7;-0.7;0.7;0.16;3.1;1.9;0;418;129;77;47;98379;1.97;0.73;0.26;0.35
2013;9;5;248;22.6;19.6;17;16.4;15.2;14.5;-1;0.2;0.16;3;1.9;0;468;129;78;42;97841;1.96;0.42;0.26;0.35
2013;9;6;249;23;19.5;16.1;16;13.8;12.1;-1.1;1;0.16;3;1.9;0;360;106;75;45;97541;1.83;0.06;0.25;0.35
2013;9;7;250;24.1;18.9;14.2;13.8;12.7;10.8;-0.8;1.1;0.16;3;1.9;0;504;147;90;65;97839;2.21;0;0.25;0.35
2013;9;8;251;24.2;19.1;13.6;12.4;10.1;8.8;-1;1.9;0.16;3;1.9;0;513;162;94;68;97919;2.6;0;0.25;0.35
2013;9;9;252;18.4;16.7;15.1;15.8;12.9;9.2;0.1;0.1;0.15;2.9;1.9;0;298;59;59;31;97645;1.45;6.62;0.25;0.35
2013;9;10;253;20.4;17;14;14.9;13.6;12.6;-0.3;1;0.15;2.9;1.9;0;300;100;59;38;97531;1.72;12.88;0.25;0.35
2013;9;11;254;14.9;12.7;10.9;10.9;8.5;6.9;1.2;-0.6;0.15;2.9;1.9;0;192;51;43;25;97471;1.83;13.93;0.27;0.35
2013;9;12;255;17.3;13.6;10.4;10.3;9.1;7.4;0.3;-0.3;0.15;2.9;1.9;0;406;132;93;60;97391;2.15;0.92;0.28;0.35
2013;9;13;256;17.6;12.7;7.8;8.7;7.1;6.5;1.6;-1;0.15;2.9;1.9;0;540;151;110;75;97706;2.16;0.31;0.28;0.35
2013;9;14;257;21.4;15.6;9.7;11.3;8.3;6.5;1.1;0;0.15;2.8;1.9;0;486;143;101;68;97491;2.25;0;0.27;0.35
2013;9;15;258;22;16.4;10.7;12.9;11.1;8.8;0.8;0.9;0.15;2.8;1.9;0;459;118;79;58;97030;1.73;0.02;0.27;0.35
2013;9;16;259;21;16.1;11;14.3;13;10.2;-0.1;0.7;0.15;2.8;1.9;0;510;122;87;49;96445;1.84;3.91;0.27;0.34
2013;9;17;260;15;11.2;6.8;13.7;7.8;4.7;1.1;-0.5;0.15;2.7;1.9;0;266;64;102;52;96299;1.99;18;0.29;0.34
2013;9;18;261;15;11.1;6.3;10.4;7.7;4.6;0.9;0.8;0.15;2.7;1.9;0;236;59;71;37;96297;0.88;0.88;0.29;0.34
2013;9;19;262;17;13;9.6;10.1;7;4.7;0.7;-1.1;0.15;2.6;1.9;0;512;145;104;68;96903;2.25;3.02;0.29;0.34
2013;9;20;263;18.7;13.3;7.4;10.9;8.6;6.5;0.6;0.4;0.15;2.6;1.9;0;526;134;98;59;97564;1.8;0;0.29;0.34
2013;9;21;264;18;14.2;10.7;11;8.5;7.2;0.9;-1.5;0.15;2.6;1.9;0;430;121;97;64;98182;1.75;0.14;0.29;0.34
2013;9;22;265;18.1;13.5;8.8;10;8.7;7.3;0;0.1;0.15;2.5;1.9;0;386;123;111;67;98459;1.6;0.15;0.29;0.34
2013;9;23;266;21.8;14.9;8.6;13.3;9.9;7.8;0.7;0;0.15;2.5;1.9;0;571;162;121;79;97902;2.07;0;0.29;0.34
2013;9;24;267;21.6;14.9;8.1;13.6;10.9;7.6;0.2;0.1;0.15;2.4;1.9;0;560;164;123;81;97488;1.96;0;0.28;0.34
2013;9;25;268;18.5;13.9;9.2;13.6;11.5;8.6;-0.1;-0.2;0.15;2.4;1.9;0;236;76;61;44;97289;0.88;0.03;0.28;0.34
2013;9;26;269;21.9;15.3;9.5;15.2;12.7;9;0.8;0.1;0.15;2.4;1.9;0;352;102;76;53;97170;1.26;2.24;0.28;0.34
2013;9;27;270;12.7;10.8;9.9;12;8.4;7.2;-1.4;-0.1;0.15;2.3;1.9;0;134;31;25;12;97652;1.17;3.25;0.29;0.34
2013;9;28;271;12.8;11.5;10.3;9.4;7.9;7.1;-0.6;-0.1;0.15;2.3;1.9;0;194;48;31;18;97485;0.75;0.35;0.29;0.34
2013;9;29;272;11.5;9.9;8.4;9;8.4;7.2;-1;-1.4;0.15;2.2;1.9;0;68;15;16;12;97269;1;17.1;0.29;0.34
2013;9;30;273;9.5;8.8;8;7.8;7.2;6.5;0;-1.9;0.15;2.2;1.9;0;57;16;15;12;96922;1.14;23.75;0.32;0.34
2013;10;1;274;15.4;11.7;8.6;7.9;6.1;4.3;-0.8;-1;0.15;2.2;1.9;0;465;121;105;51;97044;1.72;0.53;0.32;0.34
2013;10;2;275;12.4;8.9;5.7;4.7;3.3;2.2;-0.8;-1.3;0.14;2.1;1.9;0;426;114;90;70;97956;1.49;0.21;0.32;0.34
2013;10;3;276;8.5;6.2;3.3;2.9;0.9;-0.4;-1;0.3;0.14;2.1;1.9;0;305;93;82;62;98772;0.95;0;0.32;0.34
2013;10;4;277;10.9;6.2;2.2;1.6;0.4;-1.4;-0.7;1.6;0.14;2;1.9;0;524;144;126;90;98792;1.32;0;0.32;0.34
2013;10;5;278;11;6.9;2.4;6.5;3.6;0.1;-0.8;1.1;0.14;2;1.9;0;408;96;73;42;98166;1.23;3.86;0.32;0.34
2013;10;6;279;12.7;9.8;7.6;9.5;8.3;6.7;-0.5;0.1;0.14;2;1.9;0;222;36;40;12;98240;0.57;1.47;0.32;0.34
2013;10;7;280;15.8;11.6;8.3;9.7;8.4;7.2;-0.5;-0.8;0.14;1.9;1.9;0;413;100;101;48;98518;1.11;0.07;0.32;0.34
2013;10;8;281;16.8;11.9;7;9.3;7.4;5.5;-0.1;-0.6;0.14;1.9;1.9;0;493;131;119;64;98384;1.5;0.7;0.32;0.34
2013;10;9;282;15.6;12;7.9;10.9;9.2;6.6;0.1;0;0.14;1.8;1.9;0;302;67;58;35;97820;0.67;0.02;0.32;0.34
2013;10;10;283;17.5;13.3;9.3;12.1;10.5;8.9;-0.5;2.1;0.14;1.8;1.9;0;323;80;67;42;96937;1.04;0.94;0.32;0.34
2013;10;11;284;17;12.7;8.2;13.3;10.5;5.8;-1.2;1.4;0.14;1.8;1.9;0;252;58;68;38;97176;1.43;10.53;0.32;0.34
2013;10;12;285;16.1;10.2;5.3;12.5;8.4;4.3;0.2;0.6;0.14;1.7;1.9;0;265;67;70;42;97816;0.74;1.52;0.33;0.34
2013;10;13;286;16.9;11;6.5;9.4;8;6.4;0.3;0;0.14;1.7;1.9;0;475;122;120;65;97972;1.31;0;0.33;0.34
2013;10;14;287;16.8;11.4;6.3;10.1;8.5;5.8;0.1;0.4;0.14;1.6;1.9;0;352;88;73;54;97917;0.85;0.35;0.33;0.34
2013;10;15;288;17.8;11.3;4.9;9.8;7.9;4.8;0.7;0.9;0.14;1.6;1.9;0;483;127;126;82;97229;1.22;0;0.33;0.34
2013;10;16;289;13.5;10.3;8.2;8.4;4.8;1.9;1.6;-2.1;0.14;1.6;1.9;0;420;102;109;68;96875;1.36;2.72;0.33;0.34
2013;10;17;290;15.9;9.4;3.2;8.8;4.8;2.1;0.9;0;0.14;1.6;1.9;0;393;100;120;79;97471;0.89;0;0.33;0.34
2013;10;18;291;17.3;10.1;4.1;9.6;5.7;2.8;0.4;-0.1;0.14;1.6;1.9;0;410;100;97;67;97702;0.99;0.02;0.33;0.34
2013;10;19;292;16.3;11.1;7;9.2;7.4;5.5;0;1.5;0.14;1.5;1.9;0;403;105;109;66;98044;0.91;0;0.33;0.34
2013;10;20;293;19.9;12.8;5.6;11.4;9.1;5.1;1.7;1.3;0.13;1.5;1.9;0;444;113;107;74;97870;1.04;0;0.32;0.34
2013;10;21;294;20.9;14.5;9.2;13;11.2;8.6;1.2;0.8;0.13;1.5;1.9;0;445;110;110;71;97944;1.01;0;0.32;0.34
2013;10;22;295;20.3;13.7;7.8;13.6;11.2;7.5;1;1.1;0.13;1.5;1.9;0;419;95;93;63;97718;0.83;0;0.32;0.34
2013;10;23;296;22.2;16.1;11.2;13.6;11.9;10.2;1.7;2.2;0.13;1.5;1.9;0;441;110;112;70;97457;1.17;0;0.32;0.34
2013;10;24;297;18;15.2;13.5;14.3;13;11.6;0;-0.1;0.13;1.5;1.9;0;195;44;57;35;97931;0.5;0.71;0.32;0.34
2013;10;25;298;20.3;14.5;9.5;13.3;11.4;9.5;0.8;0.9;0.13;1.5;1.9;0;378;94;101;64;97905;0.88;0;0.32;0.34
2013;10;26;299;20.7;13.7;7.8;13.9;10.7;7.4;0.8;0.4;0.13;1.4;1.9;0;427;109;120;77;97877;0.85;0;0.32;0.34
2013;10;27;300;20.6;13.8;7.8;12.3;10.3;7.1;1.4;1.2;0.13;1.4;1.9;0;412;103;108;71;97482;0.89;0;0.32;0.34
2013;10;28;301;21;15.5;11.2;14.3;12;10.7;1.3;1.9;0.13;1.4;1.9;0;302;72;96;54;97278;0.79;0.01;0.32;0.34
2013;10;29;302;19.4;13.7;9.5;14;10.8;8.4;0;-0.3;0.13;1.4;1.9;0;321;75;78;48;97445;0.96;4.7;0.32;0.34
2013;10;30;303;12;10.9;7.9;8.8;7.3;6.2;-0.1;-1.3;0.13;1.4;1.9;0;125;28;56;31;98183;0.68;0.88;0.32;0.34
2013;10;31;304;12.5;9.2;6.3;6.7;5.4;4.1;0;0;0.13;1.4;1.9;0;240;60;79;50;98532;0.53;0;0.32;0.34
2013;11;1;305;15;9.9;4.9;8.6;6.6;4.2;0.2;0.4;0.12;1.4;1.9;0;391;94;111;70;98023;0.67;0;0.32;0.34
2013;11;2;306;14.2;9.9;5.7;10.7;8;4.9;1.2;1.6;0.12;1.4;1.9;0;191;42;74;52;97202;0.25;0.34;0.32;0.34
2013;11;3;307;16.1;10.4;6.9;12.1;8.3;5.2;0.9;1;0.12;1.3;1.9;0;133;32;56;31;96764;0.7;6.35;0.32;0.34
2013;11;4;308;11.4;9.2;7.1;8.7;6.7;5.1;0;2.2;0.12;1.3;1.9;0;156;30;47;27;96405;0.52;0.68;0.33;0.34
2013;11;5;309;10.4;8.2;3.2;8.4;6.2;2.4;0.4;-0.4;0.12;1.3;1.9;0;103;20;70;33;95844;0.58;15.53;0.34;0.34
2013;11;6;310;12;6.8;2.5;7.3;4.7;2.1;0.8;0.5;0.12;1.3;1.9;0;281;54;60;43;96479;0.5;0.17;0.34;0.34
2013;11;7;311;15.8;8.8;3;9.4;6.1;2.3;0.7;0.3;0.12;1.3;1.9;0;347;86;110;67;97331;0.62;0;0.34;0.34
2013;11;8;312;15.6;8.9;3.3;10.7;7;2.8;1.1;1;0.12;1.3;1.9;0;277;68;100;62;97356;0.37;0;0.34;0.34
2013;11;9;313;12.3;9.5;6.4;11.1;8.2;5;0.7;-0.3;0.12;1.3;1.9;0;83;16;46;22;97178;0.51;21.76;0.35;0.34
2013;11;10;314;10.5;7.8;5.5;7.3;5.5;4.3;0.3;0.3;0.12;1.2;1.9;0;281;46;65;27;96659;0.74;6.82;0.36;0.34
2013;11;11;315;7.3;6.1;4.6;4.8;0.8;-1.7;0.5;-4.8;0.12;1.2;1.9;0;127;24;34;23;97791;2.26;6.36;0.37;0.34
2013;11;12;316;9.1;7;5.6;4.4;2;-0.2;-0.1;-0.7;0.12;1.2;1.9;0;199;37;57;27;98460;0.4;0.02;0.37;0.34
2013;11;13;317;8.7;7.4;6.3;6.1;4.6;2.5;0;-0.9;0.11;1.2;1.9;0;56;14;31;15;98377;0.32;0.87;0.37;0.34
2013;11;14;318;6.8;5.6;3.9;4.1;2.5;1.6;-0.9;-0.4;0.11;1.2;1.9;0;198;39;55;29;98002;0.4;1.77;0.37;0.34
2013;11;15;319;6.6;5.6;4.4;5.5;4.6;3.5;-0.2;-1.5;0.11;1.2;1.9;0;40;9;11;8;98224;0.51;2.9;0.37;0.34
2013;11;16;320;9.9;7;3.2;6;4.8;2.6;0.4;-0.7;0.11;1.2;1.9;0;224;48;67;39;98634;0.41;0.01;0.37;0.34
2013;11;17;321;9.1;5.2;1.9;5;3.6;1.6;-0.1;0.7;0.11;1.2;1.9;0;248;58;72;49;98270;0.3;0;0.37;0.34
2013;11;18;322;11.1;6.4;4.2;6.3;4.8;3.7;-0.5;1.5;0.11;1.2;1.9;0;272;57;83;46;97634;0.31;0.01;0.37;0.34
2013;11;19;323;8.9;6;4;5.8;4.9;3.9;-0.6;-0.4;0.11;1.2;1.9;0;214;40;61;21;96792;0.38;10.67;0.37;0.34
2013;11;20;324;8.1;6.6;5;6.7;5.6;4.6;-0.1;-0.4;0.11;1.2;1.9;0;81;16;44;13;96179;0.4;1.88;0.38;0.34
2013;11;21;325;7.8;5.8;3;6.3;5;2.9;-1;1.3;0.11;1.2;1.9;0;127;29;70;32;96061;0.47;2.41;0.38;0.34
2013;11;22;326;5.9;4.2;1.8;5.7;3.9;1.7;-0.3;-1.1;0.11;1.2;1.9;0;84;15;31;10;96292;0.32;11.33;0.38;0.34
2013;11;23;327;7.7;6.9;6;6.8;6.3;5.7;-1.9;-3.1;0.11;1.2;1.9;0;33;7;8;5;96393;0.75;36.48;0.4;0.34
2013;11;24;328;6.5;5.5;4.1;5.4;3.6;-1;1.4;-1.9;0.11;1.2;1.9;0;54;9;45;16;96660;1.16;18.21;0.42;0.34
2013;11;25;329;4;1.7;-0.1;-2;-7.4;-9.4;1.4;-4.8;0.11;1.2;1.9;0;260;51;107;73;97508;0.59;0.05;0.42;0.35
2013;11;26;330;2.9;0.6;-0.5;-5.9;-7.4;-8.9;0.2;-4.3;0.11;1.2;1.9;0.06;288;62;110;72;98121;0.63;0.24;0.41;0.35
2013;11;27;331;2.6;0;-2.6;-5.8;-6.9;-7.5;-0.4;-2.9;0.11;1.2;1.9;0.15;289;56;108;71;98615;0.43;0;0.41;0.35
2013;11;28;332;3.9;-0.4;-3.4;-4.8;-6.1;-7.3;1;0.5;0.11;1.2;1.9;0.15;316;68;113;69;98616;0.21;0;0.4;0.36
2013;11;29;333;5.1;0.6;-2;-1.6;-3.5;-4.8;0.5;0.6;0.11;1.2;1.9;0.15;269;59;103;58;98084;0.24;0;0.4;0.36
2013;11;30;334;4.5;1.1;-1.3;1.4;-1.1;-3.6;0.5;-0.2;0.11;1.2;1.9;0.37;146;32;71;38;97682;0.15;0.88;0.4;0.36
2013;12;1;335;5.9;0.4;-3.7;1;-2.8;-5.4;0.8;-0.5;0.11;1.2;1.9;0.43;272;60;102;70;98417;0.27;0;0.4;0.36
2013;12;2;336;5.8;0.4;-3.2;0.3;-2.8;-4.9;0.6;-0.6;0.11;1.2;1.9;0.4;248;50;96;60;98963;0.1;0;0.39;0.36
2013;12;3;337;3.8;-0.6;-3.7;0.1;-2.3;-4.1;0.1;0.4;0.11;1.2;1.9;0.33;290;61;110;73;99067;0.06;0;0.39;0.36
2013;12;4;338;4.4;-0.7;-3.4;-1.6;-3.5;-4.7;0.3;0.3;0.11;1.2;1.9;0.28;299;65;112;77;98299;0.06;0;0.39;0.36
2013;12;5;339;4.8;-0.5;-3.3;-1.4;-3.4;-5;0.7;0.8;0.11;1.2;1.9;0.27;260;58;109;69;98001;0.04;0;0.39;0.36
2013;12;6;340;5.5;0.7;-2.5;-0.7;-4.6;-8.5;1.6;-0.5;0.11;1.2;1.9;0.24;282;59;116;70;97167;0.21;0.3;0.39;0.36
2013;12;7;341;4.7;0.9;-1.4;-3.2;-6.2;-9.3;1.6;-0.4;0.11;1.2;1.9;0.24;271;54;101;72;97987;0.2;0.03;0.38;0.36
2013;12;8;342;5;0.3;-2.4;0.9;-2.4;-4.1;1.3;0;0.11;1.2;1.9;0.23;167;41;99;56;98445;0.05;0;0.38;0.37
2013;12;9;343;4.9;1;-1.9;0.1;-1.8;-3.5;1.6;0.3;0.11;1.2;1.9;0.22;140;27;51;32;98407;0.11;0.3;0.38;0.37
2013;12;10;344;7.8;3.7;1.2;4.5;1.9;-0.9;0.2;0.1;0.11;1.2;1.9;0.18;134;23;46;9;99309;0.05;0.24;0.38;0.37
2013;12;11;345;5.4;3.1;0.3;2.3;1.2;-0.7;-0.4;0.7;0.1;1.2;1.9;0.14;141;29;47;21;99430;0.23;0.05;0.38;0.37
2013;12;12;346;6.5;1.9;-0.9;2.7;0.6;-1.2;0.2;0.4;0.1;1.2;1.9;0.11;243;54;94;54;99023;0.19;0;0.38;0.37
2013;12;13;347;4.1;0.6;-1.8;2;-0.2;-2.4;-0.1;0.2;0.1;1.2;1.9;0.08;217;46;73;52;98475;0.1;0.02;0.38;0.37
2013;12;14;348;2.5;-0.4;-1.8;-0.1;-1.4;-2.5;-0.2;0.6;0.1;1.2;1.9;0.14;219;47;74;50;98626;0.14;0.03;0.38;0.37
2013;12;15;349;5;-0.2;-2.8;0.2;-2.2;-3.8;0.8;0.6;0.1;1.2;1.9;0.15;260;55;103;66;99100;0.1;0;0.37;0.37
2013;12;16;350;6;-0.2;-3.3;0.2;-3;-5.1;0.5;0.4;0.1;1.2;1.9;0.11;284;61;114;73;99292;0.09;0;0.37;0.37
2013;12;17;351;1.8;-2;-3.7;-1.9;-3.4;-4.6;-0.5;0.8;0.1;1.2;1.9;0.11;243;52;95;57;99112;0.05;0.01;0.37;0.37
2013;12;18;352;-0.6;-3.1;-4.3;-3.6;-4.3;-5.3;-0.6;0.6;0.1;1.2;1.9;0.15;224;45;79;49;98578;0.06;0.07;0.37;0.37
2013;12;19;353;5.6;-1.3;-4.8;0.6;-3.5;-6;0.2;0.7;0.1;1.2;1.9;0.15;266;55;103;63;97725;0.02;0;0.37;0.37
2013;12;20;354;6.2;0.2;-3.2;2.9;-1.3;-4;0.7;0.2;0.1;1.1;1.9;0.15;221;47;91;48;98329;0.04;0.02;0.37;0.37
2013;12;21;355;3.1;1.2;-0.8;1.7;0.4;-1.5;0.2;0.5;0.1;1.1;1.9;0.15;42;9;44;10;99247;0;0.06;0.37;0.37
2013;12;22;356;7.7;1.5;-1.3;4.9;0.6;-1.6;1.1;0.6;0.1;1.1;1.9;0.12;240;48;97;46;98554;0.05;0;0.37;0.37
2013;12;23;357;6.5;2;-1.1;4.6;1.2;-1.5;0.6;0.5;0.1;1.1;1.9;0.08;220;47;83;41;98240;0.09;0.02;0.37;0.37
2013;12;24;358;8.5;4.8;0.9;5.3;2.8;0.7;0.6;3.1;0.1;1.1;1.9;0.03;235;48;87;52;97440;0.19;0.01;0.37;0.37
2013;12;25;359;10.2;8.1;5.7;5;4.2;2.9;0.6;4.2;0.1;1.1;1.9;0;139;26;76;46;96508;0.28;0.11;0.37;0.37
2013;12;26;360;8.6;7.3;6.4;7.2;6.1;4.7;-1.4;1.6;0.1;1.1;1.9;0;86;17;53;21;95860;0.56;6.8;0.37;0.37
2013;12;27;361;7.8;5.5;1.7;5.8;3.9;1.5;0.1;-0.7;0.1;1.1;1.9;0;147;25;61;28;96914;0.41;7.27;0.38;0.37
2013;12;28;362;8.5;3.6;-0.9;5.2;2.5;-1.2;0.4;1.7;0.1;1.1;1.9;0;201;44;85;53;97146;0.1;0;0.38;0.37
2013;12;29;363;7;4.4;1.6;4.9;3.3;1.1;0.7;-0.5;0.1;1.1;1.9;0;138;23;60;32;97660;0.16;5.13;0.38;0.37
2013;12;30;364;7;3.2;0.5;2.8;1.1;-0.1;0.3;-0.7;0.1;1.1;1.9;0;224;45;89;48;98555;0.34;0.12;0.38;0.37
2013;12;31;365;4.4;2.8;0.6;3.2;1.6;-0.3;0;0;0.1;1.1;1.9;0;85;17;33;12;98153;0.18;1.55;0.38;0.37
2014;1;1;1;6.6;3.9;0.1;3.6;2.5;-0.2;-0.3;1.1;0.1;1.1;1.9;0;166;34;69;35;97718;0.25;0.12;0.38;0.37
2014;1;2;2;7.5;2.9;-0.1;2.1;0.8;-0.8;1;1.7;0.1;1.1;1.9;0;244;50;92;55;97168;0.23;0.02;0.38;0.37
2014;1;3;3;10;2.8;-2;5.3;1;-2.8;1.2;0.8;0.1;1.1;1.9;0;284;59;101;68;97539;0.16;0;0.38;0.37
2014;1;4;4;8.8;4.6;-1.2;7.7;3.2;-2;0.1;1.5;0.1;1;1.9;0;240;42;70;34;97369;0.19;1.3;0.38;0.37
2014;1;5;5;10.5;8.4;5.6;9.2;7.3;3.9;0.5;0.3;0.1;1;1.9;0;109;20;28;15;96727;0.41;11.58;0.38;0.37
2014;1;6;6;10.3;5.9;1.3;5.4;3.8;0.8;0.4;0.8;0.1;1;1.9;0;279;58;107;56;97729;0.35;0;0.39;0.37
2014;1;7;7;7.8;3.5;0;4.8;2.1;-0.7;0.5;0.2;0.1;1;1.9;0;150;34;68;50;97965;0.06;0;0.39;0.37
2014;1;8;8;8;2.9;-0.2;4.5;1.8;-0.4;0.3;0.2;0.1;1;1.9;0;236;47;89;45;98215;0.21;0.03;0.39;0.37
2014;1;9;9;8.8;3.1;-0.2;4.7;1.5;-0.6;0.4;0.7;0.1;1;1.9;0;258;54;98;52;97660;0.19;0.04;0.39;0.37
2014;1;10;10;8;3.2;-0.4;4.8;1.9;-1.2;0.7;-0.1;0.1;1;1.9;0;184;40;97;46;97550;0.08;0;0.38;0.37
2014;1;11;11;7.3;2.3;0.1;4.2;1.4;-0.5;0.5;-0.2;0.1;1;1.9;0;202;43;87;38;97758;0.15;0;0.38;0.37
2014;1;12;12;6.6;3.2;0;4.2;1.8;-0.6;0.3;0.2;0.1;1;1.9;0;152;30;45;30;98052;0.15;0.23;0.38;0.37
2014;1;13;13;7.1;2.1;-2;3.5;0.7;-2.5;0.3;-0.2;0.1;1;1.9;0;310;69;118;69;97538;0.21;0;0.38;0.37
2014;1;14;14;8.2;4.1;-0.4;6.9;3.1;-1.4;-0.1;1.1;0.1;1;1.9;0;180;37;54;26;96687;0.07;1.76;0.38;0.37
2014;1;15;15;7.9;4.4;1.8;4.1;2.7;1.6;0.2;0.3;0.1;1;1.9;0;236;48;81;38;96993;0.32;0.2;0.38;0.37
2014;1;16;16;8.1;4.2;1.3;3.4;1.7;0.8;0.7;2;0.1;1;1.9;0;197;46;86;48;97025;0.25;0;0.38;0.37
2014;1;17;17;10.7;6.9;2.6;6.2;4.1;1;0.9;2.2;0.1;1;1.9;0;214;44;67;45;96713;0.26;1.17;0.38;0.37
2014;1;18;18;12.5;8.3;4.1;7.7;6.4;4;0.5;1.6;0.1;1;1.9;0;188;42;75;34;96735;0.42;1.67;0.38;0.37
2014;1;19;19;10.9;7.3;3.6;7.8;5.7;3;0;1.4;0.1;0.9;1.9;0;148;34;68;39;96367;0.17;3.17;0.38;0.37
2014;1;20;20;10.4;7.2;3.6;7.6;6.1;3.3;0.4;0.3;0.1;0.9;1.9;0;146;31;51;22;95978;0.45;2.18;0.38;0.37
2014;1;21;21;8.7;5.2;2.3;3.8;1.9;-0.2;0.6;-0.9;0.1;0.9;1.9;0;232;52;76;44;96440;0.42;0.68;0.38;0.37
2014;1;22;22;7.8;3.9;0.9;3;1.6;-0.3;-0.6;0.1;0.1;0.9;1.9;0;253;56;71;46;97053;0.3;0.11;0.38;0.37
2014;1;23;23;3.3;2.5;1.2;1.6;0.8;-0.3;-1.2;0.1;0.1;0.9;1.9;0;68;14;16;7;97485;0.27;0.76;0.38;0.37
2014;1;24;24;1;0.2;-0.8;0.1;-0.9;-2.9;-1.4;-1.6;0.23;0.9;1.9;8.41;48;11;30;13;97116;0.31;15.24;0.38;0.37
2014;1;25;25;2;-2.9;-11.2;-3.3;-6.9;-14;-1.1;-0.9;0.33;0.9;1.9;13.88;242;55;97;62;97125;0.45;0;0.38;0.37
2014;1;26;26;-3.5;-7;-11.3;-7.2;-10;-14.2;-0.9;0.8;0.32;0.9;1.9;13.84;140;30;33;20;96976;0.23;1.07;0.38;0.37
2014;1;27;27;-2.4;-5.8;-8.7;-5.9;-8.1;-10.4;-1.1;0.7;0.34;0.9;1.9;14.41;158;34;63;27;96296;0.22;0.48;0.38;0.37
2014;1;28;28;-0.6;-3;-5.5;-3;-5;-8.2;-0.6;-0.1;0.35;0.9;1.9;15.62;104;22;27;11;96163;0.19;3.17;0.38;0.37
2014;1;29;29;-1.2;-4.1;-9.1;-4;-5.9;-10.4;-0.8;0.8;0.35;0.9;1.9;18.71;171;32;61;29;96567;0.22;1.76;0.38;0.37
2014;1;30;30;-1.7;-4.9;-9.5;-3.2;-6.3;-10.6;-0.6;-0.4;0.35;0.9;1.9;20.59;95;20;34;10;97376;0.15;4.81;0.38;0.37
2014;1;31;31;0.2;-1.7;-4.3;-1.4;-3;-5.2;-1.1;-0.3;0.35;0.9;1.9;24.73;75;14;26;6;97645;0.35;4.3;0.38;0.37
2014;2;1;32;-2.3;-4.4;-6.6;-4;-5.9;-7.8;-0.9;-0.2;0.34;0.9;1.9;26.05;76;16;17;4;97590;0.3;3.1;0.38;0.37
2014;2;2;33;-1.2;-2.1;-3.2;-2.9;-3.5;-4.6;-1;-0.4;0.34;0.9;1.9;30.32;57;11;13;6;97530;0.42;8.81;0.38;0.37
2014;2;3;34;-0.9;-2.2;-4.1;-3;-4;-5.2;-0.8;-0.6;0.34;0.9;1.9;33.83;96;23;41;16;97945;0.22;0.51;0.38;0.37
2014;2;4;35;0.8;-2;-4.7;-2.2;-3.8;-5.5;-0.8;0.6;0.34;0.9;1.9;33.91;193;46;62;28;97832;0.26;0.11;0.38;0.37
2014;2;5;36;3.4;-1;-4.6;0.6;-2.5;-5.6;-0.6;1.2;0.33;0.9;1.9;33.28;168;37;65;29;97151;0.09;0.12;0.38;0.37
2014;2;6;37;7;0.9;-2.8;1.3;-0.9;-3.4;0.4;0.5;0.33;0.8;1.9;30.43;208;49;99;44;97141;-0.03;0.15;0.38;0.37
2014;2;7;38;8.7;2.8;-2;2.6;0.6;-2.3;1.4;2.2;0.33;0.8;1.9;24.63;252;60;89;45;96678;-0.03;0.29;0.39;0.38
2014;2;8;39;5.9;3.9;1.6;3.6;2.2;1.1;0.3;1.3;0.3;0.8;1.9;17.72;118;26;65;18;96537;-0.12;6.26;0.4;0.38
2014;2;9;40;6.8;3;-0.7;5.1;2;-1.6;0.8;0.1;0.24;0.8;1.9;11.86;136;19;61;23;96123;-0.06;13.59;0.41;0.38
2014;2;10;41;8.2;2.4;-4.9;4.4;-0.1;-6;0.3;1.7;0.21;0.8;1.9;9.27;239;63;90;46;96452;0.2;1.05;0.41;0.38
2014;2;11;42;8.4;5.3;2.8;6;4.1;2;0.3;0.2;0.17;0.8;1.9;5.55;143;35;41;19;96504;0.22;6.56;0.42;0.38
2014;2;12;43;6;2.2;-2;2.3;0.6;-3.2;0.9;-0.5;0.22;0.8;1.9;8.59;111;23;78;30;96698;0.07;16.93;0.42;0.38
2014;2;13;44;9.8;3.2;-3;2.8;-0.7;-4;0.9;1.4;0.21;0.8;1.9;7.6;373;88;120;58;96545;0.44;1.1;0.42;0.38
2014;2;14;45;9;4.4;1.2;3;-0.7;-3.9;0.6;0.1;0.17;0.8;1.9;4.91;375;84;125;59;96974;0.58;2.21;0.42;0.39
2014;2;15;46;11.7;6.2;1.2;4;1;-2.1;1.2;2.7;0.15;0.8;1.9;3.35;358;89;111;74;96938;0.48;0;0.42;0.39
2014;2;16;47;10.9;6.1;2.2;7.1;4.1;1.4;0.4;-0.3;0.13;0.8;1.9;1.64;146;36;77;29;97228;0.26;5.92;0.41;0.39
2014;2;17;48;4.7;2.9;1.5;2.8;2;1.1;0.6;-0.4;0.13;0.8;1.9;1.61;98;23;41;18;97658;0.36;10.61;0.42;0.39
2014;2;18;49;7.3;2.9;-2.1;4.5;1.8;-2.4;0.2;0.9;0.13;0.8;1.9;1.43;214;56;54;36;97874;0.29;0.02;0.42;0.39
2014;2;19;50;13;7.1;3.6;8.5;5.3;2.5;0.1;0.1;0.12;0.8;1.9;0.8;347;75;82;35;97286;0.51;7.57;0.42;0.4
2014;2;20;51;10.4;6.6;3.6;4.4;3;1.3;0.2;0.2;0.11;0.8;1.9;0.36;380;72;75;36;97475;0.6;2.49;0.42;0.4
2014;2;21;52;10.4;7.3;5;6.3;4.9;3.2;-0.5;0.7;0.11;0.9;1.9;0.18;209;48;73;25;97077;0.29;0.08;0.42;0.4
2014;2;22;53;6;4.4;2.7;4.4;2.8;1.1;0.9;-1.2;0.11;0.9;1.9;0.1;111;28;37;22;97399;0.74;6.58;0.41;0.4
2014;2;23;54;7.7;3.8;1;1.3;-0.7;-2.4;0.9;-1.6;0.11;0.9;1.9;0.07;170;47;73;46;98062;0.82;2.18;0.41;0.4
2014;2;24;55;10.7;5;-1;1.9;-0.1;-3.1;-0.2;0.5;0.11;0.9;1.9;0.03;449;103;113;61;98051;0.6;0;0.41;0.4
2014;2;25;56;10.8;4.9;-0.1;2.9;1.2;-0.9;-0.3;1.7;0.11;0.9;1.9;0;390;107;100;75;97716;0.58;0;0.41;0.4
2014;2;26;57;12.3;5.5;-1.3;2.8;0.5;-1.9;1.2;1.3;0.11;0.9;1.9;0;454;111;106;72;97643;0.68;0;0.4;0.4
2014;2;27;58;12.5;6;-0.7;3.5;1.7;-1.4;0.3;0.9;0.11;0.9;1.9;0;486;124;120;77;97572;0.69;0;0.4;0.4
2014;2;28;59;10.3;4.8;-0.4;2.2;0.7;-1.1;0.7;1.6;0.11;0.9;1.9;0;441;116;108;79;96778;0.68;0.04;0.4;0.4
2014;3;1;60;10.7;5.1;-0.2;3.1;1.4;-1;-0.6;0.4;0.12;0.9;1.9;0;335;85;74;56;96305;0.47;0.47;0.4;0.4
2014;3;2;61;9.3;5.4;2.6;3.3;2.6;1.8;-0.6;-1.6;0.12;0.9;1.9;0;182;49;51;32;96127;0.53;1.39;0.39;0.4
2014;3;3;62;8.1;5.1;2;4.3;3.1;1.4;-0.7;0.7;0.12;0.9;1.9;0;267;65;56;29;95765;0.66;1.89;0.39;0.4
2014;3;4;63;8.1;5.3;3.7;4;3.6;3;-0.8;-1.1;0.12;1;1.9;0;150;31;46;17;96003;0.6;3.73;0.39;0.4
2014;3;5;64;12.2;7.1;2.3;3.5;1;-2.3;-0.1;-2.7;0.12;1;1.9;0;451;113;114;65;96994;1.03;0.3;0.39;0.4
2014;3;6;65;9.9;7;4.3;1.7;1.1;0.4;-0.5;-3.5;0.12;1;1.9;0;315;73;64;40;98060;1.12;2.14;0.39;0.4
2014;3;7;66;10.6;6.5;3.2;2.4;1.3;0.6;-1;-0.9;0.12;1;1.9;0;441;116;101;62;98366;0.77;0;0.39;0.4
2014;3;8;67;12.3;6.1;0.3;2.6;0.6;-0.7;-0.3;-1.3;0.12;1;1.9;0;434;138;131;83;98796;0.91;0;0.39;0.4
2014;3;9;68;12.1;6.2;1.2;3.1;1;-1.5;-0.7;-1.2;0.12;1;1.9;0;560;157;135;87;98965;0.92;0;0.38;0.4
2014;3;10;69;10.3;5.9;1.6;1.8;0.8;-0.5;-0.8;-1.4;0.12;1;1.9;0;436;124;98;69;98503;0.83;0;0.38;0.4
2014;3;11;70;13.2;6.3;0;0.7;-1.6;-3.8;-0.1;-1.4;0.12;1;1.9;0;570;163;141;94;98448;1.17;0;0.38;0.4
2014;3;12;71;15.1;7;-1.7;2.6;-0.7;-3.8;-0.2;-0.5;0.12;1;1.9;0;570;165;143;93;98808;1.19;0;0.38;0.4
2014;3;13;72;14.6;7.9;2.3;3.1;0.9;-1.5;0.1;0.4;0.13;1;1.9;0;573;166;140;92;98698;1.17;0;0.37;0.4
2014;3;14;73;17.4;9;0;4.5;2;-0.9;0.4;0.4;0.13;1.1;1.9;0;569;166;139;88;98221;1.32;0;0.37;0.4
2014;3;15;74;18.4;9.6;2.5;6.3;2.8;0.8;1.2;-0.5;0.13;1.1;1.9;0;472;116;111;71;97255;1.02;0;0.37;0.4
2014;3;16;75;16.7;10.9;5.3;5.3;3.3;1.3;2.4;0.2;0.13;1.1;1.9;0;489;135;109;60;97103;1.22;0.01;0.37;0.4
2014;3;17;76;19.6;13;5.2;7.1;4.2;1.9;1.1;0.1;0.13;1.1;1.9;0;589;173;145;91;97502;1.5;0;0.36;0.4
2014;3;18;77;19.4;12.5;5.9;8.3;6.3;3.8;0.2;1.2;0.13;1.1;1.9;0;569;170;128;85;97494;1.37;0;0.36;0.4
2014;3;19;78;15.3;10.6;6.2;6;2.8;0.3;2.1;-1.7;0.13;1.1;1.9;0;606;157;133;80;97796;1.48;0.18;0.36;0.4
2014;3;20;79;18.7;10.9;2.6;4.4;2.8;0.3;0.6;1.6;0.13;1.2;1.9;0;605;176;145;97;98278;1.56;0;0.36;0.4
2014;3;21;80;19.7;12.5;5.3;6;3.8;2.3;1.3;2.1;0.13;1.2;1.9;0;607;180;140;99;97503;1.66;0;0.35;0.4
2014;3;22;81;17.6;12;6.2;6.8;4.7;2.2;2.2;2.6;0.13;1.2;1.9;0;550;173;120;91;96820;1.51;0.02;0.35;0.4
2014;3;23;82;13.3;10.3;5.8;9.3;7.5;3.5;-0.3;2.1;0.13;1.2;1.9;0;265;71;59;40;96209;1.55;6.74;0.35;0.4
2014;3;24;83;10.9;6.4;2.6;2.9;0.7;-1.4;0.6;-1.3;0.13;1.2;1.9;0;505;134;110;59;96532;1.65;3.3;0.35;0.4
2014;3;25;84;9.3;4.8;0.2;1.7;-1.5;-4;0.4;0;0.13;1.2;1.9;0;502;147;110;81;96830;1.29;0.62;0.35;0.4
2014;3;26;85;10.2;5.2;-0.7;2.4;0.5;-1.7;-0.6;-0.8;0.14;1.3;1.9;0;475;137;94;66;97165;1.21;0.61;0.35;0.4
2014;3;27;86;12.1;7.5;2.3;5.5;3.1;0.2;-1;-1.5;0.14;1.3;1.9;0;517;138;93;57;97139;1.34;2.2;0.35;0.4
2014;3;28;87;15.3;9.9;4.5;4.2;2.7;1.6;-0.3;-1.9;0.14;1.3;1.9;0;604;176;126;83;97465;1.76;0.04;0.35;0.4
2014;3;29;88;17.4;10.5;2.2;5.8;3.7;0.8;-0.3;0.1;0.14;1.3;1.9;0;634;195;138;93;98040;1.77;0;0.35;0.4
2014;3;30;89;19.6;12.3;4.8;7.2;4.6;2.2;0.3;0.9;0.14;1.3;1.9;0;645;202;143;96;97557;1.89;0;0.34;0.4
2014;3;31;90;20.4;12.6;3.9;7;5.1;2.6;0.5;-0.2;0.14;1.4;1.9;0;642;205;145;92;97147;1.97;0;0.34;0.4
2014;4;1;91;18.5;12.9;6.4;8.9;6.3;4;-0.4;0.1;0.14;1.4;1.9;0;602;173;120;76;97186;1.66;0.15;0.34;0.4
2014;4;2;92;18.5;12.2;5.3;8.6;6.8;4.4;-0.1;0.2;0.14;1.4;1.9;0;488;156;105;78;97030;1.5;0.03;0.34;0.4
2014;4;3;93;20.8;13.2;5;8.5;7;4.2;1;1.5;0.14;1.4;1.9;0;633;196;131;91;96672;1.87;0;0.33;0.4
2014;4;4;94;19.9;13.7;6.5;10.5;8.5;5.6;-0.4;-0.4;0.14;1.4;1.9;0;595;180;121;80;96653;1.74;0.06;0.33;0.4
2014;4;5;95;17.6;13.2;10.1;11.2;9.5;7.8;-0.2;-1.5;0.14;1.4;1.9;0;401;109;82;47;96990;1.45;6.46;0.33;0.4
2014;4;6;96;18.1;12.7;7.4;11.8;9.8;7.1;0.5;-0.5;0.14;1.5;1.9;0;562;160;106;63;97581;1.85;6.19;0.33;0.4
2014;4;7;97;19.1;13.2;5.8;10.6;7.7;5.3;0.2;0.2;0.14;1.5;1.9;0;508;174;115;80;97804;1.97;0.14;0.34;0.4
2014;4;8;98;22.9;14.7;7.2;11.5;8.8;5.8;0.6;0.1;0.14;1.5;1.9;0;618;182;122;71;97416;2.58;7.08;0.34;0.4
2014;4;9;99;14;10.3;6.4;7.5;1.5;-2.4;1.8;-1.9;0.15;1.5;1.9;0;654;202;142;84;97821;2.56;1.83;0.34;0.4
2014;4;10;100;13.3;8.5;3.7;5.4;2.6;-0.4;0.6;-1;0.15;1.5;1.9;0;559;137;107;64;97648;1.62;2.17;0.34;0.39
2014;4;11;101;13;8.8;4.5;3.7;1.8;0.1;-0.8;-0.2;0.15;1.6;1.9;0;473;172;112;73;97750;1.78;0.04;0.34;0.39
2014;4;12;102;14.4;10.3;6;6.9;5.2;3.1;-0.3;-0.3;0.15;1.6;1.9;0;456;146;104;62;97549;1.53;0.7;0.34;0.39
2014;4;13;103;15.7;10;2.6;7.7;5.3;2.5;0.9;-0.4;0.15;1.6;1.9;0;468;154;111;68;97465;1.68;0.33;0.33;0.39
2014;4;14;104;18.2;10.8;4.9;8.3;4.8;1.1;1.3;-0.2;0.15;1.6;1.9;0;575;176;106;79;97128;2.18;2.68;0.33;0.39
2014;4;15;105;11.1;7.2;4.1;0.7;-1.6;-5.1;1.2;-2.7;0.15;1.6;1.9;0;609;201;119;89;97497;2.07;0.66;0.33;0.39
2014;4;16;106;10.5;7;4.3;-0.5;-1.6;-2.9;-0.2;-4.5;0.15;1.7;1.9;0;621;194;112;86;97996;1.95;0.47;0.33;0.39
2014;4;17;107;11.8;8;3.3;2.1;-1;-2.9;-0.3;-3.7;0.15;1.7;1.9;0;560;146;95;68;97764;1.61;0;0.33;0.39
2014;4;18;108;16.8;10.7;2.7;4.6;2.1;0.2;-0.4;-0.8;0.15;1.7;1.9;0;705;222;140;92;96842;2.34;0;0.33;0.39
2014;4;19;109;18.5;12.2;7.3;9.6;6.2;1.7;-0.2;-1.8;0.15;1.8;1.9;0;526;183;110;63;96635;2.45;6.61;0.32;0.39
2014;4;20;110;13.7;10.6;7.8;10.6;8.6;7;-1;-0.5;0.15;1.8;1.9;0;371;115;74;44;96729;1.96;6.56;0.33;0.39
2014;4;21;111;16.8;11.8;7.1;10.7;8.5;6.5;-0.3;1.1;0.15;1.8;1.9;0;449;139;76;46;96703;1.99;3.76;0.33;0.39
2014;4;22;112;19;13.7;6.9;11;8.9;6.8;0.5;-0.1;0.16;1.8;1.9;0;528;163;92;58;97059;2.11;0.41;0.33;0.39
2014;4;23;113;19.2;13.8;6.7;11.5;9.7;6.4;0;-1;0.16;1.9;1.9;0;566;189;101;66;97581;2.28;1.42;0.33;0.39
2014;4;24;114;19.3;14.8;10.3;12.4;10.7;9;0;-1.8;0.16;1.9;1.9;0;599;168;96;54;97354;2.39;2.78;0.33;0.39
2014;4;25;115;16.4;13.3;10.2;12.9;11.5;9.3;0;-1.2;0.16;1.9;1.9;0;267;70;54;29;97088;1.39;5.53;0.33;0.39
2014;4;26;116;17.7;14.1;10.7;11.6;11.1;10.4;-0.9;-0.5;0.16;2;1.9;0;433;118;80;33;97007;1.71;2.8;0.33;0.39
2014;4;27;117;18.3;14.6;11.9;11.6;10.6;9.5;-1.1;0.1;0.16;2;1.9;0;495;155;91;48;96570;2.06;6.04;0.33;0.39
2014;4;28;118;18.7;14.4;10.6;10.6;9.9;8.5;-1;-1.4;0.16;2;1.9;0;568;180;94;63;96563;2.64;2.1;0.34;0.39
2014;4;29;119;17.1;13;7.8;11;9.1;6.8;0.4;-1.7;0.16;2.1;1.9;0;487;149;82;61;96701;2.2;5.28;0.34;0.39
2014;4;30;120;19.4;14.2;8.5;10.3;8.5;6.6;0.2;-0.8;0.16;2.1;1.9;0;603;210;108;75;96701;2.9;1.46;0.34;0.39
2014;5;1;121;19.6;14.1;7.8;10.5;8.9;6.5;0.4;-1;0.16;2.1;1.9;0;665;223;118;86;96839;3.05;0.96;0.34;0.39
2014;5;2;122;19.9;13.7;7.1;10.7;8.8;5.9;0;-0.4;0.16;2.1;1.9;0;656;212;126;81;96805;2.81;2.49;0.33;0.39
2014;5;3;123;14.7;10.9;6.9;9.7;6.8;1.8;-0.3;-3.3;0.16;2.2;1.9;0;378;121;62;45;96979;2.9;6.55;0.34;0.39
2014;5;4;124;14.5;10;6.4;1.5;-0.4;-1.2;0.3;-4.8;0.16;2.2;1.9;0;610;210;124;86;97322;2.93;0;0.34;0.39
2014;5;5;125;15.8;10.5;5;4.6;2.7;0.8;-1.2;-0.2;0.17;2.2;1.9;0;597;220;125;91;97730;2.69;0;0.33;0.39
2014;5;6;126;19.9;13.6;5.6;8.2;6.3;3.2;-0.4;1.8;0.17;2.3;1.9;0;720;243;127;89;97667;3.13;0;0.33;0.39
2014;5;7;127;19.3;14.4;8.7;11.3;9.1;7;1.7;1.2;0.17;2.3;1.9;0;496;169;84;60;97297;2.57;3.46;0.33;0.39
2014;5;8;128;19.2;14.4;8.2;10.5;8.1;6.7;0.6;0.5;0.17;2.3;1.9;0;648;216;115;82;97599;3.22;0.45;0.33;0.38
2014;5;9;129;20.3;15.1;7.9;12.4;10;6.8;0.3;0.4;0.17;2.4;1.9;0;509;166;104;68;97512;2.26;1.19;0.33;0.38
2014;5;10;130;20.1;15.9;9.6;12.9;10.6;8.8;0.2;0.5;0.17;2.4;1.9;0;507;168;83;61;97375;2.59;0.76;0.32;0.38
2014;5;11;131;20.2;13.5;6.7;13.8;10.3;5.1;0.8;0.4;0.17;2.4;1.9;0;526;138;86;53;96786;2.57;22.11;0.33;0.38
2014;5;12;132;16.4;11.4;5.9;7.4;5.6;4;0.8;-0.1;0.17;2.5;1.9;0;646;212;118;77;97191;3.19;4.11;0.34;0.38
2014;5;13;133;11.3;8.8;6.3;7.1;5.9;4.1;0.2;-1.3;0.17;2.5;1.9;0;241;77;99;44;97315;1.89;13.45;0.35;0.38
2014;5;14;134;14.4;10.8;6.4;4.4;2.4;-1.1;1.2;-4.8;0.17;2.5;1.9;0;602;212;103;79;97522;3.02;0.11;0.35;0.38
2014;5;15;135;12.4;10;8.2;5.4;2.1;-1.6;2.5;-6.1;0.17;2.5;1.9;0;409;149;72;50;97515;3.58;5.47;0.35;0.38
2014;5;16;136;11.6;9.1;7.9;5.6;4.7;3.3;1.9;-5;0.17;2.6;1.9;0;378;111;66;27;97224;4.53;12.24;0.36;0.38
2014;5;17;137;15.1;11;7.2;8.7;6.7;3.7;1;-1.1;0.17;2.6;1.9;0;310;104;60;29;97361;2.46;6.25;0.36;0.38
2014;5;18;138;17.2;13;8.7;11.9;9.9;7.9;0;0.8;0.17;2.6;1.9;0;486;162;83;52;97315;2.58;6.89;0.36;0.38
2014;5;19;139;20.9;14.9;7.2;10.6;8.5;6.3;0.9;2.2;0.17;2.6;1.9;0;673;244;117;87;97356;3.74;0.06;0.36;0.38
2014;5;20;140;22.4;16.5;9.2;11.2;9.5;7;0.6;1.9;0.17;2.7;1.9;0;712;242;124;93;97501;3.74;0.05;0.36;0.38
2014;5;21;141;23.3;17.6;10.2;13;11.5;9;-0.2;1.9;0.17;2.7;1.9;0;695;237;116;86;97634;3.71;0;0.36;0.38
2014;5;22;142;26.1;19.6;12.8;14.9;12.8;10;0.4;2.5;0.17;2.7;1.9;0;726;261;116;94;97298;4.27;0;0.35;0.38
2014;5;23;143;26.4;20.1;13;14.6;13;10.1;0.7;2.3;0.17;2.7;1.9;0;722;253;111;76;97104;4.25;0.27;0.35;0.38
2014;5;24;144;24.9;19.9;15;14.7;12.6;9.5;0.4;1;0.17;2.7;1.9;0;679;249;121;83;97202;4.24;0.04;0.34;0.38
2014;5;25;145;23.3;18.7;13.4;16;14;11.8;-0.1;-0.6;0.17;2.8;1.9;0;585;203;97;67;97656;3.42;4.22;0.34;0.38
2014;5;26;146;22.9;17.7;13.6;16.9;14.6;12.5;-0.3;0.4;0.17;2.8;1.9;0;575;193;89;63;97243;3.17;7.21;0.34;0.38
2014;5;27;147;21.4;16.4;11.7;13.7;11.5;9.6;1.5;1;0.17;2.8;1.9;0;677;231;105;72;96760;3.88;4.64;0.34;0.38
2014;5;28;148;14.7;13.4;11.3;11.5;10.7;9.7;1.5;0.6;0.17;2.8;1.9;0;254;92;56;37;96888;2.55;12.34;0.35;0.38
2014;5;29;149;17.9;14.6;10.5;11.1;10;9.2;0.6;-0.9;0.17;2.9;1.9;0;464;158;83;52;97003;2.71;1.11;0.35;0.38
2014;5;30;150;15.9;12.7;9.8;9.5;5.7;3.2;-0.7;-2.5;0.17;2.9;1.9;0;509;175;101;60;97458;3.3;0.96;0.35;0.38
2014;5;31;151;16.2;12.4;8.4;9.9;6.6;3.7;0.6;-2.3;0.17;2.9;1.9;0;583;197;92;70;97608;3.43;5.79;0.35;0.38
2014;6;1;152;18.9;14.4;9.5;10.5;8.1;6.2;1;-1.9;0.17;2.9;1.9;0;492;188;104;71;97538;3.46;1.27;0.35;0.38
2014;6;2;153;18.6;14.9;9.1;10.3;7.9;6.6;0.5;-0.8;0.17;2.9;1.9;0;565;208;102;77;97545;3.35;0.21;0.35;0.38
2014;6;3;154;19.5;14.8;8.7;12.2;10;7.7;0;-0.3;0.17;3;1.9;0;565;199;100;73;97374;3.02;2.51;0.35;0.38
2014;6;4;155;20.5;15.5;8;11.8;10.1;7.9;-0.1;1.2;0.17;3;1.9;0;593;230;103;73;97098;3.82;0.44;0.34;0.38
2014;6;5;156;18.8;15.5;11.2;13.1;11.8;9.4;0.7;-0.8;0.17;3;1.9;0;381;123;65;50;97395;2.1;1.89;0.34;0.38
2014;6;6;157;23.4;17.5;9.4;13.8;11.5;9.3;-0.2;0;0.17;3;1.9;0;713;258;118;81;97812;4.19;0;0.34;0.38
2014;6;7;158;26.6;21.1;12.2;18.6;14.1;10.6;0.1;0.2;0.17;3;1.9;0;707;250;110;78;97783;4.13;0.02;0.34;0.38
2014;6;8;159;27.9;22.4;13.4;17.9;15.1;12.9;-0.2;-0.2;0.17;3.1;1.9;0;702;257;114;80;97994;4.43;0;0.33;0.38
2014;6;9;160;29.2;23.7;14.6;19.6;15.5;13.8;-0.2;0.1;0.17;3.1;1.9;0;721;272;126;87;97968;4.64;0;0.33;0.38
2014;6;10;161;30.1;24.4;14.9;18.1;15;13.1;0.1;0.1;0.17;3.1;1.9;0;711;267;127;88;97833;4.62;0;0.32;0.38
2014;6;11;162;31.6;24.8;16;18.5;14.8;10.9;0.6;-0.7;0.17;3.1;1.9;0;724;262;131;85;97859;4.72;0.08;0.32;0.38
2014;6;12;163;28.2;22.4;17.8;19.4;17.1;14.3;0.5;-1;0.17;3.2;1.9;0;698;217;104;71;97948;3.78;9.09;0.32;0.37
2014;6;13;164;24;19.6;15.1;16.4;15.5;14.9;0.1;-0.5;0.17;3.2;1.9;0;514;181;82;58;97550;3.48;4.87;0.32;0.37
2014;6;14;165;21.1;17.4;13.8;14.7;11.5;9.8;-0.4;-1.1;0.17;3.2;1.9;0;518;186;96;68;97330;3.57;0.5;0.32;0.37
2014;6;15;166;20.1;16.5;11.7;10.9;8.7;7.4;-0.8;-1.9;0.17;3.2;1.9;0;543;207;99;76;97594;3.69;0.22;0.32;0.37
2014;6;16;167;19.8;16.5;12;11.6;8.1;7.2;-1;-1.3;0.17;3.2;1.9;0;496;173;93;66;97562;3.07;0;0.31;0.37
2014;6;17;168;19.3;16.1;11.8;11.6;9.3;7.5;-0.1;-0.6;0.17;3.2;1.9;0;400;136;73;54;97488;2.51;0.35;0.31;0.37
2014;6;18;169;22;17.9;11.9;12.9;9.2;7.9;-0.5;-1.2;0.17;3.3;1.9;0;633;233;105;78;97552;3.88;0.15;0.31;0.37
2014;6;19;170;23.6;18.4;11.9;13.2;10;8;0.8;-1;0.17;3.3;1.9;0;649;239;120;82;97295;3.99;0.48;0.31;0.37
2014;6;20;171;20.6;16.4;12.3;12.1;10.1;7.6;0.8;-1.1;0.17;3.3;1.9;0;584;179;96;68;97229;3.26;3.74;0.3;0.37
2014;6;21;172;20.9;16.4;9.8;11.7;8.6;6.7;0.2;0;0.17;3.3;1.9;0;542;202;102;76;97545;3.29;0.18;0.3;0.37
2014;6;22;173;24;18.7;11.7;14.7;11.8;8.9;-0.2;-0.4;0.17;3.3;1.9;0;603;216;107;76;97667;3.35;0.02;0.3;0.37
2014;6;23;174;24.6;19.7;13.4;17;13.8;11.4;0.1;-0.3;0.17;3.3;1.9;0;653;216;101;66;97691;3.46;1.61;0.3;0.37
2014;6;24;175;17.9;16.7;14.8;16.1;14.4;12.6;0.4;-0.4;0.17;3.3;1.9;0;191;66;55;31;97400;1.6;12.76;0.3;0.37
2014;6;25;176;17.9;15.6;12.6;14.3;12.9;10.1;0.3;0.3;0.17;3.4;1.9;0;379;101;71;40;96904;2.11;6.07;0.31;0.37
2014;6;26;177;21.4;16.3;9.6;11.5;8.3;6.5;-0.4;-0.4;0.17;3.4;1.9;0;690;241;115;83;97317;4.11;0;0.31;0.37
2014;6;27;178;21.8;17.9;13;12.9;11;9.8;-0.6;0.6;0.17;3.4;1.9;0;559;188;93;60;97691;3.3;0.07;0.31;0.37
2014;6;28;179;25.8;20.4;14;15.1;13.6;11.3;0;2.3;0.17;3.4;1.9;0;680;242;102;78;97503;4.18;0.08;0.3;0.37
2014;6;29;180;27.2;21.9;16.2;16.4;14;12.6;1.2;2.3;0.17;3.4;1.9;0;649;235;99;77;96864;4.49;5.54;0.3;0.37
2014;6;30;181;18.2;15.3;12.6;13.2;10.6;8.7;1.4;-1.7;0.17;3.4;1.9;0;380;99;100;43;97122;3.05;22.48;0.32;0.37
2014;7;1;182;20.8;16.5;9.6;12.4;10.1;7.8;0.6;1;0.17;3.4;1.9;0;472;190;95;75;97749;3.34;0.38;0.32;0.37
2014;7;2;183;25;19.2;12.5;15.9;12.7;9.9;0.2;0.8;0.17;3.5;1.9;0;681;237;105;72;97780;4.32;3.1;0.32;0.37
2014;7;3;184;23.5;18.9;13.6;13.2;11.5;9.1;0.4;0.3;0.17;3.5;1.9;0;607;241;119;82;98351;4.6;2.23;0.32;0.37
2014;7;4;185;25.6;20.4;13.4;14.2;12;10.9;-0.3;2.4;0.17;3.5;1.9;0;742;274;123;90;97818;5.11;0;0.31;0.37
2014;7;5;186;26.6;21.1;15.4;17.4;14.5;12.3;0.5;0.1;0.17;3.5;1.9;0;657;217;107;79;97077;3.97;0.06;0.31;0.37
2014;7;6;187;26.9;21.9;15;17.1;15.3;14.3;0.1;0.5;0.17;3.5;1.9;0;615;226;102;73;97377;4.12;0;0.3;0.37
2014;7;7;188;29.2;23.7;16.9;19.2;16.4;14.4;-0.3;0.8;0.17;3.5;1.9;0;672;245;103;74;97310;4.38;0.04;0.3;0.37
2014;7;8;189;25.1;21.5;17.3;17.9;16.7;15.4;0.3;1.8;0.17;3.5;1.9;0;571;201;82;60;96657;4.04;6.76;0.3;0.37
2014;7;9;190;19.3;16.9;13.7;14.4;12.3;11;0.5;-0.7;0.17;3.6;1.9;0;347;122;83;44;96648;2.99;6.19;0.31;0.37
2014;7;10;191;16;14.3;11.3;13;12;10.3;0.3;-1.3;0.17;3.6;1.9;0;282;84;66;39;96720;2.25;14.02;0.31;0.37
2014;7;11;192;21;17;13;12.2;11.4;10.6;2.1;-1.9;0.17;3.6;1.9;0;333;124;68;42;96641;3.33;3.88;0.32;0.36
2014;7;12;193;23.5;19.4;13.4;16.9;13.2;10.4;1.2;-0.1;0.17;3.6;1.9;0;523;195;86;68;96916;3.53;0.15;0.32;0.36
2014;7;13;194;23.6;18.9;13.7;16.2;14.7;12.8;0.2;-0.1;0.17;3.6;1.9;0;512;180;79;60;97092;3.26;1.57;0.31;0.36
2014;7;14;195;22.9;18.7;13;17.6;15.8;13;0.6;-0.6;0.17;3.6;1.9;0;598;162;89;56;97294;2.85;2.6;0.31;0.36
2014;7;15;196;26.2;21.1;14.4;16.4;14.6;12.6;0.4;-1.8;0.17;3.6;1.9;0;658;216;94;70;97693;4.32;0.28;0.31;0.36
2014;7;16;197;27.4;22.2;16.7;16.4;15;13.6;0.5;-1.8;0.17;3.6;1.9;0;637;233;103;74;97828;4.71;0.52;0.31;0.36
2014;7;17;198;27.3;22.3;16.9;16.4;15.1;13.6;0.7;-1.7;0.17;3.6;1.9;0;677;234;100;75;97839;4.64;0.52;0.3;0.36
2014;7;18;199;27.1;22.4;16.3;17.3;15.1;13.5;0.3;-1.6;0.17;3.6;1.9;0;611;229;98;76;97771;4.41;0.11;0.3;0.36
2014;7;19;200;27.8;23.2;17;18.5;16.5;14.6;-0.4;0.2;0.17;3.6;1.9;0;597;227;101;73;97664;4.06;0.04;0.3;0.36
2014;7;20;201;30.6;25.1;18.6;19.6;17.7;16.4;0.1;2.1;0.17;3.6;1.9;0;676;233;96;69;97190;4.45;0.01;0.29;0.36
2014;7;21;202;28.8;23.9;19.2;19.6;16.5;13.9;1.2;1.7;0.17;3.6;1.9;0;568;200;93;70;96739;4.06;0.77;0.29;0.36
2014;7;22;203;22.7;19.6;16.8;18.5;17.3;15.6;0;-1;0.17;3.6;1.9;0;303;97;58;37;96856;2.18;23.06;0.29;0.36
2014;7;23;204;24.6;20.8;17.4;17;15;13.3;0.3;-2.6;0.17;3.6;1.9;0;614;211;86;60;97069;4.72;3.42;0.31;0.36
2014;7;24;205;25.1;20.3;13.7;15.1;13.5;12.2;0;0.2;0.17;3.6;1.9;0;591;218;105;75;97076;4.03;0.2;0.3;0.36
2014;7;25;206;23.9;20;16.7;17.7;16.2;14.3;0.3;-0.2;0.17;3.6;1.9;0;500;158;82;50;97296;2.96;7.29;0.3;0.36
2014;7;26;207;24.9;20.2;14.9;18.3;17;14.5;-0.1;0;0.17;3.6;1.9;0;511;174;76;52;97259;3.47;9.84;0.31;0.36
2014;7;27;208;23.4;19.8;16.9;19.4;17.7;16.3;0;-1;0.17;3.6;1.9;0;419;133;62;41;97203;2.91;17.46;0.32;0.36
2014;7;28;209;22;18.8;16.3;18.2;17;15.8;0.3;-0.5;0.17;3.6;1.9;0;335;84;63;31;97056;1.77;11.09;0.34;0.36
2014;7;29;210;25.1;20.1;15.8;19.5;17.5;15.8;-0.2;1.2;0.17;3.6;1.9;0;510;151;65;42;96786;3.02;3.42;0.34;0.36
2014;7;30;211;24.1;20;17.3;20;18;16.4;-0.4;-0.6;0.17;3.6;1.9;0;450;119;66;36;96674;2.31;9.69;0.34;0.36
2014;7;31;212;22.8;20.1;18.4;19.5;18.1;16.3;0.3;-1;0.17;3.6;1.9;0;354;108;62;28;96959;2.34;6.16;0.35;0.36
2014;8;1;213;24.8;20.8;17.1;18.5;16.8;15;0.1;-0.8;0.17;3.6;1.9;0;525;168;85;49;97114;3.31;1.9;0.35;0.36
2014;8;2;214;26.3;21.7;15.7;19.1;17.7;15.1;-0.1;0.9;0.17;3.6;1.9;0;549;206;84;62;97081;3.95;0.43;0.34;0.36
2014;8;3;215;27.4;22.3;17.8;19.1;17.9;16.5;-0.1;1.1;0.17;3.6;1.9;0;611;207;93;66;97080;3.91;0.58;0.34;0.36
2014;8;4;216;23.9;20.3;16.7;19.1;17.7;16.1;0;-0.6;0.17;3.6;1.9;0;456;160;73;50;97347;3.21;13.17;0.34;0.36
2014;8;5;217;22.3;19.1;15.2;17.5;15.9;12.6;1.3;-1.1;0.17;3.6;1.9;0;363;125;56;46;97443;3.13;7.94;0.35;0.36
2014;8;6;218;23.3;20;16.8;14.5;13.4;12.1;0.7;-2.5;0.17;3.6;1.9;0;543;164;75;56;97374;3.72;0;0.35;0.36
2014;8;7;219;24.5;20.3;15;16.6;14.4;13.2;0.4;-1.2;0.17;3.5;1.9;0;626;208;96;72;97356;3.94;0.11;0.35;0.36
2014;8;8;220;25.4;20.7;14.4;16.6;14.8;13.5;0.1;0.4;0.17;3.5;1.9;0;561;205;99;74;97432;3.8;0.01;0.34;0.36
2014;8;9;221;27.8;21.7;16.4;18.9;17.1;14.5;0.8;0.7;0.17;3.5;1.9;0;585;202;88;62;97343;3.86;6;0.34;0.36
2014;8;10;222;28;22.7;17.3;19.2;17.9;16.7;0.2;0.7;0.17;3.5;1.9;0;552;198;90;62;97315;3.97;0.31;0.34;0.36
2014;8;11;223;28.1;22.4;17.2;20.4;18.1;16.5;0;-0.3;0.17;3.5;1.9;0;642;183;92;54;97192;3.84;6.13;0.34;0.36
2014;8;12;224;21.2;19.1;17.1;16.6;14.8;12.4;-0.5;-0.7;0.17;3.5;1.9;0;322;73;46;23;97449;1.98;1.31;0.34;0.36
2014;8;13;225;25.8;20.2;16.1;19.5;16.2;13.3;-0.5;0.8;0.17;3.5;1.9;0;340;109;58;29;96850;2.53;3.02;0.34;0.36
2014;8;14;226;18.7;16.5;14.3;16.4;13.4;12.8;0.2;0;0.17;3.5;1.9;0;227;53;58;33;97151;1.52;9.71;0.35;0.36
2014;8;15;227;20.3;16.7;13.1;14.4;13.1;11.8;0.5;0;0.17;3.5;1.9;0;438;130;70;45;97317;2.48;5.06;0.35;0.36
2014;8;16;228;20.8;15.8;9.4;11.8;9.6;7.6;1.2;-0.7;0.17;3.5;1.9;0;587;193;100;77;97566;3.66;0.21;0.35;0.36
2014;8;17;229;21;16.5;11.2;10.9;9.2;7.5;0.6;0.5;0.17;3.5;1.9;0;549;196;103;84;97610;3.48;0.04;0.35;0.36
2014;8;18;230;23.4;17.8;10.9;13.8;11.9;9.1;0.6;1.7;0.16;3.4;1.9;0;673;199;111;80;97174;3.56;0;0.34;0.36
2014;8;19;231;22.3;17.9;12.9;16.5;14.2;11.8;0.3;0.4;0.16;3.4;1.9;0;438;130;79;54;97206;2.3;0.21;0.34;0.36
2014;8;20;232;19.7;16.3;13.4;16.3;13.3;10.4;-0.6;-1.1;0.16;3.4;1.9;0;374;97;43;28;97419;2.72;21.42;0.35;0.36
2014;8;21;233;19.9;16.3;13;12.4;10.9;8.8;-0.2;-0.2;0.16;3.4;1.9;0;635;135;103;43;97562;2.88;4.53;0.36;0.36
2014;8;22;234;20.9;17.1;13.1;14.3;12.8;11.1;-0.8;0.9;0.16;3.4;1.9;0;410;134;72;50;97551;2.4;0.45;0.36;0.36
2014;8;23;235;19.5;16.6;14.4;16.1;14.6;12.2;0.2;-0.3;0.16;3.3;1.9;0;328;75;60;35;97304;1.36;21.88;0.36;0.35
2014;8;24;236;18.3;15.6;12.3;12.1;10.2;8.7;1.3;-0.8;0.16;3.3;1.9;0;392;128;94;59;97558;2.56;0.37;0.37;0.35
2014;8;25;237;18.8;14.5;10.5;11.2;9.3;8.1;0.2;1.2;0.16;3.3;1.9;0;494;136;87;61;97755;2.43;0.28;0.37;0.35
2014;8;26;238;22.5;17.2;11.9;15.1;12.9;9.4;1.1;1.4;0.16;3.3;1.9;0;343;116;76;52;96892;2.03;0.09;0.37;0.35
2014;8;27;239;22.9;17.1;12.8;16.5;13.1;9;0.2;-0.7;0.16;3.2;1.9;0;576;157;95;65;97115;2.97;4.08;0.37;0.35
2014;8;28;240;20.2;15.1;8.3;12.4;9.6;7.7;0.3;0.5;0.16;3.2;1.9;0;632;189;111;80;97876;3.07;0;0.37;0.35
2014;8;29;241;22.4;17.2;10.9;13.7;11.9;9.3;-0.1;1.3;0.16;3.2;1.9;0;634;195;105;73;97818;3.19;0;0.36;0.35
2014;8;30;242;23.5;18.4;12.4;15.6;13.8;11.2;-0.1;-0.1;0.16;3.2;1.9;0;580;167;97;61;97717;2.76;0;0.36;0.35
2014;8;31;243;22;17.9;14.8;16.3;15.2;14;0;-0.3;0.16;3.1;1.9;0;398;122;67;45;97287;2.07;19.94;0.36;0.35
2014;9;1;244;15.3;13.5;11.4;13.8;10.4;9;1.3;-2.9;0.16;3.1;1.9;0;82;21;21;13;97070;2.69;20.45;0.38;0.35
2014;9;2;245;15.1;14.1;13.1;12.5;10.9;8.8;1.5;-2.7;0.16;3.1;1.9;0;155;38;23;17;97335;2.45;15.59;0.39;0.35
2014;9;3;246;20.4;16.9;13.5;16.3;13.7;11.3;0.5;-2.8;0.16;3.1;1.9;0;393;110;49;31;97435;3.27;14.25;0.4;0.36
2014;9;4;247;21.5;18.3;15.3;17.3;15.6;13.7;-0.6;-2;0.16;3.1;1.9;0;349;94;45;28;97550;2.26;13.45;0.41;0.36
2014;9;5;248;23.4;19;15.6;17.1;15.8;14.1;-0.3;-1.1;0.16;3;1.9;0;514;160;91;53;97435;2.78;1.99;0.41;0.36
2014;9;6;249;19.8;16.6;13.5;16.2;14.7;12.8;-0.2;-1;0.16;3;1.9;0;293;71;58;34;97337;1.4;5.32;0.41;0.36
2014;9;7;250;21.1;16.3;10.5;15.3;13.4;10.3;0.3;0.1;0.16;3;1.9;0;474;132;79;55;97453;2.04;0.21;0.41;0.36
2014;9;8;251;23;17.6;11.6;15.7;13.9;11.6;0.4;0.7;0.16;3;1.9;0;565;157;97;57;97579;2.57;0.02;0.4;0.36
2014;9;9;252;24.7;18;12;17.3;15.2;11.6;0.6;0.1;0.15;2.9;1.9;0;589;160;101;59;97492;2.49;1.18;0.4;0.36
2014;9;10;253;18.8;16.2;14.1;15.5;14.6;13;0.1;-0.8;0.15;2.9;1.9;0;293;75;60;34;97341;1.64;7.83;0.4;0.36
2014;9;11;254;15.8;14.2;12.2;12.7;12.1;10.1;1.1;-1.3;0.15;2.9;1.9;0;144;39;37;23;97067;1.71;11.79;0.4;0.37
2014;9;12;255;14.8;13.5;12.3;12.4;10.9;9.5;0.4;-0.6;0.15;2.9;1.9;0;160;38;51;19;97203;1.51;16.45;0.41;0.37
2014;9;13;256;16.9;14.1;11.5;13.2;12;10.4;-0.2;-2.6;0.15;2.9;1.9;0;306;74;54;27;97320;2.59;36.58;0.43;0.37
2014;9;14;257;18.9;14.5;10.8;13.8;12.2;9.8;0.6;-0.5;0.15;2.8;1.9;0;355;101;73;38;97479;1.76;6.17;0.43;0.38
2014;9;15;258;18.1;15.4;12.8;14.9;13.5;11.9;0.3;-0.9;0.15;2.8;1.9;0;226;66;57;29;97576;1.21;2.52;0.42;0.38
2014;9;16;259;18.6;15.3;12.1;14.9;13.4;11.7;-0.4;-0.5;0.15;2.8;1.9;0;339;93;67;38;97732;1.47;1.51;0.42;0.38
2014;9;17;260;19.4;14.9;9.6;14.8;12.5;9.4;-0.4;0.4;0.15;2.7;1.9;0;458;136;87;57;97769;1.97;0.29;0.41;0.38
2014;9;18;261;19.4;15.4;11;12.5;11.3;9.8;-0.8;1.4;0.15;2.7;1.9;0;467;121;96;54;97756;1.87;0;0.41;0.38
2014;9;19;262;23;17.2;11.6;14.8;13.1;10.8;0.9;1.2;0.15;2.6;1.9;0;519;144;94;63;97589;2.17;0;0.4;0.39
2014;9;20;263;23.6;17.9;12.2;17.3;15.1;11.6;0.8;0.3;0.15;2.6;1.9;0;432;140;96;60;97416;1.88;2.49;0.4;0.39
2014;9;21;264;23.9;17.8;12.2;16.4;14.3;12.1;0.6;0.2;0.15;2.6;1.9;0;555;148;99;58;97202;2.45;6.4;0.39;0.39
2014;9;22;265;17.7;14.5;11;13.8;8.1;4.6;1;-1.8;0.15;2.5;1.9;0;509;132;112;68;97113;2.55;0.9;0.4;0.39
2014;9;23;266;15.6;12.1;8.7;8.1;4.8;2.7;0.9;-1.1;0.15;2.5;1.9;0;467;122;95;72;97634;1.92;0.01;0.39;0.39
2014;9;24;267;17.8;12.2;7.4;8.6;7.3;5.5;-0.2;2;0.15;2.4;1.9;0;407;119;95;65;97593;1.73;0;0.39;0.39
2014;9;25;268;14.5;11.2;8.2;9.6;8.1;6.1;1.2;0.1;0.15;2.4;1.9;0;144;52;89;50;97594;0.76;0.79;0.39;0.39
2014;9;26;269;16.2;12.7;8.3;9.8;8.3;5.9;1.1;-0.4;0.15;2.4;1.9;0;188;55;55;35;98075;0.81;1.1;0.39;0.39
2014;9;27;270;17.6;13.5;10.3;13;11;9.2;0.8;0.2;0.15;2.3;1.9;0;191;47;62;33;98526;0.77;0.44;0.38;0.39
2014;9;28;271;19.9;13.7;8.1;13;10.7;8.1;0.2;0.6;0.15;2.3;1.9;0;452;134;113;66;98733;1.7;0.01;0.38;0.39
2014;9;29;272;20.4;13.8;7.6;13.7;11.4;7.6;0;0.7;0.15;2.2;1.9;0;553;150;125;77;98547;1.72;0;0.38;0.39
2014;9;30;273;20.5;14.3;8.8;14.3;12.1;8.7;0.2;0.1;0.15;2.2;1.9;0;461;126;106;55;98398;1.52;0.01;0.38;0.39
2014;10;1;274;18.2;14.5;11;14.5;12.9;11;0.3;-0.9;0.15;2.2;1.9;0;238;59;49;27;98371;0.87;3.08;0.38;0.39
2014;10;2;275;18.6;14.6;10.7;12.5;11.2;9.1;-0.2;-1.2;0.14;2.1;1.9;0;366;84;91;48;98508;1.42;0.9;0.38;0.39
2014;10;3;276;17.3;13.1;8.6;11.3;10;8.1;-0.3;-1;0.14;2.1;1.9;0;352;105;81;57;98376;1.37;0.58;0.38;0.39
2014;10;4;277;14.9;12.4;9.8;11;10.1;8.8;-1;-0.3;0.14;2;1.9;0;240;63;55;29;98018;0.96;1.27;0.37;0.39
2014;10;5;278;16.3;13;10.1;11.6;10;8.1;-1.1;-0.1;0.14;2;1.9;0;380;101;90;50;97811;1.3;0.42;0.37;0.39
2014;10;6;279;15.6;12;7.6;10;8.9;7.2;-1.1;0.4;0.14;2;1.9;0;365;83;75;45;97665;0.99;0.11;0.37;0.39
2014;10;7;280;18.3;13.4;8.7;11.2;10.1;8.1;-0.4;2.3;0.14;1.9;1.9;0;385;96;86;57;97540;1.18;0.06;0.37;0.39
2014;10;8;281;21.1;15.4;9.4;14.6;12.3;8.9;0.7;2.2;0.14;1.9;1.9;0;378;102;75;62;97541;1.15;0;0.37;0.39
2014;10;9;282;23.5;17.5;12.9;14.5;13;11.5;1.3;2.5;0.14;1.8;1.9;0;466;119;104;70;97363;1.64;0.02;0.37;0.39
2014;10;10;283;23.5;17.4;11.8;15.9;14.1;11.2;0.7;0.6;0.14;1.8;1.9;0;458;121;95;70;97542;1.38;0;0.36;0.39
2014;10;11;284;23.9;17.2;12;15.1;13.6;11.6;1;1;0.14;1.8;1.9;0;486;123;104;65;97369;1.55;0.01;0.36;0.39
2014;10;12;285;21.8;16.7;12.2;15.2;13.7;11.7;-0.1;0.8;0.14;1.7;1.9;0;389;95;84;52;97481;1.15;0.2;0.36;0.39
2014;10;13;286;24.4;18.1;13.2;15.9;14.1;12.5;1.2;2;0.14;1.7;1.9;0;444;119;99;68;97014;1.47;0;0.36;0.39
2014;10;14;287;21.9;17.1;12.8;14.3;12.9;11.6;0.4;0.6;0.14;1.6;1.9;0;402;107;103;72;96978;1.27;0;0.35;0.39
2014;10;15;288;20.3;15.3;12;14.6;12.9;11.2;0.6;0.1;0.14;1.6;1.9;0;346;82;82;47;96834;0.88;3.25;0.35;0.39
2014;10;16;289;21;16.1;12.5;13.7;12.8;12;0.5;0.4;0.14;1.6;1.9;0;435;106;109;55;97001;1.33;5.32;0.36;0.39
2014;10;17;290;20.4;14.9;9.9;15.6;12.3;8.8;0.4;-0.3;0.14;1.6;1.9;0;332;58;85;43;97319;0.79;0.71;0.36;0.39
2014;10;18;291;19.2;13.3;7.6;11.8;10;7.2;0;0.3;0.14;1.6;1.9;0;431;105;106;67;98380;1.09;0;0.36;0.39
2014;10;19;292;20.4;14;8.9;12;10.4;8.1;0.4;1.3;0.14;1.5;1.9;0;459;119;120;79;98292;1.18;0;0.36;0.39
2014;10;20;293;22.2;14.8;8.2;15.2;11.8;7.7;0.8;0.4;0.13;1.5;1.9;0;417;108;107;68;97692;1.02;0.01;0.35;0.39
2014;10;21;294;17.4;14.3;11.1;13.9;12.6;10.8;-0.4;0.8;0.13;1.5;1.9;0;248;55;55;28;96951;0.79;20.26;0.36;0.39
2014;10;22;295;13.6;8.4;5.1;13.2;2.3;-0.1;2;-1.6;0.13;1.5;1.9;0;408;82;108;63;96562;1.92;16.97;0.38;0.39
2014;10;23;296;9.8;7.8;5.5;7.5;4.7;0.4;0.5;-2.8;0.13;1.5;1.9;0;97;22;38;19;96827;2.32;11.73;0.38;0.39
2014;10;24;297;10.1;8.6;6.5;6.1;4.8;3.2;-1;-2.8;0.13;1.5;1.9;0;128;29;30;20;97649;1.17;5.13;0.39;0.39
2014;10;25;298;9.6;7.4;5.8;5.8;4.8;4.1;-0.4;0.3;0.13;1.5;1.9;0;188;40;58;29;98250;0.58;0.04;0.39;0.39
2014;10;26;299;9.4;7.2;3.1;5.8;5.2;3.1;-0.4;-0.1;0.13;1.4;1.9;0;218;53;51;32;98684;0.41;0.08;0.39;0.39
2014;10;27;300;8.9;7.4;6.1;5.1;4.4;3.7;-0.5;0.1;0.13;1.4;1.9;0;140;33;43;26;98820;0.36;0.15;0.39;0.39
2014;10;28;301;9.4;6.5;4;4.3;3.2;2.1;-0.3;0.8;0.13;1.4;1.9;0;334;82;90;60;98411;0.6;0;0.39;0.39
2014;10;29;302;9.2;5.7;2.4;3.7;3;2.3;0;0.4;0.13;1.4;1.9;0;363;81;108;56;98015;0.56;0;0.39;0.39
2014;10;30;303;9.5;6.9;4.7;5.3;3.9;2.5;-0.1;0.1;0.13;1.4;1.9;0;152;36;44;25;98351;0.31;0.04;0.39;0.39
2014;10;31;304;12;8.5;6.3;7.4;6.1;4.7;0.1;0.4;0.13;1.4;1.9;0;231;55;68;34;98575;0.42;0;0.38;0.39
2014;11;1;305;14.4;8.7;4.7;8.7;6.5;4.6;0.4;0.5;0.12;1.4;1.9;0;375;87;104;57;98421;0.64;0;0.38;0.39
2014;11;2;306;14.9;8.2;3.8;9.2;6.3;3.2;-0.1;0.8;0.12;1.4;1.9;0;392;93;107;68;98065;0.63;0;0.38;0.39
2014;11;3;307;15.1;8.8;4.4;8;6.3;4.3;0.6;2;0.12;1.3;1.9;0;315;66;104;54;97451;0.55;0.1;0.38;0.39
2014;11;4;308;16.2;12.4;9.1;8.9;7.6;6.2;0.8;4;0.12;1.3;1.9;0;346;80;92;76;96795;0.85;0;0.38;0.39
2014;11;5;309;18;13.5;9.3;10.6;8.8;7.2;-0.7;2.9;0.12;1.3;1.9;0;328;79;98;73;96587;0.8;0.01;0.38;0.39
2014;11;6;310;16.3;13.6;12;13.9;12;9.3;-1;1.6;0.12;1.3;1.9;0;191;37;49;31;96964;0.52;1.32;0.38;0.39
2014;11;7;311;15;13;11.2;13.8;12.4;11;-0.2;0.5;0.12;1.3;1.9;0;137;27;33;14;96964;0.38;15.39;0.38;0.39
2014;11;8;312;12.4;10.4;8;12;9;7.1;0.3;-0.8;0.12;1.3;1.9;0;51;10;41;17;97388;0.51;16.27;0.4;0.39
2014;11;9;313;15.4;10;5.6;9.9;8;5;-0.1;1.4;0.12;1.3;1.9;0;326;78;97;63;97315;0.59;0;0.4;0.39
2014;11;10;314;17.7;12;8.3;10.9;9.5;7.7;0.4;2.3;0.12;1.2;1.9;0;324;67;85;53;97449;0.55;0;0.4;0.39
2014;11;11;315;16.9;12.8;10.1;12;10.8;9.4;-0.2;2;0.12;1.2;1.9;0;298;65;80;53;97345;0.47;0;0.4;0.39
2014;11;12;316;15.5;12.1;10.1;11.1;10.3;9;-1;0.9;0.12;1.2;1.9;0;223;50;73;40;96793;0.41;0.62;0.39;0.39
2014;11;13;317;10.9;10.1;9;10.2;9.2;8.5;-0.6;-1;0.11;1.2;1.9;0;76;18;17;10;97066;0.62;4.92;0.4;0.39
2014;11;14;318;12.6;11.2;10.3;10;9.5;8.9;-0.5;0.6;0.11;1.2;1.9;0;105;22;25;13;97407;0.44;0.36;0.4;0.39
2014;11;15;319;14;11.2;9.6;9.2;8.9;8.6;-0.8;2.6;0.11;1.2;1.9;0;168;39;68;33;96951;0.41;0.07;0.39;0.39
2014;11;16;320;15.2;11.2;8.3;9.8;8.2;6.3;-0.5;2.1;0.11;1.2;1.9;0;243;56;92;50;96515;0.76;1.19;0.39;0.39
2014;11;17;321;11.3;8.3;6.3;8.1;7.2;6.1;-1;0.5;0.11;1.2;1.9;0;158;33;62;35;96761;0.42;5.43;0.39;0.39
2014;11;18;322;12.4;8.6;5.2;7.5;6.3;4.3;-0.1;1.1;0.11;1.2;1.9;0;241;48;80;41;96551;0.77;16.01;0.41;0.39
2014;11;19;323;11.4;6.6;3.1;5.9;3.9;2.5;0.8;-0.6;0.11;1.2;1.9;0;329;69;105;61;97500;0.55;1.45;0.41;0.39
2014;11;20;324;10.3;5.8;2.5;4.5;3.2;1.6;-0.2;0.1;0.11;1.2;1.9;0;251;58;84;60;98309;0.33;0.03;0.4;0.39
2014;11;21;325;8;6.1;4.6;4.5;4;3.6;-0.2;0.3;0.11;1.2;1.9;0;153;32;42;23;98362;0.25;0.19;0.4;0.39
2014;11;22;326;9.2;6.2;4.1;4.7;3.9;3.3;-0.5;0.8;0.11;1.2;1.9;0;255;58;84;52;98379;0.34;0;0.4;0.39
2014;11;23;327;7.7;4.5;1.9;3.9;3;1.8;-0.5;0.6;0.11;1.2;1.9;0;276;57;83;47;98644;0.29;0.02;0.4;0.39
2014;11;24;328;6.6;4.5;3.2;3.3;2.9;2.2;-0.6;0.9;0.11;1.2;1.9;0;209;43;63;28;98453;0.27;0.12;0.4;0.39
2014;11;25;329;4.3;3.6;3;2.7;2.4;2.3;-0.6;-0.2;0.11;1.2;1.9;0;51;11;18;13;98441;0.21;0.75;0.39;0.39
2014;11;26;330;3.4;2.6;1.7;2.4;0.7;-0.1;-1.3;0.9;0.11;1.2;1.9;0;99;19;37;22;98123;0.53;0.73;0.39;0.39
2014;11;27;331;2.6;2.1;1.3;0.4;-0.5;-1;-1.3;1.1;0.11;1.2;1.9;0;83;18;43;18;97598;0.27;0.11;0.39;0.39
2014;11;28;332;4.3;2.7;1.3;1.8;0.6;-0.6;-1.2;0;0.11;1.2;1.9;0;118;28;31;15;97534;0.15;0.02;0.39;0.39
2014;11;29;333;3.7;3;2.4;2.9;2.2;1.4;-1;-0.5;0.11;1.2;1.9;0;51;11;19;8;97679;0.2;0.78;0.39;0.39
2014;11;30;334;3.7;3.1;2.6;3.5;2.9;2.3;-1;-0.1;0.11;1.2;1.9;0;52;9;8;6;97488;0.3;1.81;0.39;0.39
2014;12;1;335;3;2.6;1.9;3;2.4;1.6;-0.9;-1.4;0.11;1.2;1.9;0;21;4;11;7;97022;0.3;9.24;0.39;0.39
2014;12;2;336;2.1;1.4;1.1;1.7;0.6;-0.2;-0.8;-1;0.11;1.2;1.9;0.07;44;8;14;10;97049;0.38;1.99;0.4;0.39
2014;12;3;337;3.5;2.6;1.4;2.8;2;1.1;-0.4;-1.1;0.11;1.2;1.9;0.46;46;9;12;8;97672;0.3;4.41;0.4;0.39
2014;12;4;338;4.2;3.7;3.1;3.2;2.9;2.5;-0.5;-0.6;0.11;1.2;1.9;0.44;38;8;10;8;97822;0.17;0.9;0.4;0.39
2014;12;5;339;5.1;4.4;3.7;4.1;3.6;3;-0.4;-0.3;0.11;1.2;1.9;0.29;52;10;12;7;97706;0.14;0.35;0.4;0.39
2014;12;6;340;5.5;4.8;4.3;4.8;4.2;3.5;-0.3;-1.3;0.11;1.2;1.9;0.22;42;7;11;8;97630;0.3;13.71;0.4;0.39
2014;12;7;341;6.1;4.9;4.1;4.1;3.3;2.5;0.6;-0.6;0.11;1.2;1.9;0.14;48;11;18;12;97539;0.26;13.4;0.41;0.39
2014;12;8;342;7.2;3.9;0.7;3.4;1.6;-0.7;0;-0.2;0.11;1.2;1.9;0.12;197;37;82;43;97565;0.35;0.74;0.42;0.39
2014;12;9;343;4.5;1.8;-0.6;-0.9;-3.7;-5.8;0.1;-2.7;0.1;1.2;1.9;0.12;179;39;87;59;98013;0.39;0;0.41;0.4
2014;12;10;344;4.1;0.4;-1.7;-2.9;-4.4;-6.1;0.4;0.1;0.1;1.2;1.9;0.12;288;62;117;75;98127;0.25;0;0.41;0.4
2014;12;11;345;5.2;1.1;-1.8;-0.8;-2.7;-4.9;0.6;0.6;0.1;1.2;1.9;0.12;212;46;81;48;97668;0.19;0.16;0.41;0.4
2014;12;12;346;6.8;0.8;-3.1;-0.2;-3.4;-6;0.8;1.3;0.1;1.2;1.9;0.09;280;60;110;77;97511;0.27;0;0.4;0.4
2014;12;13;347;9.2;3.1;-0.7;4.7;0.4;-4;1.6;1.3;0.1;1.2;1.9;0.03;267;57;94;64;97436;0.12;0;0.4;0.4
2014;12;14;348;8.9;3.3;0.4;6.3;2.3;-0.3;1.3;0.8;0.1;1.2;1.9;0;180;41;92;51;97755;0.06;0;0.4;0.4
2014;12;15;349;9;3.1;-0.8;7;2.3;-0.9;1;0.3;0.1;1.2;1.9;0;151;35;90;41;97721;0.07;0;0.4;0.4
2014;12;16;350;5.1;2.1;-0.5;4.1;1.7;-0.7;0.4;-0.3;0.1;1.2;1.9;0;109;19;24;13;97206;0.12;6.28;0.39;0.4
2014;12;17;351;7.5;4.1;1;4.5;2.9;0.6;0.2;0.7;0.1;1.2;1.9;0;199;40;75;35;97176;0.27;1.41;0.4;0.4
2014;12;18;352;7.5;4.3;1.5;4.9;3;1.1;0.7;0.3;0.1;1.2;1.9;0;102;20;55;20;97573;0.09;0;0.4;0.4
2014;12;19;353;12;6.1;1.7;7.4;4.1;0.9;1.1;0.5;0.1;1.2;1.9;0;268;57;103;55;97612;0.26;0.08;0.4;0.4
2014;12;20;354;10.1;5.2;1.2;5.4;3.1;0.3;0.7;-0.1;0.1;1.1;1.9;0;253;54;98;57;97816;0.23;0.36;0.39;0.4
2014;12;21;355;7.7;3.6;-0.7;-0.1;-1.9;-3.8;1.8;-0.2;0.1;1.1;1.9;0;252;53;101;82;98503;0.5;0.01;0.39;0.4
2014;12;22;356;6.3;2;-1.6;1.4;-0.7;-3.3;1.7;0.4;0.1;1.1;1.9;0;209;44;76;51;98144;0.17;0;0.39;0.4
2014;12;23;357;9.9;3.6;-1.3;4.1;0.7;-2.3;1.6;0.1;0.1;1.1;1.9;0;249;52;108;70;97989;0.17;0;0.39;0.4
2014;12;24;358;8.4;1.1;-2.5;4.1;-0.8;-3.9;1.5;0.1;0.1;1.1;1.9;0;280;58;109;76;97874;0.15;0;0.39;0.4
2014;12;25;359;6.1;1.7;-2.7;3.4;-0.2;-3.6;1;-0.1;0.1;1.1;1.9;0;185;40;69;41;97921;0.11;1.18;0.39;0.4
2014;12;26;360;4.5;0;-4.1;-1.6;-4.5;-6.1;0.8;-0.6;0.1;1.1;1.9;0;255;54;108;73;98099;0.39;0.03;0.39;0.4
2014;12;27;361;1.1;-1.4;-3.9;-3.7;-4.7;-5.8;-1;1.7;0.1;1.1;1.9;0.32;222;42;84;49;97029;0.05;2.39;0.38;0.4
2014;12;28;362;-1.9;-3.2;-5.8;-3.5;-6.6;-12.1;-1;-3;0.23;1.1;1.9;7.93;78;16;64;30;96799;0.27;8;0.38;0.4
2014;12;29;363;-2.3;-5.2;-8.8;-8.4;-11.5;-13.7;0.7;-1.7;0.26;1.1;1.9;9.98;226;43;105;63;98195;0.26;0.2;0.38;0.4
2014;12;30;364;-2.7;-7;-9.9;-10.9;-12.6;-14.8;-0.3;-2.1;0.26;1.1;1.9;9.88;194;43;111;72;98799;0.23;0.03;0.38;0.4
2014;12;31;365;-4.4;-6.5;-8.8;-10.9;-12.7;-14.7;-0.3;0.2;0.25;1.1;1.9;9.61;246;52;117;65;99199;0.17;0;0.38;0.4
2015;1;1;1;0.3;-2.5;-8.1;-3;-7.9;-15.2;0.6;0.7;0.25;1.1;1.9;9.34;87;13;39;17;99209;0.09;0.02;0.38;0.4
2015;1;2;2;4.1;0.1;-4;1.1;-2;-6.3;1;0.4;0.23;1.1;1.9;8.32;234;48;92;39;98680;0.02;0.24;0.38;0.4
2015;1;3;3;4.8;0.8;-1.7;2;-0.6;-3.1;0.4;0.7;0.21;1.1;1.9;6.88;160;29;50;28;98270;0.05;1.05;0.38;0.4
2015;1;4;4;4.9;1.7;-2.2;-1.7;-4.4;-6.4;2.4;-2.6;0.2;1;1.9;6.8;255;56;111;73;97858;0.54;1.06;0.38;0.4
2015;1;5;5;4.2;2;0;-2.6;-4.5;-6.8;2;-1.7;0.2;1;1.9;6.6;167;33;84;48;98418;0.49;1.38;0.38;0.4
2015;1;6;6;4.2;0.2;-3.1;-1.3;-2.9;-4.9;-0.1;0;0.2;1;1.9;7.02;216;46;95;58;98460;0.24;0.54;0.38;0.4
2015;1;7;7;0;-1.8;-3.5;-3.7;-4.9;-7.2;-0.7;1;0.2;1;1.9;6.7;143;28;43;28;98884;0.14;0.01;0.37;0.4
2015;1;8;8;2.3;-1.6;-3.7;-1.3;-3.2;-4.4;0;0.6;0.19;1;1.9;6.4;192;43;81;42;98871;0.06;0;0.37;0.4
2015;1;9;9;3.9;0.7;-2.5;1.4;-1.1;-4;1.7;0.7;0.19;1;1.9;5.85;152;26;65;35;98222;0;1.42;0.37;0.4
2015;1;10;10;10.4;3.7;0.5;5.2;1.7;-0.5;1.8;1;0.17;1;1.9;4.69;259;50;84;46;97124;0.12;2.39;0.38;0.4
2015;1;11;11;4.3;1.3;-0.5;3.6;0.2;-4.4;1.1;0.1;0.15;1;1.9;3.49;40;8;62;23;97309;0;8.14;0.38;0.4
2015;1;12;12;6.7;1.7;-1.9;-1;-3.3;-5.5;1.7;0.7;0.14;1;1.9;3.07;228;48;84;64;98210;0.41;0.22;0.38;0.4
2015;1;13;13;8.8;1.7;-2.3;2.3;-1.7;-4.6;1.5;0.9;0.13;1;1.9;2.5;301;66;114;73;97906;0.09;0;0.38;0.4
2015;1;14;14;8.4;2.3;-1;3.8;0;-2.4;1.5;0.5;0.13;1;1.9;1.93;288;64;107;60;97494;0.14;0.29;0.38;0.4
2015;1;15;15;7.9;1.9;-3.2;3.1;0;-4.1;0.7;1.2;0.12;1;1.9;1.46;267;57;80;59;97643;0.17;0;0.38;0.4
2015;1;16;16;10.7;5.4;0.7;4.5;2.4;-0.3;1.6;2.3;0.11;1;1.9;0.95;310;67;104;64;97186;0.27;0;0.38;0.4
2015;1;17;17;11.9;7.5;3.2;5.7;4.3;1.8;0.1;2.1;0.11;1;1.9;0.46;211;45;70;49;97104;0.24;0.02;0.38;0.4
2015;1;18;18;5.5;3.8;2.5;2.9;2.1;1.6;-1.1;-0.6;0.1;1;1.9;0.27;122;25;35;16;97536;0.25;0.45;0.38;0.4
2015;1;19;19;4.7;3;1.9;2.3;1.9;1.5;-0.4;0.1;0.1;0.9;1.9;0.21;105;22;39;21;97215;0.22;0.59;0.38;0.4
2015;1;20;20;6.1;2.8;0.6;1.8;1.4;0.4;-0.5;0.7;0.1;0.9;1.9;0.2;216;45;77;33;97000;0.27;0.34;0.38;0.4
2015;1;21;21;4.1;2.4;0.4;2.9;1.6;0.1;0;-0.5;0.1;0.9;1.9;0.16;83;19;29;12;97228;0.17;0.49;0.37;0.4
2015;1;22;22;6.3;4.4;2.9;4.9;3.7;2.3;-0.4;0;0.1;0.9;1.9;0.1;81;19;22;6;97210;0.16;0.21;0.37;0.4
2015;1;23;23;6.1;4.4;3.5;4.3;2.1;-0.6;-0.1;-2.9;0.1;0.9;1.9;0.07;106;21;26;16;97170;1.59;5.74;0.37;0.4
2015;1;24;24;3.3;2.4;1.2;-0.4;-1.8;-3.8;0.6;-2.4;0.1;0.9;1.9;0.35;77;18;37;25;97150;1.03;4.3;0.38;0.4
2015;1;25;25;4.1;2.1;1;-3.5;-5.2;-6.4;0.5;-3.1;0.12;0.9;1.9;1.62;143;31;59;39;97669;0.65;1.01;0.38;0.4
2015;1;26;26;4.5;0.7;-2.6;-3.4;-5.2;-6.9;-0.5;-0.6;0.12;0.9;1.9;1.66;286;64;110;70;98121;0.35;0;0.38;0.4
2015;1;27;27;4.4;-0.2;-2.8;-1.8;-3.9;-5.4;0.7;0;0.13;0.9;1.9;1.72;251;53;88;54;97465;0.14;0.38;0.37;0.4
2015;1;28;28;3.8;-0.4;-3.6;-3.9;-5;-6.6;0.6;0.5;0.12;0.9;1.9;1.6;336;73;112;77;97368;0.17;0;0.37;0.4
2015;1;29;29;2.3;0;-2;-0.7;-2.5;-4.7;-0.1;1.4;0.14;0.9;1.9;2.53;115;24;76;34;95771;0.07;2.47;0.37;0.4
2015;1;30;30;0.8;0.2;-2;0.4;-1.4;-5.1;0.3;0.2;0.24;0.9;1.9;9.54;44;9;37;21;93796;0.1;14.01;0.37;0.4
2015;1;31;31;3.8;-2;-8;-2.7;-5.8;-10.7;0.9;0.7;0.32;0.9;1.9;13.51;291;64;119;64;94504;0.29;0.03;0.37;0.4
2015;2;1;32;2.7;-1.3;-4.8;-1.6;-4.1;-7.8;0.6;-1.1;0.3;0.9;1.9;12.67;192;41;65;30;95084;0.22;2.24;0.37;0.4
2015;2;2;33;4.5;-1.2;-7;-3;-5.3;-8.4;1.4;0.1;0.3;0.9;1.9;12.59;264;59;91;53;95768;0.35;0.15;0.37;0.4
2015;2;3;34;4.3;-0.6;-5;-1.3;-4.3;-8.4;-0.1;0.2;0.28;0.9;1.9;11.07;291;64;115;48;96291;0.28;1;0.38;0.4
2015;2;4;35;2.6;-0.2;-2.4;-1.6;-3.3;-4.7;-0.5;-1.7;0.27;0.9;1.9;10.48;134;33;72;30;96675;0.29;0.23;0.38;0.4
2015;2;5;36;0.5;-1.1;-2.7;-2.9;-4.5;-6.3;-1;-2.2;0.28;0.9;1.9;11.42;140;27;30;21;97383;0.33;2.89;0.37;0.4
2015;2;6;37;0.3;-1.1;-2.3;-5.2;-6.4;-7.9;-0.9;-3.5;0.32;0.8;1.9;14.29;87;20;30;23;97467;0.62;3.67;0.37;0.4
2015;2;7;38;1.1;-2.2;-4.2;-5.2;-7.7;-9.3;-0.3;-0.5;0.34;0.8;1.9;15.72;272;66;111;58;98019;0.47;0.24;0.37;0.4
2015;2;8;39;2.1;-1.5;-4.1;-5.4;-9.2;-11.1;1;-2.5;0.32;0.8;1.9;14.82;237;51;97;55;97299;0.76;0.48;0.37;0.4
2015;2;9;40;1.6;-1.1;-3;-2.5;-6.3;-10.5;1.3;-0.8;0.33;0.8;1.9;15.51;93;22;64;34;97734;0.4;3.46;0.37;0.4
2015;2;10;41;6.5;3.2;1;0.6;-1.3;-3.5;0.8;-0.4;0.33;0.8;1.9;16.02;149;33;51;24;98147;0.16;0.09;0.37;0.4
2015;2;11;42;6.3;2.8;1.1;1.8;0.4;-1.1;-0.6;0.2;0.28;0.8;1.9;12.53;307;68;90;39;98453;0.15;0.11;0.37;0.4
2015;2;12;43;4.6;2.1;-1;0.5;-0.4;-2.5;-0.6;1.2;0.24;0.8;1.9;9.5;205;47;48;25;98507;0.26;0.06;0.38;0.4
2015;2;13;44;6.6;1.6;-1.1;-0.8;-1.7;-2.6;-0.6;1.1;0.21;0.8;1.9;7.53;384;94;122;70;98183;0.33;0;0.38;0.39
2015;2;14;45;8.9;2.9;-1.1;1.7;-0.3;-2.7;0;1.6;0.18;0.8;1.9;5.62;376;86;98;60;97493;0.21;0;0.38;0.39
2015;2;15;46;9.9;3.8;-0.1;2.4;0.6;-0.7;-0.8;1;0.15;0.8;1.9;3.73;344;86;91;59;97483;0.38;0.03;0.38;0.39
2015;2;16;47;8.5;2.6;-1.6;1;-0.6;-2;-0.7;-0.5;0.14;0.8;1.9;2.47;398;98;117;68;98143;0.4;0;0.38;0.39
2015;2;17;48;4.7;1.2;-1.7;-0.3;-1.5;-2.3;-1.1;0;0.13;0.8;1.9;1.87;299;67;71;35;99058;0.28;0.07;0.38;0.39
2015;2;18;49;4.1;1.2;-1.1;-2.2;-2.8;-3.4;-0.3;0.6;0.13;0.8;1.9;1.66;230;58;70;38;99636;0.24;0.03;0.38;0.39
2015;2;19;50;6.9;1.9;-1.5;-0.9;-2.5;-4.4;0.2;0.7;0.12;0.8;1.9;1.32;433;110;114;76;98934;0.37;0;0.37;0.39
2015;2;20;51;9.3;2.7;-1.3;0.6;-2;-3.8;-0.1;0.8;0.12;0.8;1.9;0.96;469;123;131;87;97923;0.42;0;0.37;0.39
2015;2;21;52;10.9;4.6;-0.8;0.9;-1.5;-4.1;2;3;0.12;0.9;1.9;0.65;446;111;110;75;96551;0.6;0;0.37;0.39
2015;2;22;53;7.1;3.6;0;4.9;1.9;-0.9;-0.1;-1.2;0.11;0.9;1.9;0.41;147;31;72;23;96438;0.38;12.49;0.37;0.39
2015;2;23;54;8.6;4.5;2.2;3.9;2.6;1.1;0.2;0.6;0.11;0.9;1.9;0.25;231;47;60;25;96401;0.32;0.35;0.38;0.39
2015;2;24;55;5.5;4;1.6;3.9;2.9;1.5;-0.4;-1.5;0.11;0.9;1.9;0.17;85;23;27;12;96468;0.55;13.67;0.39;0.39
2015;2;25;56;8.1;5.1;2.8;1;-1.4;-3;0.5;-3.4;0.11;0.9;1.9;0.12;313;69;68;36;97199;1.12;1.72;0.39;0.39
2015;2;26;57;9.6;5.5;2.7;0.7;-1.2;-2.3;-0.1;-1.2;0.11;0.9;1.9;0.04;407;106;98;60;97644;0.73;0;0.39;0.39
2015;2;27;58;8.8;4.2;0.3;1.9;0.5;-1.3;-0.5;0.9;0.11;0.9;1.9;0;385;104;89;61;97239;0.52;0;0.39;0.39
2015;2;28;59;8.8;4.4;0;1.4;0.2;-0.9;-0.2;-0.1;0.11;0.9;1.9;0;290;77;77;49;97641;0.46;0.06;0.39;0.39
2015;3;1;60;10.5;5.1;-0.3;2.3;0.6;-1.4;1.1;1.1;0.12;0.9;1.9;0;400;98;81;54;97236;0.56;0.04;0.39;0.39
2015;3;2;61;10.1;4.7;-1.8;6.6;2.5;-2.5;1.5;1.2;0.12;0.9;1.9;0;301;76;81;54;96751;0.69;2.58;0.39;0.39
2015;3;3;62;10.1;3.3;-3.8;-0.9;-5.1;-8.1;1.3;0;0.12;0.9;1.9;0;486;131;122;90;98001;0.96;0;0.39;0.39
2015;3;4;63;10;4.1;-0.4;0.6;-2.4;-5.2;-0.2;-0.7;0.12;1;1.9;0;460;100;100;56;98091;0.67;0.59;0.38;0.39
2015;3;5;64;7.4;4.1;2.1;-3.1;-4.7;-7.3;-1.2;-3.9;0.12;1;1.9;0;427;113;114;69;98465;0.99;0;0.38;0.39
2015;3;6;65;7;3.2;-0.5;-3.5;-5.2;-7;-1;-3.5;0.12;1;1.9;0;434;126;109;89;99020;0.89;0.05;0.38;0.39
2015;3;7;66;8.3;3.2;-1.3;-0.4;-2.8;-4.8;-0.8;-1.3;0.12;1;1.9;0;422;121;108;73;99173;0.67;0;0.38;0.39
2015;3;8;67;8.4;2.8;-2.3;-0.3;-3;-4.3;0;0;0.12;1;1.9;0;557;158;140;94;98916;0.81;0;0.38;0.39
2015;3;9;68;8.3;3.8;-0.7;-0.4;-3;-4.4;0.1;0.2;0.12;1;1.9;0;550;156;127;86;98667;0.77;0;0.38;0.39
2015;3;10;69;11.9;4.4;-2;0.8;-1.6;-3.9;0.7;0.5;0.12;1;1.9;0;556;158;133;87;98334;0.93;0;0.37;0.39
2015;3;11;70;9.1;3.9;-1.1;5.1;-0.7;-4.4;0.9;-2;0.12;1;1.9;0;241;79;78;54;97957;0.94;1.95;0.37;0.39
2015;3;12;71;8.9;5;2.3;-3.1;-3.9;-4.7;0.3;-3.9;0.13;1;1.9;0;448;131;99;69;98134;1.07;0.11;0.37;0.39
2015;3;13;72;8.2;4.4;0.3;0.4;-1.7;-3.9;-0.1;-1.5;0.13;1;1.9;0;360;98;86;59;97862;0.63;0;0.37;0.39
2015;3;14;73;8.4;4.4;0.9;1.2;0.3;-0.7;-0.6;0.4;0.13;1.1;1.9;0;316;88;65;43;98047;0.57;0.13;0.37;0.39
2015;3;15;74;9.4;4.7;0.9;3.5;1.6;0.4;-1.3;0.1;0.13;1.1;1.9;0;386;99;79;48;98666;1;1.33;0.37;0.39
2015;3;16;75;10.7;5.9;1.9;3.8;2.6;1.5;-1;-0.5;0.13;1.1;1.9;0;397;105;80;43;98910;0.71;0.39;0.37;0.39
2015;3;17;76;12.2;6.3;0.9;3.1;2;0.4;-0.9;-0.8;0.13;1.1;1.9;0;556;154;115;75;98851;1.13;0;0.37;0.39
2015;3;18;77;11.6;5.6;-0.4;1.7;0.2;-1.3;-0.5;-0.8;0.13;1.1;1.9;0;516;150;121;78;98390;1.05;0;0.36;0.39
2015;3;19;78;11.1;5.3;-0.6;0.5;-0.7;-2;-0.5;-0.6;0.13;1.1;1.9;0;599;179;141;92;98258;1.21;0;0.36;0.39
2015;3;20;79;10.8;5;-1.4;0.5;-1;-2.7;0;0.6;0.13;1.2;1.9;0;603;179;137;94;98181;1.18;0;0.36;0.39
2015;3;21;80;14;6.3;-1.1;3.1;0.6;-2.5;0.9;1.1;0.13;1.2;1.9;0;605;182;139;89;97396;1.27;0;0.36;0.39
2015;3;22;81;12.6;6.7;1.8;2.2;1.1;-0.2;-0.7;-1.5;0.13;1.2;1.9;0;538;134;106;62;97555;1.03;0.06;0.36;0.39
2015;3;23;82;10.5;5.9;1.3;2.5;0.7;-1.4;-0.8;0.7;0.13;1.2;1.9;0;509;140;96;64;97697;0.96;0.01;0.35;0.39
2015;3;24;83;15.6;8.4;1.3;3.8;2.1;-0.4;0.2;2;0.13;1.2;1.9;0;619;175;132;86;97102;1.35;0;0.35;0.39
2015;3;25;84;13.3;8.4;2.6;9.3;5.4;0.9;-1;0.2;0.13;1.2;1.9;0;298;86;78;43;96681;0.92;6.26;0.35;0.39
2015;3;26;85;15.5;10.3;6.3;9.9;7.6;6;0;0.4;0.14;1.3;1.9;0;344;100;89;41;96598;1.04;2.56;0.36;0.39
2015;3;27;86;9.6;7.2;4.5;5.4;2.7;-1.2;1;-2.6;0.14;1.3;1.9;0;192;54;59;34;96998;1.2;3.93;0.36;0.39
2015;3;28;87;12.5;8;3.2;-0.4;-1.9;-3.2;0.6;-3.3;0.14;1.3;1.9;0;535;168;119;87;97533;1.61;0;0.36;0.39
2015;3;29;88;15.5;8.4;0.2;4.5;1.6;-2.2;0.5;1.4;0.14;1.3;1.9;0;588;146;107;60;96871;1.36;0.01;0.35;0.39
2015;3;30;89;16.2;9.5;5.6;7.3;3;-2.1;1.3;-0.8;0.14;1.3;1.9;0;560;142;107;69;96174;1.85;5.95;0.35;0.39
2015;3;31;90;16.3;9.4;2.8;7.7;3.2;-2.6;1.8;0.9;0.14;1.4;1.9;0;472;132;93;66;96467;1.47;0.93;0.36;0.39
2015;4;1;91;9.1;5.7;0.2;1.8;-4;-7.8;2.9;-2.2;0.14;1.4;1.9;0;626;184;125;98;97097;1.67;0.25;0.35;0.39
2015;4;2;92;12;5.9;0.9;2.4;-3.2;-6.3;2.8;-0.1;0.14;1.4;1.9;0;510;136;103;83;97120;1.64;0.8;0.35;0.39
2015;4;3;93;9.9;5.2;1.1;-1.7;-5.8;-7.8;1.2;-1.7;0.14;1.4;1.9;0;645;205;133;107;97609;1.73;0.03;0.35;0.39
2015;4;4;94;7.1;3.9;-0.2;0.2;-1.9;-5.7;0;-0.6;0.14;1.4;1.9;0;304;86;70;44;97174;0.77;0.32;0.35;0.39
2015;4;5;95;8;4.3;0.6;-0.7;-4;-6.5;-1.2;-3.1;0.14;1.4;1.9;0;635;188;116;88;97466;1.56;0.15;0.35;0.39
2015;4;6;96;8.1;3.8;-0.3;-3;-4.8;-8.4;0.2;-3.4;0.14;1.5;1.9;0;630;196;121;94;97922;1.59;0.3;0.35;0.39
2015;4;7;97;8.7;4.9;1.2;-3.7;-5;-6.1;0.3;-4.3;0.14;1.5;1.9;0;434;148;89;71;98655;1.46;0;0.34;0.39
2015;4;8;98;10.6;7;2.2;3.5;-0.4;-5.3;0.7;-1.7;0.14;1.5;1.9;0;306;88;78;47;98586;0.97;0.06;0.34;0.39
2015;4;9;99;14.6;9.2;4.4;4.2;3.1;2.1;-0.9;0.3;0.15;1.5;1.9;0;602;197;142;84;98788;1.73;0;0.34;0.39
2015;4;10;100;18.7;11.2;3.1;8;5.2;1.6;-0.2;1.4;0.15;1.5;1.9;0;673;214;132;91;98332;1.99;0;0.34;0.39
2015;4;11;101;20.2;12;3.8;9.9;6.6;2.6;0.8;-0.2;0.15;1.6;1.9;0;664;195;133;77;98025;2.16;3.1;0.34;0.39
2015;4;12;102;18;13;5.4;7.8;5.7;3.6;0.1;-0.4;0.15;1.6;1.9;0;543;165;110;79;98688;1.91;0.05;0.34;0.39
2015;4;13;103;21.3;13.6;4.6;7.9;5.7;4;0.5;-1;0.15;1.6;1.9;0;640;205;133;85;98448;2.38;0.31;0.33;0.39
2015;4;14;104;15.1;10.9;7.1;6.1;3.8;0.2;-0.1;0.8;0.15;1.6;1.9;0;512;158;107;68;98532;1.68;0.05;0.33;0.39
2015;4;15;105;22.7;14.6;5.3;7.6;5.1;3.2;1.4;0.9;0.15;1.6;1.9;0;696;227;143;97;97885;2.61;0;0.33;0.39
2015;4;16;106;25.1;16.3;6.9;9.2;6.4;3.3;1.5;0.9;0.15;1.7;1.9;0;700;220;147;95;97262;2.65;0;0.33;0.39
2015;4;17;107;19.3;13.8;9.6;10.2;8.5;6.8;1.7;0.6;0.15;1.7;1.9;0;515;123;95;56;96970;1.68;5.86;0.33;0.39
2015;4;18;108;11.4;8.5;3.9;7.8;0.7;-1.8;-1;-2.7;0.15;1.7;1.9;0;502;165;103;68;97720;2.28;0.8;0.33;0.39
2015;4;19;109;11.3;6.8;1.1;1.3;-0.8;-1.6;-0.1;-0.1;0.15;1.8;1.9;0;433;167;116;84;98034;1.59;0.09;0.33;0.39
2015;4;20;110;17.4;10.3;1;2.8;0.8;-1;1.3;-1.8;0.15;1.8;1.9;0;702;220;137;91;97844;2.42;0;0.32;0.38
2015;4;21;111;18.9;12.7;5;3.9;1.6;-0.3;1.4;-2;0.15;1.8;1.9;0;700;238;144;101;98105;2.65;0;0.32;0.38
2015;4;22;112;20.5;13.8;5.4;4.8;3;1.7;-0.4;-0.2;0.16;1.8;1.9;0;710;229;145;99;97968;2.71;0;0.32;0.38
2015;4;23;113;21;14.1;8.5;6.1;4.6;2.6;-0.2;0.9;0.16;1.9;1.9;0;703;225;139;91;97462;2.71;0.55;0.32;0.38
2015;4;24;114;17.2;12.9;8;7.6;6.1;4.9;0.4;0.8;0.16;1.9;1.9;0;516;174;105;72;97444;1.98;0.13;0.31;0.38
2015;4;25;115;21.3;14.4;5.7;8;6.9;5.3;1;1.8;0.16;1.9;1.9;0;706;241;135;92;97224;2.69;0;0.31;0.38
2015;4;26;116;21.1;16.1;10.6;9.6;8.6;7.3;0.5;1.3;0.16;2;1.9;0;601;198;110;81;96888;2.49;0.33;0.31;0.38
2015;4;27;117;21.7;16;10;10;8.1;6.8;1.6;3;0.16;2;1.9;0;665;217;115;84;96463;2.58;0.08;0.31;0.38
2015;4;28;118;14.3;11.5;8.7;12;7.5;0.7;0.6;-0.8;0.16;2;1.9;0;207;66;69;40;96541;2.07;11.85;0.31;0.38
2015;4;29;119;16.6;11.4;6.2;2.4;0.3;-1.4;-0.4;-1;0.16;2.1;1.9;0;628;217;120;93;97768;2.72;0;0.31;0.38
2015;4;30;120;16.4;11.1;6.4;7.5;4.3;0.7;0.3;0.4;0.16;2.1;1.9;0;548;161;99;70;97500;1.9;1.09;0.31;0.38
2015;5;1;121;17.1;11.6;4.5;8.9;6.7;3.8;1.7;2;0.16;2.1;1.9;0;376;125;69;50;96847;1.75;0.54;0.31;0.38
2015;5;2;122;19;14.5;10.5;11.8;9.2;7.4;-0.1;-0.5;0.16;2.1;1.9;0;637;185;104;56;96861;2.66;5.63;0.31;0.38
2015;5;3;123;18.5;14.1;10.8;12.7;10.7;7.7;-0.1;0.9;0.16;2.2;1.9;0;263;69;41;24;97148;1.25;1.31;0.31;0.38
2015;5;4;124;23.3;17.2;9.3;14.6;12.3;8.8;0;0.8;0.16;2.2;1.9;0;554;173;85;57;97153;2.44;0.01;0.31;0.38
2015;5;5;125;26.9;19.8;12;14.8;12.7;11;1.7;1.7;0.17;2.2;1.9;0;694;233;122;76;96873;3.3;0;0.31;0.38
2015;5;6;126;26.6;18.9;13.8;14.4;12.3;8.7;0.5;-0.1;0.17;2.3;1.9;0;668;206;108;65;97108;3.5;4.83;0.31;0.38
2015;5;7;127;20.7;16.4;11;10.5;8.2;5.9;-0.4;-0.7;0.17;2.3;1.9;0;640;200;124;77;97721;3.05;0.09;0.31;0.38
2015;5;8;128;22.7;17.2;11.2;10.7;8.5;6;-0.7;0.9;0.17;2.3;1.9;0;690;229;130;87;97615;3.16;0.01;0.3;0.38
2015;5;9;129;21.6;16.7;11.3;13.2;10.6;7;0.3;-0.6;0.17;2.4;1.9;0;602;175;104;69;97656;2.5;3.56;0.3;0.38
2015;5;10;130;20.7;16;11.1;9.5;6.7;3;1.4;-2.2;0.17;2.4;1.9;0;583;214;111;86;98227;3.18;0.01;0.3;0.38
2015;5;11;131;20;15.1;10.3;7.8;5.8;3.7;-1.3;-0.6;0.17;2.4;1.9;0;673;250;142;97;98559;3.24;0;0.3;0.38
2015;5;12;132;23.5;17.3;9.5;9.1;6.9;4;0.1;1.8;0.17;2.5;1.9;0;732;251;136;94;98210;3.34;0;0.3;0.38
2015;5;13;133;24.9;18.4;11.7;15.6;12.9;9.5;-0.3;-0.2;0.17;2.5;1.9;0;593;194;104;66;97502;2.79;4.98;0.29;0.38
2015;5;14;134;22.4;17.5;12.4;14.8;11.8;9.5;0.3;-0.7;0.17;2.5;1.9;0;591;192;107;65;96849;3.04;3.93;0.3;0.38
2015;5;15;135;14.7;13.5;11.9;12;10.8;8.7;-1.3;-0.5;0.17;2.5;1.9;0;229;49;29;19;97222;1.51;10.27;0.3;0.38
2015;5;16;136;18.8;14.6;10.4;11.6;10.9;10.2;-0.1;0;0.17;2.6;1.9;0;350;116;83;43;97932;1.87;0.2;0.3;0.38
2015;5;17;137;20.3;15.6;9.6;12.6;10.6;9.1;-0.2;-0.5;0.17;2.6;1.9;0;510;160;84;56;98052;2.36;0.1;0.3;0.37
2015;5;18;138;21.4;16.3;12.5;11.9;11;10.1;-0.4;1;0.17;2.6;1.9;0;461;123;96;49;97480;1.93;0.07;0.3;0.37
2015;5;19;139;26.3;18.7;10.6;14.2;12.1;9.2;0.2;0.5;0.17;2.6;1.9;0;700;239;117;82;96731;3.64;0.78;0.3;0.37
2015;5;20;140;23.5;16.4;9.8;15.2;11.8;6.8;-0.2;-0.2;0.17;2.7;1.9;0;599;186;89;56;96867;3.46;13.54;0.3;0.37
2015;5;21;141;14.1;12;9.5;10;7.4;5.9;0.3;-2.2;0.17;2.7;1.9;0;333;90;64;30;97663;2.84;6.37;0.31;0.37
2015;5;22;142;12.3;11;10.3;8.9;8;6.1;-0.7;-4;0.17;2.7;1.9;0;146;44;34;18;97641;3.17;31.21;0.32;0.37
2015;5;23;143;13;11.5;10.2;11.1;9.4;8;0.7;-1.7;0.17;2.7;1.9;0;155;40;21;13;97165;1.79;36.72;0.36;0.37
2015;5;24;144;16.9;13.5;10.3;9.2;8.7;7.5;0.2;-1.5;0.17;2.7;1.9;0;366;140;90;49;97441;2.41;0.4;0.37;0.37
2015;5;25;145;17.6;14;9;12.2;9.3;6.8;0.9;-0.9;0.17;2.8;1.9;0;323;110;61;48;97059;1.8;1.31;0.36;0.37
2015;5;26;146;18.1;14.9;11.4;9.8;8.4;5.7;1.1;-2.5;0.17;2.8;1.9;0;441;159;78;58;96955;2.91;0.49;0.36;0.37
2015;5;27;147;15.5;12.6;9.2;5.4;4.2;2.8;0.8;-3;0.17;2.8;1.9;0;539;206;101;79;97620;3.4;0.23;0.36;0.37
2015;5;28;148;16.9;12.3;6.1;7.3;5.6;4.3;-0.4;0.2;0.17;2.8;1.9;0;587;204;134;80;97720;3.05;0.13;0.36;0.37
2015;5;29;149;22.2;15.8;6.4;11.1;8.9;5.7;-0.1;1.4;0.17;2.9;1.9;0;702;249;125;89;97376;3.93;0.18;0.35;0.37
2015;5;30;150;22.6;17.1;9.8;13.1;11;8.4;-0.2;-0.4;0.17;2.9;1.9;0;667;220;118;75;97303;3.64;4.15;0.35;0.37
2015;5;31;151;20.3;16.5;13.9;13.2;12.3;11.4;-0.5;0.9;0.17;2.9;1.9;0;484;154;94;52;97762;2.65;3.26;0.35;0.37
2015;6;1;152;24.1;18.8;11.5;15.9;13.8;10.9;0.3;0.6;0.17;2.9;1.9;0;640;219;99;68;97652;3.51;0.42;0.35;0.37
2015;6;2;153;25.4;20.2;11.5;16.8;13.6;11.1;0.1;0.3;0.17;2.9;1.9;0;619;234;104;78;97777;3.94;0.03;0.35;0.37
2015;6;3;154;27.7;21.8;12.7;17.5;14.4;11.9;0.5;0.2;0.17;3;1.9;0;682;240;106;76;98015;4.13;0.02;0.34;0.37
2015;6;4;155;27.4;22.2;16.1;16.7;15.2;13.3;-0.7;-1.3;0.17;3;1.9;0;647;231;101;72;98236;4.2;0.28;0.34;0.37
2015;6;5;156;25.1;20.7;16.1;15.3;13.4;12;-1.2;-0.4;0.17;3;1.9;0;683;253;116;81;98270;4.28;0;0.33;0.37
2015;6;6;157;27.4;22.4;16.7;17.2;15.2;13.2;-0.7;0.6;0.17;3;1.9;0;707;260;110;80;98172;4.31;0;0.33;0.37
2015;6;7;158;27.9;22.8;16.5;17;14.5;11.8;-1.1;0.2;0.17;3;1.9;0;659;241;118;77;98208;4.25;0;0.33;0.37
2015;6;8;159;27.5;22.3;14.9;15.8;13.2;11.2;-0.7;0.4;0.17;3.1;1.9;0;693;257;124;85;97774;4.47;0.23;0.32;0.37
2015;6;9;160;25.1;20.2;15.2;15.7;14.6;12.9;-0.6;-1.4;0.17;3.1;1.9;0;613;223;103;68;97657;3.99;2.75;0.32;0.37
2015;6;10;161;25.3;20.5;14.9;15.7;13.8;12.5;-0.4;-1;0.17;3.1;1.9;0;640;235;114;75;97944;4.03;0.13;0.32;0.37
2015;6;11;162;25.9;21.5;16;17.1;15.1;13.3;-0.8;0.1;0.17;3.1;1.9;0;658;227;96;68;97747;3.77;0.43;0.31;0.37
2015;6;12;163;29.3;23.5;17.8;17.7;14.1;11.1;0.5;2.2;0.17;3.2;1.9;0;695;250;113;84;97385;4.49;0.23;0.31;0.37
2015;6;13;164;29.9;24;17.9;16.6;13.8;12.3;2.6;2.2;0.17;3.2;1.9;0;704;253;115;86;97090;4.66;0.56;0.31;0.37
2015;6;14;165;27.4;22.4;17.3;17.6;15.5;14.2;1;1.5;0.17;3.2;1.9;0;580;196;100;73;96998;3.65;1.97;0.3;0.37
2015;6;15;166;25.5;20.4;16.8;17;14.9;13.1;0.9;0.2;0.17;3.2;1.9;0;501;166;86;57;97034;3.08;5.4;0.3;0.37
2015;6;16;167;18;16.7;15.3;14.8;12.8;11.6;0;-1.2;0.17;3.2;1.9;0;264;84;42;31;97623;2.27;4.28;0.3;0.37
2015;6;17;168;19.4;15.8;12.5;10.5;6.8;4.6;-0.7;-2.9;0.17;3.2;1.9;0;529;189;87;63;97780;3.85;0.09;0.3;0.37
2015;6;18;169;21.9;17.1;9.8;13.5;9;6.5;0.5;-0.8;0.17;3.3;1.9;0;607;179;109;63;97454;2.93;0;0.3;0.37
2015;6;19;170;20.8;16.9;11.7;14.2;12.1;10.4;0.1;-0.5;0.17;3.3;1.9;0;456;136;76;54;97212;2.2;2.07;0.3;0.37
2015;6;20;171;18;13.6;9.3;10.5;8.7;5.8;1;-0.5;0.17;3.3;1.9;0;499;172;92;74;97477;3.06;5.02;0.3;0.37
2015;6;21;172;19.5;14.7;8.1;9.1;6.5;4.5;1.1;-0.5;0.17;3.3;1.9;0;668;235;113;84;97662;3.64;0.11;0.3;0.37
2015;6;22;173;23.5;17.9;10.4;12.3;10.8;8.7;0.8;1.6;0.17;3.3;1.9;0;646;225;105;74;97350;3.59;0.16;0.3;0.36
2015;6;23;174;17;14.1;11.5;13.6;11.3;9.1;0;0.5;0.17;3.3;1.9;0;158;44;52;36;97156;1.19;29.92;0.31;0.36
2015;6;24;175;19.3;14.8;10.8;11.5;10.1;8.9;0.1;-0.2;0.17;3.3;1.9;0;660;204;112;69;97941;3.52;0.96;0.32;0.36
2015;6;25;176;21;16.3;8.8;12.8;10;8.7;0;-0.2;0.17;3.4;1.9;0;515;204;101;67;98150;3.43;0.11;0.32;0.36
2015;6;26;177;22.7;18.4;12.5;13.4;10.4;8.9;-0.2;-1.1;0.17;3.4;1.9;0;532;205;99;70;97915;3.76;0.09;0.32;0.36
2015;6;27;178;24.3;18.3;12.4;16.9;13.7;10.4;0.9;-0.1;0.17;3.4;1.9;0;495;152;76;55;97611;2.67;4.39;0.31;0.36
2015;6;28;179;23.1;18.7;13;14.6;12.6;9.9;0.7;-1.9;0.17;3.4;1.9;0;652;223;100;73;97757;4.23;0.32;0.31;0.36
2015;6;29;180;23;18.8;12.8;14.3;12.1;10;0;-0.4;0.17;3.4;1.9;0;527;196;86;69;98045;3.4;0.1;0.31;0.36
2015;6;30;181;24.2;20.1;13.1;16.7;14.3;12.3;0.1;-0.1;0.17;3.4;1.9;0;534;211;91;67;98039;3.6;0.09;0.31;0.36
2015;7;1;182;26.6;21.8;14.3;17.6;15.4;13.7;0;0.8;0.17;3.4;1.9;0;590;205;90;63;98052;3.73;0.07;0.3;0.36
2015;7;2;183;28.6;24.1;17.7;18.6;15.9;14.1;-0.3;0.7;0.17;3.5;1.9;0;619;213;84;58;98177;3.95;0.01;0.3;0.36
2015;7;3;184;27.5;23.3;18.2;18.4;16.3;14.9;-1.3;0.2;0.17;3.5;1.9;0;579;220;87;61;98473;4.06;0;0.3;0.36
2015;7;4;185;28.5;24.3;20;18;14.3;12.7;-0.5;0.5;0.17;3.5;1.9;0;633;244;114;77;98280;4.33;0;0.29;0.36
2015;7;5;186;30.8;24.7;16;18;15.5;13.3;0.1;0.7;0.17;3.5;1.9;0;722;269;125;87;97851;4.74;0;0.29;0.36
2015;7;6;187;33.1;26.1;18.2;21.9;18.5;15.6;0.2;-0.4;0.17;3.5;1.9;0;660;243;102;71;97700;4.4;0.39;0.29;0.36
2015;7;7;188;34.5;27.8;19.8;22.1;19.6;17.5;0.2;1.6;0.17;3.5;1.9;0;694;249;95;69;97390;4.53;0.1;0.28;0.36
2015;7;8;189;29.9;23.8;17.8;21.5;19.2;16.1;0.3;-0.1;0.17;3.5;1.9;0;583;181;86;57;96910;3.96;29.12;0.29;0.36
2015;7;9;190;23.2;19.2;15.1;15.7;13.3;10.9;0.5;-0.2;0.17;3.6;1.9;0;480;172;102;64;97562;3.64;2.27;0.3;0.36
2015;7;10;191;22.9;18.2;12.3;13.7;10.7;8.9;0.2;0.5;0.17;3.6;1.9;0;609;226;117;86;97983;3.98;0.16;0.3;0.36
2015;7;11;192;26.3;20.4;13.5;16.8;13.5;10.5;-0.3;0.2;0.17;3.6;1.9;0;711;257;107;80;97699;4.47;0.07;0.3;0.36
2015;7;12;193;29.5;23.1;15.4;17.5;15.2;11.9;0.2;0.1;0.17;3.6;1.9;0;607;228;102;73;97491;4.36;0.32;0.29;0.36
2015;7;13;194;23.7;20.8;18.2;17.2;15.1;12.7;0.6;-0.2;0.17;3.6;1.9;0;344;114;68;43;97556;2.67;3.47;0.29;0.36
2015;7;14;195;26.5;21.7;16.7;18.7;16.7;15.4;0.1;0.3;0.17;3.6;1.9;0;607;185;84;54;97639;3.43;0.2;0.29;0.36
2015;7;15;196;27.5;23.2;17.8;19.3;17.6;16.3;-0.3;-0.2;0.17;3.6;1.9;0;592;202;87;60;97800;3.68;1.25;0.29;0.36
2015;7;16;197;28.5;24;18.2;21.5;19.2;17.3;0;0.1;0.17;3.6;1.9;0;605;198;78;54;97832;3.75;0.51;0.29;0.36
2015;7;17;198;32.6;26.2;18.8;22.2;20.1;17.8;-0.1;-0.1;0.17;3.6;1.9;0;655;234;98;61;97651;4.34;0.87;0.28;0.36
2015;7;18;199;28.4;25.1;20.6;22.5;20.5;19.4;0.2;0.1;0.17;3.6;1.9;0;568;210;95;66;97646;3.97;2.7;0.28;0.36
2015;7;19;200;33.5;26.5;18.3;21.9;18.8;16;0.6;0.8;0.17;3.6;1.9;0;665;241;103;75;97211;4.44;0.06;0.28;0.36
2015;7;20;201;29.2;25.2;20.6;19.6;17.8;16.7;0;0;0.17;3.6;1.9;0;644;207;91;62;97364;3.82;0.07;0.28;0.35
2015;7;21;202;31.1;26.7;21.9;20.8;19.1;17.1;0.3;0.3;0.17;3.6;1.9;0;632;216;87;62;97542;3.88;0.22;0.27;0.35
2015;7;22;203;32.7;27.2;20;21.3;19.5;17.5;-0.3;0.8;0.17;3.6;1.9;0;665;243;101;69;97381;4.41;0.06;0.27;0.35
2015;7;23;204;29.3;25.3;21.3;20.4;18.9;17.3;0.1;-1.2;0.17;3.6;1.9;0;565;184;83;55;97200;3.94;4.41;0.27;0.35
2015;7;24;205;29;24.6;19.6;21.2;19.3;18;0.1;-0.2;0.17;3.6;1.9;0;646;219;92;63;97129;4.07;3.35;0.27;0.35
2015;7;25;206;29.7;23.4;19;20;18.8;12.6;0.9;-0.1;0.17;3.6;1.9;0;650;198;93;58;96798;4.55;12.86;0.27;0.35
2015;7;26;207;20.5;18.6;16.2;13.9;12.1;9;0;0.4;0.17;3.6;1.9;0;429;116;93;47;97322;2.75;1.2;0.28;0.35
2015;7;27;208;20.1;17.7;15;16.7;15.1;13.1;-0.1;0.4;0.17;3.6;1.9;0;257;80;57;38;96808;1.91;9.4;0.28;0.35
2015;7;28;209;20.2;17.8;14.9;16.1;15.1;14;0;-0.4;0.17;3.6;1.9;0;170;58;52;31;96998;1.13;0.24;0.28;0.35
2015;7;29;210;18.2;16.7;15.8;14.8;13.6;12.4;0;-0.9;0.17;3.6;1.9;0;211;57;42;24;97084;1.47;8.63;0.29;0.35
2015;7;30;211;16.3;15.9;15.4;14.4;13.1;12;0;-0.1;0.17;3.6;1.9;0;136;44;33;21;97405;1.24;7.24;0.3;0.35
2015;7;31;212;22.2;18.4;15;12.5;10.2;8.7;0.4;-0.8;0.17;3.6;1.9;0;667;166;108;60;97646;3.22;0.05;0.29;0.35
2015;8;1;213;24.5;19.1;11.2;15.4;12.4;9.4;-0.4;1;0.17;3.6;1.9;0;622;220;110;72;97621;3.89;1.26;0.29;0.35
2015;8;2;214;22.7;19.3;16.4;18.7;16.5;14.8;-0.5;-1.1;0.17;3.6;1.9;0;385;120;44;31;97720;2.71;8.28;0.29;0.35
2015;8;3;215;26.2;21.6;16.3;19.2;16.9;14.8;-0.1;-0.8;0.17;3.6;1.9;0;591;190;89;53;97798;3.6;0.65;0.29;0.35
2015;8;4;216;27.5;23;16.7;20.1;18.2;15.8;0;0.4;0.17;3.6;1.9;0;629;204;89;63;97527;3.68;0.28;0.29;0.35
2015;8;5;217;28.9;24.6;18.4;20.5;17.3;16.3;0.1;-0.3;0.17;3.6;1.9;0;645;222;100;68;97651;4.15;0.01;0.29;0.35
2015;8;6;218;30.7;25;16.8;20.7;18.4;16.1;0.2;0.2;0.17;3.6;1.9;0;647;227;99;72;97679;4.16;0;0.29;0.35
2015;8;7;219;30.6;25.8;18.1;21.1;18.5;17;-0.3;0.1;0.17;3.5;1.9;0;608;214;90;66;97738;4;0.07;0.28;0.35
2015;8;8;220;31.7;26.3;21.1;20.6;17.8;15.2;-0.4;0.1;0.17;3.5;1.9;0;664;221;108;70;97765;4.1;0.05;0.28;0.35
2015;8;9;221;31.1;25.7;19;20.5;16.7;13.8;-0.3;0.6;0.17;3.5;1.9;0;654;220;111;77;97660;4.04;0;0.27;0.35
2015;8;10;222;29.2;24.9;19.5;18.5;15.3;13.6;0.2;-0.3;0.17;3.5;1.9;0;571;200;101;79;97454;3.6;0;0.27;0.35
2015;8;11;223;30.3;24.6;17;17.6;14.6;12;0.5;-0.4;0.17;3.5;1.9;0;676;207;113;78;97421;3.63;0;0.27;0.35
2015;8;12;224;31.8;25.4;17.5;17;14.5;11.7;0.7;-0.2;0.17;3.5;1.9;0;627;217;121;82;97634;3.79;0;0.26;0.35
2015;8;13;225;33.1;26.4;17.8;18.3;14.8;11.2;0.1;0.2;0.17;3.5;1.9;0;682;220;126;82;97477;3.72;0;0.26;0.35
2015;8;14;226;31.9;26.7;22.2;19.1;16.5;14.8;-0.6;0.9;0.17;3.5;1.9;0;649;206;107;73;97062;3.5;0.11;0.26;0.35
2015;8;15;227;31.1;25.4;19.7;19.8;17;14.2;0.2;0.4;0.17;3.5;1.9;0;627;200;115;70;96775;3.43;1.57;0.26;0.35
2015;8;16;228;27.6;23;19;18.5;17;14.6;-0.1;0;0.17;3.5;1.9;0;571;163;93;56;96692;3.05;11.98;0.26;0.35
2015;8;17;229;21.1;19;17.5;17;15.6;14.3;0.9;-1.3;0.17;3.5;1.9;0;222;63;54;25;96700;2.32;43.39;0.29;0.35
2015;8;18;230;22.9;19.5;15.8;14.9;13.5;12.4;0;0;0.16;3.4;1.9;0;566;157;83;59;97223;3.09;0.02;0.3;0.34
2015;8;19;231;22.1;18.6;16.3;15.5;14.8;13.9;-0.2;-0.2;0.16;3.4;1.9;0;424;126;66;44;97471;2.35;4.04;0.3;0.34
2015;8;20;232;19.3;17.1;15.7;14;13.5;13.1;-0.1;-2.1;0.16;3.4;1.9;0;290;75;49;27;97926;2.44;3.98;0.3;0.34
2015;8;21;233;20.7;17.3;14.8;13.9;13;12.3;0.1;-1.2;0.16;3.4;1.9;0;473;137;87;51;98174;2.4;0.54;0.3;0.34
2015;8;22;234;21.5;17.4;12;13.7;12.1;10.8;-0.4;-0.8;0.16;3.4;1.9;0;525;175;98;73;97870;3.05;0.27;0.3;0.34
2015;8;23;235;21.6;17.2;12.2;15.4;13.8;12.1;-1;1.8;0.16;3.3;1.9;0;492;152;84;60;97466;2.58;0.82;0.29;0.34
2015;8;24;236;25.7;20.2;15.3;15.4;13.8;12.9;0;2.8;0.16;3.3;1.9;0;662;201;102;69;97251;3.78;0.21;0.29;0.34
2015;8;25;237;20.6;17.8;15.3;16.5;13.7;12;0.2;-0.7;0.16;3.3;1.9;0;276;72;57;34;97668;1.93;3.52;0.29;0.34
2015;8;26;238;23.8;19.2;14.9;14.6;13.2;11.7;0;0.4;0.16;3.3;1.9;0;657;196;112;68;97966;3.37;0;0.29;0.34
2015;8;27;239;26.3;20.6;14.4;18.2;16.3;13.1;-0.3;1.7;0.16;3.2;1.9;0;656;216;113;81;97672;3.32;0;0.29;0.34
2015;8;28;240;29;22.6;14.9;18.8;17;14.3;0.4;0.2;0.16;3.2;1.9;0;652;215;112;80;97766;3.33;0;0.28;0.34
2015;8;29;241;30.9;24.1;16.1;19.9;17.4;15.3;-0.1;0.4;0.16;3.2;1.9;0;639;211;117;79;98155;3.47;0;0.28;0.34
2015;8;30;242;31.1;24.8;18.7;20.1;18.3;16.5;0;1.5;0.16;3.2;1.9;0;642;211;114;82;97992;3.48;0;0.28;0.34
2015;8;31;243;30.4;24.3;17.6;20.2;16.5;13.5;0.7;1.8;0.16;3.1;1.9;0;654;213;135;92;97487;3.56;0;0.28;0.34
2015;9;1;244;30.9;23.9;17.3;19.2;15;11.4;1.5;1.7;0.16;3.1;1.9;0;629;212;127;91;97003;3.58;0;0.27;0.34
2015;9;2;245;23.6;20.5;16.9;15.9;14.5;13.7;-0.4;-0.8;0.16;3.1;1.9;0;413;122;75;54;97296;2.12;0.36;0.27;0.34
2015;9;3;246;21.4;18.4;16;16.3;14.6;13.3;-0.7;0.2;0.16;3.1;1.9;0;325;91;62;41;97276;1.65;1.17;0.27;0.34
2015;9;4;247;21.4;18.4;15.6;15;12.9;11.1;0.3;-0.3;0.16;3.1;1.9;0;463;111;77;43;97341;1.88;3.21;0.27;0.34
2015;9;5;248;17.5;15.4;12.4;14.9;12.8;8.4;0.1;-1.3;0.16;3;1.9;0;255;50;35;20;97227;2.2;13.7;0.27;0.34
2015;9;6;249;18.9;14;9.9;10.2;7.6;4.7;1.4;-0.4;0.16;3;1.9;0;546;168;110;77;97739;3.08;2.96;0.28;0.34
2015;9;7;250;17.9;13.3;7.2;7.6;4.9;2.5;1;-0.8;0.16;3;1.9;0;539;153;115;75;98092;2.33;0.19;0.28;0.34
2015;9;8;251;17.3;13.7;10.1;9.6;8;6.4;0.2;0.1;0.16;3;1.9;0;424;130;100;64;98136;1.89;0.43;0.28;0.34
2015;9;9;252;17.6;13.8;8.4;9.9;8;6.6;-0.3;-0.8;0.15;2.9;1.9;0;458;144;91;68;97955;2.03;0.2;0.28;0.34
2015;9;10;253;17.8;14.1;10.1;10.6;8.3;6.3;-0.8;-1.2;0.15;2.9;1.9;0;541;141;102;60;97856;2.04;0.2;0.28;0.34
2015;9;11;254;17.9;14.7;12.5;12.2;11.3;10;-0.7;0.5;0.15;2.9;1.9;0;425;104;92;47;97945;1.46;0.62;0.28;0.34
2015;9;12;255;22.4;16.4;9.7;13.1;11.8;9.3;-0.3;1;0.15;2.9;1.9;0;607;188;123;84;97942;2.39;0;0.27;0.34
2015;9;13;256;22.8;17.5;11.4;14.1;12.5;10.4;-0.5;2;0.15;2.9;1.9;0;487;130;81;60;97612;2.04;0.99;0.27;0.34
2015;9;14;257;24.2;19.1;15.3;15.9;14.3;12.3;0.2;2.5;0.15;2.8;1.9;0;415;105;70;54;97029;2.02;1.08;0.27;0.34
2015;9;15;258;24.8;19.5;14;17.3;15.5;13.8;0.4;1.8;0.15;2.8;1.9;0;359;105;78;50;97076;1.63;0.25;0.27;0.34
2015;9;16;259;26.3;21.2;16.6;17.4;16;14.3;1.1;3.3;0.15;2.8;1.9;0;442;138;88;63;96779;2.21;0.32;0.27;0.34
2015;9;17;260;28.4;22.8;18.5;18.4;16.7;15.1;1.3;2.6;0.15;2.7;1.9;0;489;140;95;70;96753;2.23;0;0.27;0.34
2015;9;18;261;24.7;20.1;16.3;17.8;13.4;10.1;-0.6;-0.6;0.15;2.7;1.9;0;461;136;90;58;97511;2.07;0.8;0.27;0.34
2015;9;19;262;20;17.5;14.4;13.6;12.7;11.6;0;-1.2;0.15;2.6;1.9;0;341;98;65;44;97779;1.9;4.11;0.27;0.34
2015;9;20;263;20.2;16.3;11.8;12.5;9.3;7;0.8;-2.4;0.15;2.6;1.9;0;487;127;104;68;97686;2.34;0.63;0.27;0.34
2015;9;21;264;18.2;13.8;8.4;8.4;6.4;4.7;-0.2;-0.5;0.15;2.6;1.9;0;518;136;111;79;97640;1.73;0;0.27;0.34
2015;9;22;265;19.4;14.6;9.8;9.8;8;5.7;-0.4;1.6;0.15;2.5;1.9;0;574;161;123;78;96979;1.83;0;0.26;0.34
2015;9;23;266;20.6;14.4;10.4;12.2;9.8;7.4;0.3;-0.4;0.15;2.5;1.9;0;399;115;82;53;96827;2.02;3;0.26;0.34
2015;9;24;267;16.3;12.8;10.1;11.9;9.3;7.2;1.6;-1.8;0.15;2.4;1.9;0;337;92;57;34;97432;2.85;15.89;0.27;0.34
2015;9;25;268;13.9;13;11.9;11.6;10.1;8;1.4;-2.5;0.15;2.4;1.9;0;93;27;39;22;97517;2.11;29.21;0.29;0.34
2015;9;26;269;17.2;14.1;12.3;10.8;9;5.9;0.1;-2.4;0.15;2.4;1.9;0;309;73;60;32;97868;1.94;1.78;0.31;0.34
2015;9;27;270;15.4;13.2;11;7.2;5.7;4.3;-0.3;-2.6;0.15;2.3;1.9;0;168;47;69;43;98419;1.08;0;0.3;0.34
2015;9;28;271;15.8;12.4;10.1;5.8;3.9;2.4;-0.8;-3.3;0.15;2.3;1.9;0;456;122;100;75;98769;1.94;0;0.3;0.34
2015;9;29;272;14.7;11.7;8.7;5.7;4.4;2.4;-0.8;-2.6;0.15;2.2;1.9;0;358;93;90;62;98837;1.48;0.19;0.3;0.34
2015;9;30;273;13.5;10.7;8.2;5.9;4.1;2.8;-1.6;-1.8;0.15;2.2;1.9;0;415;107;88;64;98894;1.6;0.36;0.3;0.34
2015;10;1;274;14.8;10.1;5.2;6.4;4.4;2.1;-0.4;-1;0.15;2.2;1.9;0;532;146;123;81;98887;1.54;0;0.3;0.33
2015;10;2;275;16.4;11.4;5.7;8.6;6.8;4.2;-0.2;0.6;0.14;2.1;1.9;0;478;132;107;73;98598;1.38;0;0.3;0.33
2015;10;3;276;19.3;13.1;7.3;13.1;10.3;6.3;0.2;1.7;0.14;2.1;1.9;0;455;114;91;63;98008;1.36;1.75;0.3;0.33
2015;10;4;277;20.3;15;10.4;12.4;11.3;9.8;1.3;1.7;0.14;2;1.9;0;428;112;85;62;97637;1.4;0.02;0.3;0.33
2015;10;5;278;19.1;14.1;8.6;11.3;10;8;0.3;0;0.14;2;1.9;0;492;128;104;70;97539;1.42;0;0.3;0.33
2015;10;6;279;18.6;14.4;10.2;13.9;11.8;9.1;-0.2;0.5;0.14;2;1.9;0;333;81;71;41;97061;0.87;4.42;0.3;0.33
2015;10;7;280;16.2;14.1;12.5;14.2;13.1;12.1;-0.6;-0.5;0.14;1.9;1.9;0;181;44;55;21;97129;0.77;10.59;0.31;0.33
2015;10;8;281;15.1;13.5;12.3;13;12.2;11.7;0.5;-0.4;0.14;1.9;1.9;0;90;27;27;19;97565;0.53;5.7;0.31;0.33
2015;10;9;282;15.8;13.4;12.1;12;11.7;11.3;-0.2;0.3;0.14;1.8;1.9;0;238;53;57;25;97779;0.83;1.12;0.31;0.33
2015;10;10;283;12.6;11.5;10;11.5;10.5;9.5;-1.6;-1.3;0.14;1.8;1.9;0;96;18;18;10;97449;0.88;12.89;0.31;0.33
2015;10;11;284;9.9;8.7;6.6;9.3;6.7;2.8;-0.8;-3;0.14;1.8;1.9;0;56;14;52;14;96970;1.81;27.56;0.34;0.33
2015;10;12;285;10.6;7.1;3.3;4.4;2.9;0.5;-0.7;0.5;0.14;1.7;1.9;0;380;104;95;61;97557;1.01;0;0.35;0.33
2015;10;13;286;9.2;7.7;5.7;8.2;5.9;2.6;-1.1;0.1;0.14;1.7;1.9;0;188;39;38;19;97568;0.79;7.5;0.35;0.33
2015;10;14;287;9;8.6;8.1;8.6;8.1;7.5;-0.9;-1.4;0.14;1.6;1.9;0;38;10;10;8;97224;0.48;33.21;0.37;0.33
2015;10;15;288;11.7;10.3;8.2;11.6;9.9;7.8;0.3;-0.8;0.14;1.6;1.9;0;70;17;10;5;97022;0.36;19.94;0.39;0.33
2015;10;16;289;13.5;10.7;6.6;12.3;9.9;5.8;-0.3;0.5;0.14;1.6;1.9;0;195;39;80;32;97305;0.53;4.55;0.4;0.34
2015;10;17;290;12;8.4;5.9;6.9;6;5.1;-0.6;0.2;0.14;1.6;1.9;0;277;61;81;46;97686;0.86;0.7;0.4;0.34
2015;10;18;291;14.2;9.5;5.3;8.5;6.8;5.1;-0.3;0.3;0.14;1.6;1.9;0;366;77;77;45;97591;0.75;0.44;0.4;0.34
2015;10;19;292;8.5;7.6;6.1;7.7;6.2;4.3;0.5;-1.9;0.14;1.5;1.9;0;67;15;39;16;97470;1.13;29.41;0.41;0.34
2015;10;20;293;12.6;8.3;4.9;5;3.2;1.6;0.9;-1.3;0.13;1.5;1.9;0;355;81;81;52;97623;1.26;2.32;0.42;0.34
2015;10;21;294;12.3;7.8;4.1;5.7;3.8;2.1;0.4;-0.1;0.13;1.5;1.9;0;335;81;80;52;97758;0.73;0.03;0.41;0.34
2015;10;22;295;11.6;7.7;3.3;5;4.1;2.6;0;-0.9;0.13;1.5;1.9;0;267;68;82;53;97603;0.67;0.26;0.41;0.34
2015;10;23;296;13;8.5;4.6;7.7;5.4;3.1;0.8;0.1;0.13;1.5;1.9;0;185;45;74;36;98085;0.42;0.01;0.4;0.35
2015;10;24;297;14.2;7.9;2.5;8.1;5.7;2.4;0.4;0.7;0.13;1.5;1.9;0;412;104;126;77;98195;0.76;0;0.4;0.35
2015;10;25;298;15.1;8.6;2;8.8;5.7;1.4;0.2;0;0.13;1.5;1.9;0;339;90;108;62;98174;0.73;0;0.4;0.35
2015;10;26;299;14.7;10.6;7;9.4;7.9;6.2;-0.4;0.4;0.13;1.4;1.9;0;297;63;62;35;98294;0.55;0.07;0.39;0.35
2015;10;27;300;12.8;9.8;7.4;8.7;8;7.1;-1;1.1;0.13;1.4;1.9;0;247;61;68;38;98110;0.5;0.08;0.39;0.35
2015;10;28;301;12.8;9.2;7.1;8.6;7.7;7;-0.6;1.3;0.13;1.4;1.9;0;225;54;62;33;97708;0.48;0.58;0.39;0.35
2015;10;29;302;12.3;9.4;6.4;9.2;8;6.4;-0.6;-0.4;0.13;1.4;1.9;0;216;41;39;18;97755;0.51;1.12;0.39;0.35
2015;10;30;303;12.9;9.9;6.4;8.6;7.3;4.7;-0.2;-0.6;0.13;1.4;1.9;0;270;67;89;52;98676;0.58;0.05;0.39;0.35
2015;10;31;304;12.5;7.5;3;6.6;5;2.6;-0.1;-0.6;0.13;1.4;1.9;0;393;89;119;69;99351;0.64;0;0.38;0.35
2015;11;1;305;10.4;6;1.1;3.7;0.7;-1;0;-0.4;0.12;1.4;1.9;0;414;99;136;84;99660;0.76;0;0.38;0.35
2015;11;2;306;9.7;3.7;-0.9;3.6;0.3;-2.5;0.4;0.6;0.12;1.4;1.9;0;421;105;133;92;99149;0.58;0;0.38;0.35
2015;11;3;307;11.4;3.7;-1.3;3.8;-0.1;-3.3;0.4;0.4;0.12;1.3;1.9;0;416;103;125;83;98417;0.62;0;0.38;0.36
2015;11;4;308;12.4;6.1;-0.4;6;2.8;-1.3;0.3;-0.2;0.12;1.3;1.9;0;383;93;105;64;98058;0.6;0;0.38;0.36
2015;11;5;309;14.2;7.4;0.6;7.6;4.4;0.1;0.3;-0.2;0.12;1.3;1.9;0;377;92;110;68;98073;0.61;0;0.37;0.36
2015;11;6;310;15.5;7.3;0;8.5;4.3;-0.5;0.7;0;0.12;1.3;1.9;0;374;90;114;71;98364;0.61;0;0.37;0.36
2015;11;7;311;16.3;8.8;2.2;9.6;5.8;1.1;1.2;0;0.12;1.3;1.9;0;270;64;67;44;98562;0.46;0.03;0.37;0.36
2015;11;8;312;19.8;11.8;5.7;13.2;8.9;5.1;0.6;0;0.12;1.3;1.9;0;347;84;105;57;98702;0.63;0;0.37;0.36
2015;11;9;313;17.9;10.8;4.6;13.1;8.8;4;0.9;0;0.12;1.3;1.9;0;301;68;92;54;98262;0.4;0.03;0.37;0.36
2015;11;10;314;19.9;12.5;8.4;12;9.3;6.9;1.4;0;0.12;1.2;1.9;0;322;74;101;54;98163;0.68;0.88;0.37;0.36
2015;11;11;315;18.5;11.6;5.6;10.8;7.5;4.6;0.7;-0.1;0.12;1.2;1.9;0;360;85;116;68;98312;0.71;0.16;0.37;0.36
2015;11;12;316;17.4;9.7;3.5;10.6;7.1;3.1;0.1;-0.1;0.12;1.2;1.9;0;356;84;114;73;98529;0.54;0;0.37;0.36
2015;11;13;317;13.7;8.6;4.7;9.4;6.9;4.6;0.4;0;0.11;1.2;1.9;0;328;74;103;61;98477;0.45;0;0.37;0.36
2015;11;14;318;13;7.7;2.8;7.4;5;2.6;0.3;0.2;0.11;1.2;1.9;0;312;67;97;52;98437;0.49;1.47;0.36;0.36
2015;11;15;319;14;9.4;6.6;8.4;7;6;1.2;0.8;0.11;1.2;1.9;0;256;57;97;48;97555;0.5;0.24;0.36;0.36
2015;11;16;320;17.3;9.9;4.5;10.9;6.7;3.7;1.2;0.2;0.11;1.2;1.9;0;332;78;115;69;97554;0.56;0;0.36;0.36
2015;11;17;321;14.1;7.8;2.7;8.2;5.2;1.9;0.7;-0.2;0.11;1.2;1.9;0;247;54;96;53;97545;0.32;0;0.36;0.36
2015;11;18;322;16.8;9.8;5.1;8.8;6.2;4.3;1.2;0.4;0.11;1.2;1.9;0;341;78;119;70;97516;0.56;0;0.36;0.36
2015;11;19;323;14.6;7.1;1.8;7.7;4.4;1.2;1;0.2;0.11;1.2;1.9;0;333;73;117;71;97666;0.46;0;0.36;0.36
2015;11;20;324;12.3;9.1;5.1;7.4;6.1;4;1.7;1.4;0.11;1.2;1.9;0;209;39;66;41;96531;0.3;0.04;0.36;0.36
2015;11;21;325;10.3;5;2;7.2;3.7;1.6;-0.3;-0.8;0.11;1.2;1.9;0;50;12;34;26;95508;0.67;11.94;0.37;0.36
2015;11;22;326;5.7;2.9;0.1;1.3;-1.2;-3.7;0.8;-0.2;0.11;1.2;1.9;0;162;37;98;55;96180;0.44;0.64;0.37;0.36
2015;11;23;327;5.3;1.7;-1.3;0;-2.2;-4.6;0.1;0.3;0.11;1.2;1.9;0;296;62;103;69;97890;0.33;0.12;0.37;0.36
2015;11;24;328;3.9;0.2;-2.2;-0.8;-2.7;-3.5;-0.2;0.4;0.11;1.2;1.9;0;273;54;97;66;98227;0.27;0;0.37;0.36
2015;11;25;329;2.8;-0.1;-2.6;-1.3;-2.4;-3.6;-0.3;0.7;0.11;1.2;1.9;0.04;252;54;76;48;97066;0.2;0.41;0.37;0.36
2015;11;26;330;4.4;1.4;-0.7;-1.2;-1.6;-2;-0.2;-1.5;0.13;1.2;1.9;1.31;145;32;60;35;96878;0.2;1.35;0.37;0.36
2015;11;27;331;4.2;2.3;1.1;-0.4;-1.6;-2.5;-0.7;-1.8;0.13;1.2;1.9;1.47;200;32;68;38;97382;0.24;0.14;0.37;0.36
2015;11;28;332;6.4;2.3;-0.5;-0.3;-1.1;-2.6;0.9;0.3;0.13;1.2;1.9;1.31;270;58;103;60;97152;0.3;0;0.37;0.36
2015;11;29;333;7.9;2.6;-1.1;-0.7;-2;-4.1;1.4;0.6;0.12;1.2;1.9;1.07;302;58;105;59;97826;0.31;0;0.37;0.36
2015;11;30;334;9.2;3.2;-0.9;2.4;-0.3;-3;1.6;0.6;0.12;1.2;1.9;0.83;224;52;95;56;97775;0.27;0;0.37;0.36
2015;12;1;335;11;5.4;0.6;5.3;2.8;-0.7;1.6;-0.1;0.12;1.2;1.9;0.61;282;53;85;40;97990;0.29;0.09;0.37;0.36
2015;12;2;336;12.2;7.5;3.6;7.7;5.5;3;0.4;0.3;0.11;1.2;1.9;0.35;258;56;95;50;98675;0.24;0;0.36;0.36
2015;12;3;337;8.5;4.3;1.7;6.1;3.7;1.7;0.5;0;0.11;1.2;1.9;0.22;227;45;69;36;98996;0.21;0.01;0.36;0.36
2015;12;4;338;7.6;3.8;-0.2;4.9;2.9;-0.5;0.3;0.2;0.11;1.2;1.9;0.15;216;43;81;41;99020;0.22;0.13;0.36;0.36
2015;12;5;339;9.8;3.8;-0.3;5.5;2.2;-0.6;0.3;0.8;0.11;1.2;1.9;0.13;281;60;103;53;99228;0.25;0.01;0.36;0.36
2015;12;6;340;7.2;2.4;-1.7;4.2;1.4;-2;0.7;0.3;0.11;1.2;1.9;0.09;240;47;100;47;99013;0.24;0.09;0.36;0.36
2015;12;7;341;7.6;1.9;-1.5;3.5;0.3;-2.4;0.6;0.3;0.11;1.2;1.9;0.03;269;56;103;55;99390;0.23;0.01;0.36;0.36
2015;12;8;342;3.1;0.9;-0.6;2.6;0.5;-1;-0.3;0.2;0.1;1.2;1.9;0;165;30;43;21;99383;0.1;0.24;0.36;0.36
2015;12;9;343;4.4;1.2;-0.9;2.4;0.4;-1.3;0.6;0.2;0.1;1.2;1.9;0;199;39;58;27;99151;0.18;0.04;0.36;0.36
2015;12;10;344;6.9;2;-2.7;1.9;-0.8;-3.8;1;-0.5;0.1;1.2;1.9;0;268;57;104;66;99405;0.29;0.09;0.36;0.36
2015;12;11;345;5.1;-0.6;-4.2;0.3;-2.9;-5.2;0.7;0.7;0.1;1.2;1.9;0;298;64;120;84;98845;0.14;0;0.36;0.36
2015;12;12;346;5;-0.2;-2.9;-0.4;-3.6;-6.3;0.8;0.4;0.1;1.2;1.9;0;229;44;74;56;98353;0.08;0;0.36;0.36
2015;12;13;347;6.2;-0.1;-2.7;0;-2.9;-4.6;1.1;0.2;0.1;1.2;1.9;0;283;61;110;70;97984;0.07;0;0.36;0.36
2015;12;14;348;4;0.8;-2.6;0.9;-1.2;-3.7;-0.1;-0.1;0.1;1.2;1.9;0;151;32;50;27;98413;0.05;0;0.36;0.36
2015;12;15;349;3.6;0.9;-0.5;1.7;0.2;-1;0.3;0.2;0.1;1.2;1.9;0;189;37;55;32;98524;0.09;0;0.36;0.36
2015;12;16;350;4.3;1.4;-0.3;1.9;0.1;-1.2;-0.1;0.2;0.1;1.2;1.9;0;125;25;50;27;98934;0.08;0.08;0.36;0.36
2015;12;17;351;4.8;1.7;-0.2;2.8;1;-0.5;0.1;1.1;0.1;1.2;1.9;0;164;32;47;26;98866;0.13;0.05;0.36;0.36
2015;12;18;352;8.1;2.1;-1.5;4.4;0.8;-1.9;0.5;0.4;0.1;1.2;1.9;0;254;53;90;49;98453;0.2;0;0.36;0.36
2015;12;19;353;8.1;2.2;-1.2;4;0.8;-1.5;0.3;0.2;0.1;1.2;1.9;0;253;52;94;48;98619;0.18;0;0.36;0.36
2015;12;20;354;4.8;1.1;-1;3.2;0.7;-1.1;-0.1;0.5;0.1;1.1;1.9;0.03;185;38;61;31;98684;0.1;0.19;0.36;0.36
2015;12;21;355;6.4;1.6;-1.1;3.3;0.4;-1.7;0.7;0.1;0.1;1.1;1.9;0.01;254;51;87;47;98619;0.2;0.07;0.36;0.36
2015;12;22;356;8.5;1.9;-1.4;5.7;0.7;-2.1;1.4;0.3;0.1;1.1;1.9;0;258;53;95;55;98885;0.1;0;0.35;0.36
2015;12;23;357;7.2;1.2;-2.1;3.9;-0.3;-2.8;1.1;0.1;0.1;1.1;1.9;0;272;58;102;64;98744;0.15;0;0.35;0.36
2015;12;24;358;7.2;0.7;-2.9;4.2;-0.7;-4.1;1;0.2;0.1;1.1;1.9;0;229;50;97;59;98803;0.13;0;0.35;0.36
2015;12;25;359;7.2;0.5;-2.7;3.9;-0.9;-3.4;1.2;0.2;0.1;1.1;1.9;0;261;54;96;57;99068;0.11;0;0.35;0.36
2015;12;26;360;8.2;1;-2.1;4.6;-0.9;-3.4;1.3;0;0.1;1.1;1.9;0;268;58;97;60;98968;0.15;0;0.35;0.36
2015;12;27;361;7.6;0.7;-3.2;2.8;-1.8;-4.7;1;0;0.1;1.1;1.9;0;285;61;110;69;98969;0.11;0;0.35;0.36
2015;12;28;362;6.1;0.2;-3.1;0.9;-2.5;-4.8;0.7;-0.2;0.1;1.1;1.9;0;272;57;108;61;98925;0.09;0;0.35;0.36
2015;12;29;363;2.2;0.5;-2.1;1.3;-0.5;-3.7;-0.2;-0.4;0.1;1.1;1.9;0.01;56;11;40;1;98906;0.06;1.31;0.35;0.36
2015;12;30;364;0.8;-0.7;-4;0.5;-2.2;-7.3;-0.9;-0.2;0.11;1.1;1.9;0.84;113;21;74;31;99281;0.22;1.25;0.35;0.36
2015;12;31;365;-1.6;-3.4;-5.3;-5.7;-7.1;-8.5;-0.7;1;0.12;1.1;1.9;1.06;165;39;77;59;98926;0.08;0;0.35;0.36
2016;1;1;1;1.7;-1.7;-3.7;-3.8;-5;-6.7;-0.3;0.5;0.12;1.1;1.9;1.12;233;48;89;48;98424;0.05;0.06;0.35;0.36
2016;1;2;2;-0.4;-2.6;-4.8;-3;-4.3;-6.5;-1.3;0;0.12;1.1;1.9;1.53;152;30;61;28;97906;0.02;2.84;0.35;0.36
2016;1;3;3;-4;-4.7;-6.1;-6.9;-8.4;-9.4;-1.4;-0.2;0.2;1.1;1.9;6.31;96;18;55;25;97392;0.08;3.17;0.35;0.36
2016;1;4;4;-6;-7.1;-7.8;-9.4;-10.2;-11.2;-1;1.3;0.23;1;1.9;8.02;98;21;56;29;96027;0.1;1.86;0.35;0.36
2016;1;5;5;0.7;-4.6;-8;-3.3;-6.7;-10.8;-0.4;0.5;0.24;1;1.9;8.86;187;37;68;41;95987;0.1;0.87;0.35;0.36
2016;1;6;6;0;-2.8;-6;-2.1;-4.3;-6.7;0;-0.4;0.25;1;1.9;9.53;112;23;34;18;96121;0.12;1.53;0.35;0.36
2016;1;7;7;5.3;-1;-5;-0.6;-3.1;-6;0.3;0.3;0.25;1;1.9;9.68;243;51;104;51;96091;0.09;0;0.35;0.36
2016;1;8;8;4.8;0.2;-2.9;0.5;-1.7;-3.9;0.6;0.5;0.23;1;1.9;8.54;151;31;97;30;96678;0.03;0.76;0.35;0.36
2016;1;9;9;5.3;1.9;-0.7;3.1;1;-1.2;-0.2;-0.4;0.22;1;1.9;7.39;160;32;42;11;96508;0.01;2.55;0.35;0.36
2016;1;10;10;7.4;2.9;0.6;4.9;2;0.2;0.2;0.6;0.18;1;1.9;5.29;267;52;95;32;96107;0.04;3.92;0.36;0.36
2016;1;11;11;10.8;5.1;1.3;7.6;3.8;1.1;0.9;1.4;0.15;1;1.9;3.39;167;26;61;12;95507;0.12;11.45;0.36;0.36
2016;1;12;12;5.3;1.5;-2.2;2.7;0.1;-3.4;1.5;0.6;0.13;1;1.9;1.9;170;37;72;52;95876;0.09;0.37;0.37;0.36
2016;1;13;13;8.3;1.3;-2.7;1.1;-3;-5.3;1.5;0.5;0.12;1;1.9;1.6;299;58;111;65;96885;0.3;0.15;0.37;0.36
2016;1;14;14;5.2;0.9;-2;-1;-3.1;-5.8;0.1;1;0.12;1;1.9;1.34;269;58;94;63;97261;0.06;0.05;0.37;0.36
2016;1;15;15;4;-0.2;-3.4;-0.3;-2.4;-5;1;0.2;0.12;1;1.9;1.23;165;38;92;52;96733;0.15;0.31;0.37;0.36
2016;1;16;16;2.5;-1.4;-4.1;-3.7;-6.5;-7.9;0.4;-1.7;0.12;1;1.9;1.13;283;65;112;79;97318;0.18;0.05;0.37;0.36
2016;1;17;17;0.5;-1.7;-3.1;-5.6;-7.3;-10;-0.3;-1.1;0.12;1;1.9;1.66;172;42;89;61;97410;0.05;1.22;0.37;0.36
2016;1;18;18;-0.1;-3.1;-4.7;-8.7;-10.2;-11.1;-0.9;-0.4;0.13;1;1.9;2.17;248;55;104;75;97826;0.05;0.03;0.37;0.36
2016;1;19;19;-1.1;-3.8;-5.7;-7.6;-8.8;-10.1;-0.7;0.7;0.13;0.9;1.9;2.15;266;58;84;66;97527;0.04;0;0.37;0.36
2016;1;20;20;1.8;-2.2;-4.5;-5.7;-6.9;-8.2;-0.1;0.1;0.13;0.9;1.9;2.05;316;69;117;73;97503;0.03;0;0.37;0.36
2016;1;21;21;2.1;-2.6;-5.3;-7;-8;-8.9;-0.1;-0.4;0.13;0.9;1.9;1.91;310;67;109;74;98252;0.04;0.07;0.37;0.36
2016;1;22;22;0;-3;-5.1;-7.2;-8;-9;-0.6;0.9;0.13;0.9;1.9;1.86;272;60;99;63;99107;0.03;0.02;0.37;0.36
2016;1;23;23;-0.7;-3.3;-6.1;-4.3;-6.2;-8.7;0.1;0.6;0.14;0.9;1.9;2.38;105;25;67;35;98965;0.02;1.21;0.37;0.36
2016;1;24;24;6.7;0;-4.2;-1.1;-3.6;-5.7;0.6;0.3;0.14;0.9;1.9;2.7;311;60;103;54;99116;0.03;0;0.37;0.36
2016;1;25;25;5.7;1;-2.3;0.5;-1.7;-4.2;0.8;0.2;0.13;0.9;1.9;2.29;190;35;53;14;98690;0.16;0.63;0.37;0.36
2016;1;26;26;11.5;3.3;-2;6.4;1.1;-2.8;0.6;-0.2;0.13;0.9;1.9;1.71;318;72;96;52;98577;0.05;0;0.37;0.36
2016;1;27;27;11.2;2.9;-1.9;6;0.5;-3.1;1.2;0.2;0.12;0.9;1.9;1.1;335;77;98;52;98290;0.14;0;0.37;0.36
2016;1;28;28;12.5;4.6;-0.8;6.7;2;-1.7;1.3;0.3;0.11;0.9;1.9;0.71;333;80;109;60;98222;0.16;0;0.37;0.36
2016;1;29;29;10.6;3.9;-1.1;6;2;-1.4;0.5;0;0.11;0.9;1.9;0.43;340;73;95;54;98679;0.14;0;0.37;0.36
2016;1;30;30;9.7;3.1;-1.9;5.2;1.4;-2.6;1.3;1.4;0.11;0.9;1.9;0.25;328;77;99;61;97992;0.1;0.01;0.37;0.36
2016;1;31;31;5.6;3.1;0.3;4.2;2.3;-0.3;0.1;0.2;0.1;0.9;1.9;0.16;106;23;43;14;97301;0.05;3.27;0.37;0.36
2016;2;1;32;12;5.2;0.6;7.7;3.7;0.4;1.5;0.5;0.1;0.9;1.9;0.12;217;51;69;29;97730;0.23;1.82;0.37;0.36
2016;2;2;33;10.8;5;2;7.3;3.7;1.7;1.2;0.4;0.1;0.9;1.9;0.04;212;42;81;35;97842;0.03;0;0.37;0.36
2016;2;3;34;7.4;3.3;0.4;6.3;2.5;-0.1;0.6;-0.5;0.1;0.9;1.9;0.15;92;22;43;22;97403;0.04;12.68;0.37;0.36
2016;2;4;35;7.2;3.2;0.4;0;-3.9;-6.5;1.3;-1;0.11;0.9;1.9;0.54;372;83;108;62;97937;0.65;0.58;0.38;0.36
2016;2;5;36;7.5;2.4;-2;-0.1;-2.6;-4.9;0.5;-0.4;0.11;0.9;1.9;0.73;377;82;105;63;98386;0.48;0.21;0.38;0.36
2016;2;6;37;9.9;3.1;-1.4;1.8;-0.7;-2.9;0.8;1.2;0.11;0.8;1.9;0.55;392;96;115;76;98180;0.33;0;0.38;0.36
2016;2;7;38;11.3;6.2;0.6;3.4;2;-0.9;1.4;3.3;0.11;0.8;1.9;0.34;328;77;87;62;97285;0.43;0;0.38;0.36
2016;2;8;39;11;7.6;3.4;7;4.9;2.3;0.6;2.5;0.1;0.8;1.9;0.16;157;36;71;29;97058;0.47;1.93;0.38;0.36
2016;2;9;40;12.7;8.7;3.5;5.9;4.3;2.4;1.5;3.3;0.1;0.8;1.9;0.03;277;65;94;54;96516;0.63;0.88;0.38;0.36
2016;2;10;41;7.8;4.5;0.3;6.2;0.8;-3.4;1.3;0.2;0.11;0.8;1.9;0.33;138;34;82;40;95436;0.74;10.85;0.39;0.36
2016;2;11;42;8.9;2.6;-2.5;-1.5;-3.7;-6;0.7;0.5;0.11;0.8;1.9;0.38;416;98;121;84;96520;0.51;0.02;0.39;0.36
2016;2;12;43;4.4;1.2;-1.2;2.1;-0.4;-3.2;-0.4;1.3;0.11;0.8;1.9;0.32;197;46;67;39;96321;0.36;2.28;0.39;0.36
2016;2;13;44;7.2;2.6;0.1;1.1;0.3;-0.7;-0.1;0.4;0.16;0.8;1.9;3.78;322;69;101;48;95404;0.41;8.85;0.39;0.36
2016;2;14;45;7.9;4;-1.2;6.7;2.6;-2.4;0.6;0.9;0.16;0.8;1.9;3.38;271;55;72;37;95288;0.2;6.29;0.39;0.36
2016;2;15;46;7.5;3.5;-0.3;5.3;2.4;-0.9;1;-0.3;0.14;0.8;1.9;2.16;136;31;63;28;96582;0.2;8.55;0.4;0.36
2016;2;16;47;7.7;4.4;2;2.8;1.1;-0.7;-0.8;-1.9;0.13;0.8;1.9;1.56;235;52;59;29;98523;0.65;4.27;0.4;0.37
2016;2;17;48;4.7;2.8;1.5;3.3;2;0.6;-0.6;-0.2;0.15;0.8;1.9;2.97;97;23;34;15;98067;0.26;7.36;0.41;0.37
2016;2;18;49;7.4;4.6;1;5.9;3.5;0.7;0.3;-0.6;0.14;0.8;1.9;2.61;141;31;30;10;97356;0.3;20.07;0.42;0.37
2016;2;19;50;7.8;5;2;4.1;2.4;0.5;1.1;0;0.13;0.8;1.9;1.59;206;45;50;28;97500;0.54;6.29;0.43;0.37
2016;2;20;51;9.1;4.1;-0.3;0.3;-1.3;-2.9;0.8;1;0.12;0.8;1.9;1.08;397;100;109;62;98030;0.67;0.14;0.42;0.37
2016;2;21;52;12.3;6.5;1.8;4.4;2.3;-0.5;1.5;0.6;0.12;0.8;1.9;0.71;305;71;67;42;97511;0.59;0.69;0.42;0.38
2016;2;22;53;14.9;8;1.5;6;3.4;0.1;2;1.1;0.11;0.9;1.9;0.39;422;104;119;70;97074;0.61;0;0.41;0.38
2016;2;23;54;12.6;8.6;5.6;7.9;5.7;2.2;1.5;0.2;0.11;0.9;1.9;0.15;266;61;71;40;96759;0.87;4.14;0.41;0.38
2016;2;24;55;7.9;4.5;0.7;0.3;-2.8;-6.7;0.2;-0.2;0.11;0.9;1.9;0.09;323;94;116;67;97443;0.82;0.62;0.41;0.38
2016;2;25;56;6.9;2.9;-0.3;2.1;-0.3;-3.4;-0.3;0.6;0.12;0.9;1.9;0.22;228;57;64;36;96954;0.63;3.04;0.4;0.38
2016;2;26;57;6;2.8;-0.4;1.1;-2;-4.2;-0.9;0;0.12;0.9;1.9;0.25;367;88;90;53;97164;0.77;0.68;0.4;0.38
2016;2;27;58;6.9;2.3;-1.8;0.5;-1.8;-5;-0.7;1.6;0.12;0.9;1.9;0.18;285;84;71;51;97096;0.4;0;0.4;0.38
2016;2;28;59;10.1;5.5;1.4;6;3.2;0.2;-0.6;-0.1;0.12;0.9;1.9;0.14;263;65;52;27;97165;0.43;4;0.4;0.39
2016;2;29;60;8;6.1;5.1;5.6;5.1;4.7;-0.6;-1.2;0.12;0.9;1.9;0.04;122;25;38;14;96837;0.4;11.51;0.41;0.39
2016;3;1;61;9;5.5;1.6;4.7;-1.1;-3.6;1.3;-1.2;0.12;0.9;1.9;0;381;95;98;57;97057;0.84;0.11;0.41;0.39
2016;3;2;62;11.2;4.8;-1.6;2;0;-3.2;0;1.7;0.12;0.9;1.9;0;477;121;114;76;96678;0.68;0.01;0.4;0.39
2016;3;3;63;4;2.7;1.1;1.7;1.1;-0.4;-0.6;-2.2;0.14;1;1.9;2.07;136;29;52;17;95875;1.06;19.21;0.41;0.39
2016;3;4;64;9.4;4.7;1.8;-0.7;-2.1;-3.5;0.3;-1.6;0.16;1;1.9;3.34;412;106;114;61;96202;1.46;2.03;0.41;0.39
2016;3;5;65;11.8;6.5;1.5;2.3;0;-3.2;0.8;3.3;0.15;1;1.9;2.2;363;100;101;71;95969;0.73;0.64;0.41;0.39
2016;3;6;66;11.4;6.9;3.4;4.8;3.7;2.1;-0.2;0.4;0.13;1;1.9;0.87;464;118;107;58;95881;1.18;5.42;0.41;0.39
2016;3;7;67;5.1;3.4;1.9;1.5;0.7;-0.2;0.3;-1;0.13;1;1.9;0.86;268;58;47;30;96231;1.08;6.67;0.41;0.39
2016;3;8;68;7.5;3.6;0.1;1.7;0.6;-0.3;-0.1;0;0.13;1;1.9;0.79;276;81;68;39;96907;0.7;0.77;0.41;0.39
2016;3;9;69;8.6;4.1;-1;1.8;-0.3;-1.8;-0.7;-0.4;0.13;1;1.9;0.54;456;113;94;50;97133;0.76;0.04;0.41;0.39
2016;3;10;70;11.5;6.8;1.9;1.6;0.8;-0.2;-0.3;-2.4;0.13;1;1.9;0.31;452;126;102;64;97072;0.99;0.39;0.41;0.39
2016;3;11;71;9.7;6.6;4.5;2.7;2;0.9;-0.1;-2.5;0.13;1;1.9;0.14;286;63;51;31;97664;1.17;3.11;0.41;0.4
2016;3;12;72;8.2;5.8;4.2;2.9;1.9;0.9;-0.5;-2.2;0.13;1;1.9;0.06;190;46;58;29;98077;0.86;1.8;0.4;0.4
2016;3;13;73;8.7;5.1;3.2;2.6;1.5;0.7;-1.2;-3.1;0.13;1;1.9;0;197;47;74;29;98291;1.37;3.9;0.4;0.4
2016;3;14;74;8.8;4.9;1.1;0.8;-2.1;-3.6;-1.2;-1.9;0.13;1.1;1.9;0;558;162;134;87;98431;1.21;0.08;0.4;0.4
2016;3;15;75;5.6;2;-1.1;1.3;-1.5;-3.5;0.2;-0.9;0.13;1.1;1.9;0.18;286;75;89;49;97749;0.99;3.26;0.4;0.4
2016;3;16;76;5.3;2.7;0.1;1;-0.4;-1.8;-0.7;-1;0.15;1.1;1.9;1.35;290;62;42;24;98509;0.67;1.76;0.4;0.4
2016;3;17;77;9.6;4.6;-0.5;1.6;-0.5;-1.7;0;0.5;0.14;1.1;1.9;1.03;364;113;110;61;98491;0.8;0.03;0.4;0.4
2016;3;18;78;13.8;6;-1.9;3.6;0;-3.2;0.9;-0.2;0.14;1.1;1.9;0.55;590;174;135;89;97550;1.17;0;0.4;0.4
2016;3;19;79;11.9;6.2;0.7;3.1;1.5;-1.6;-0.9;-0.2;0.13;1.1;1.9;0.25;541;148;118;69;97547;0.98;0.21;0.39;0.4
2016;3;20;80;14.6;7.9;0.9;4.5;3;0.7;-0.3;0.2;0.13;1.2;1.9;0.09;568;163;120;78;97384;1.24;0.01;0.39;0.4
2016;3;21;81;9.4;6.5;4.4;3.3;2.3;0.9;-0.5;0.4;0.13;1.2;1.9;0;254;80;64;40;97332;0.59;0.46;0.39;0.4
2016;3;22;82;11.6;7;2.7;4.9;1.4;-1.8;-0.2;-0.5;0.13;1.2;1.9;0;489;143;106;64;96901;1.37;0.8;0.39;0.4
2016;3;23;83;8.7;4.8;-0.1;0.9;-1.1;-3.1;-1.2;-2.4;0.13;1.2;1.9;0;382;109;73;62;96372;1;0.19;0.39;0.4
2016;3;24;84;9.6;4.9;0.5;0.2;-1.8;-3.5;0.6;-2.5;0.13;1.2;1.9;0;512;159;105;79;96848;1.33;0.7;0.38;0.4
2016;3;25;85;11.6;5.7;-1.4;2.4;-0.4;-2.9;0.5;0.4;0.13;1.2;1.9;0;512;124;98;57;97358;1;0.15;0.38;0.4
2016;3;26;86;11.4;6.7;1.5;4.6;3.1;1;0.2;-0.3;0.14;1.3;1.9;0;399;118;93;55;97619;1.13;0.84;0.38;0.4
2016;3;27;87;12.2;6.8;-0.8;4.3;2.6;-0.9;-0.1;1.2;0.14;1.3;1.9;0;418;123;77;53;97409;1;0.01;0.38;0.4
2016;3;28;88;15.1;9.5;3.6;5.8;4.2;1.7;0.6;1.3;0.14;1.3;1.9;0;575;145;114;69;96968;1.28;0.2;0.37;0.4
2016;3;29;89;14.5;9.6;2.9;7.4;5.6;2.6;-0.1;-0.1;0.14;1.3;1.9;0;490;126;92;66;97140;1.12;0.32;0.37;0.4
2016;3;30;90;17.7;11.3;4.8;8.5;6.1;4.3;1.9;1.5;0.14;1.3;1.9;0;365;130;110;65;97423;1.32;0;0.37;0.4
2016;3;31;91;19.8;13.4;5.8;9.1;6.6;5.1;2.3;2.3;0.14;1.4;1.9;0;615;197;131;86;97195;1.97;0;0.37;0.4
2016;4;1;92;21.3;13.7;8.8;9.6;6.9;0.8;0.4;0.3;0.14;1.4;1.9;0;607;152;113;64;97304;1.77;0.12;0.37;0.4
2016;4;2;93;14.1;10;6.9;4.9;2.1;-1.9;-1.4;0.7;0.14;1.4;1.9;0;492;151;103;62;98204;1.49;0;0.36;0.4
2016;4;3;94;21.9;13.5;5.8;8.5;5.6;1.8;0;2;0.14;1.4;1.9;0;651;208;139;98;97576;2.06;0;0.36;0.4
2016;4;4;95;21.7;15;7.4;8;6.4;4.2;2.2;2.2;0.14;1.4;1.9;0;634;201;124;95;96872;2.2;0;0.36;0.4
2016;4;5;96;23.3;16.2;9.6;8.4;7.5;6.6;2.1;2;0.14;1.4;1.9;0;656;200;134;94;96694;2.3;0;0.35;0.4
2016;4;6;97;20.5;14.8;8.8;10.1;8.4;6.6;-0.4;-0.1;0.14;1.5;1.9;0;606;161;116;72;96945;1.9;1.31;0.35;0.4
2016;4;7;98;19.5;14.5;8.7;9.7;7.9;6.6;-0.8;-0.6;0.14;1.5;1.9;0;510;170;98;68;96903;1.85;0.01;0.35;0.4
2016;4;8;99;12.4;11;8.5;9.9;7.8;5.4;0.8;-1.7;0.14;1.5;1.9;0;195;48;57;31;96451;1.45;14.95;0.35;0.4
2016;4;9;100;14;10.1;6.9;5.3;4.6;3.9;-0.3;-0.5;0.15;1.5;1.9;0;421;115;71;47;96330;1.42;0.01;0.36;0.4
2016;4;10;101;15.2;10.4;5.7;5.6;4.2;3.3;-0.2;-0.6;0.15;1.5;1.9;0;435;132;86;61;96864;1.46;0;0.36;0.4
2016;4;11;102;16.3;10.9;4.8;7.4;5.7;3.3;-0.9;0.3;0.15;1.6;1.9;0;542;160;97;72;97162;1.61;0;0.35;0.39
2016;4;12;103;21.4;13.2;5.4;9.2;7.1;4.2;0.3;-0.3;0.15;1.6;1.9;0;646;197;124;83;96998;2.2;0.03;0.35;0.39
2016;4;13;104;20.5;14.8;7.5;9;7.4;6.2;1.4;1.6;0.15;1.6;1.9;0;629;186;119;82;96595;2.25;0.01;0.35;0.39
2016;4;14;105;13.9;11.3;6.9;8.2;4.7;2.3;1.8;-1.2;0.15;1.6;1.9;0;283;90;104;64;96800;1.52;1.32;0.35;0.39
2016;4;15;106;18.8;12.2;4;7.1;4.5;2.5;1.7;2;0.15;1.6;1.9;0;556;179;109;80;97047;2.09;0;0.34;0.39
2016;4;16;107;20.7;14.6;8.1;8.3;5.8;4;2.3;2.9;0.15;1.7;1.9;0;694;229;130;94;96805;2.68;0;0.34;0.39
2016;4;17;108;21.7;16.2;11.2;9.5;7.5;4.2;1.9;3.2;0.15;1.7;1.9;0;528;174;108;81;96855;2.37;0.01;0.34;0.39
2016;4;18;109;12.7;11.5;9.3;9.3;8;6.3;-1.2;-1.3;0.15;1.7;1.9;0;218;63;56;31;97496;1.42;2.78;0.34;0.39
2016;4;19;110;16.2;11.7;7.7;6.1;3.2;0.5;-0.3;-2.5;0.15;1.8;1.9;0;477;170;128;72;97919;2.23;0.11;0.34;0.39
2016;4;20;111;16.1;10.7;5.5;3;1.3;-1.3;-0.2;-0.8;0.15;1.8;1.9;0;553;189;134;86;98452;2.24;0.4;0.33;0.39
2016;4;21;112;18.7;12.6;6.5;5.6;3.5;0.2;-0.2;1.5;0.15;1.8;1.9;0;709;234;129;97;98238;2.51;0;0.33;0.39
2016;4;22;113;19.5;13.7;5.6;7.9;5.7;3.2;-0.7;0.1;0.16;1.8;1.9;0;681;209;128;80;97275;2.4;0;0.33;0.39
2016;4;23;114;19;13.5;8.6;10.6;7.3;4.2;0;-0.1;0.16;1.9;1.9;0;610;194;115;72;96410;2.29;5.24;0.33;0.39
2016;4;24;115;10.5;8.1;5.6;8.1;-1.4;-5.2;0.4;-3.3;0.16;1.9;1.9;0;422;123;71;48;96462;2.21;1.73;0.33;0.39
2016;4;25;116;9.9;6.3;1.9;-3.2;-4.8;-6.5;0.7;-2.6;0.16;1.9;1.9;0;548;183;120;83;96719;2.1;0.31;0.33;0.39
2016;4;26;117;13.6;7.7;-0.1;1.6;-1.1;-5;1.4;2.4;0.16;2;1.9;0;633;207;121;87;96586;2.21;0.33;0.33;0.39
2016;4;27;118;7.5;5.1;1.9;4.9;2;0.4;0.8;-0.2;0.16;2;1.9;0.09;273;75;62;40;96822;1.86;12.76;0.33;0.39
2016;4;28;119;7.9;3.9;-1.7;1.3;-0.1;-2.6;0.5;-0.3;0.16;2;1.9;0.11;384;107;88;60;97588;1.21;0.24;0.33;0.39
2016;4;29;120;14;7.7;-1.6;4.4;0.3;-3.2;0.2;0;0.16;2.1;1.9;0.02;744;254;143;100;97849;2.59;0;0.33;0.39
2016;4;30;121;16.6;9.9;0.9;6.3;3;-0.8;-0.1;1;0.16;2.1;1.9;0;730;252;145;97;97687;2.78;0.01;0.33;0.39
2016;5;1;122;11.5;10;7.4;10.6;8.6;5.7;-1.7;-1.6;0.16;2.1;1.9;0;128;43;26;14;97372;1.17;29.93;0.34;0.39
2016;5;2;123;14.4;11.4;9.8;10.5;9.4;8.2;-0.6;-2.8;0.16;2.1;1.9;0;254;77;63;22;97430;2.23;16.97;0.36;0.39
2016;5;3;124;18.6;13.5;9.1;8.4;6.6;5.1;0.8;-2.7;0.16;2.2;1.9;0;601;209;114;73;97236;3.6;2.77;0.37;0.39
2016;5;4;125;14.5;11.3;8.6;6.7;4.7;2.7;1.1;-3.9;0.16;2.2;1.9;0;457;143;91;46;97761;2.99;3.33;0.37;0.39
2016;5;5;126;17.8;12.4;6.9;9.1;7;3.8;0.1;-1.9;0.17;2.2;1.9;0;679;215;114;67;98101;3.27;3.14;0.37;0.39
2016;5;6;127;19.1;14.3;7.6;9.9;8.1;6.2;-0.4;-0.3;0.17;2.3;1.9;0;605;216;115;75;97791;2.91;0.27;0.36;0.39
2016;5;7;128;19.6;14.5;7.5;11;9;6.5;-0.3;0.2;0.17;2.3;1.9;0;597;198;103;72;97418;2.71;1.01;0.36;0.39
2016;5;8;129;18.4;13.7;7.9;10.5;8.8;7.1;-0.7;0;0.17;2.3;1.9;0;576;198;99;72;97536;2.68;0.5;0.36;0.39
2016;5;9;130;19.7;14.7;8.5;11.1;9.5;7.4;-0.5;1.2;0.17;2.4;1.9;0;563;197;99;74;97621;2.72;0.4;0.36;0.39
2016;5;10;131;16.9;12.9;8.8;13.1;10.1;6.4;-0.7;0.9;0.17;2.4;1.9;0;425;98;75;41;97329;1.41;3.14;0.35;0.39
2016;5;11;132;17.4;13.9;11;13.2;11.9;10.8;-1.2;0.4;0.17;2.4;1.9;0;285;85;36;19;96878;1.56;4.05;0.36;0.39
2016;5;12;133;15.1;13.3;10.8;13.2;12.4;10;-0.7;0.8;0.17;2.5;1.9;0;193;56;54;24;95940;1.04;11.68;0.36;0.39
2016;5;13;134;18.5;13.8;8.3;10.9;9.5;7.5;1.7;1.3;0.17;2.5;1.9;0;632;205;98;64;95544;3.23;4.19;0.37;0.39
2016;5;14;135;18.1;14.1;11.2;11.7;10.3;8;1.4;-0.4;0.17;2.5;1.9;0;466;122;69;41;96199;2.47;10.92;0.37;0.39
2016;5;15;136;13.1;10.3;6.1;8.3;5.7;1.2;0.2;-0.6;0.17;2.5;1.9;0;406;117;103;54;97281;2.43;4.95;0.38;0.39
2016;5;16;137;13.6;9.4;3.7;5.8;2.5;0.1;0.8;-0.2;0.17;2.6;1.9;0;531;199;108;80;97678;2.65;0.48;0.38;0.39
2016;5;17;138;15;10.1;3.8;6.6;3.8;1.3;0.8;0.1;0.17;2.6;1.9;0;530;203;112;81;97627;2.78;0.2;0.37;0.39
2016;5;18;139;17.8;12.6;5.4;8.4;6.4;4.7;0.2;0.8;0.17;2.6;1.9;0;547;192;107;74;97344;2.79;0.21;0.37;0.39
2016;5;19;140;19.8;13.2;6.3;11.6;8.7;4.9;0.3;0.6;0.17;2.6;1.9;0;700;223;114;75;96925;3.1;6;0.37;0.38
2016;5;20;141;18.9;14.6;10.1;10.8;9.7;8;0.3;-1.8;0.17;2.7;1.9;0;613;206;100;68;97639;3.4;2.09;0.37;0.38
2016;5;21;142;21.6;16.1;8.7;11.3;8.8;6.7;0.2;0.2;0.17;2.7;1.9;0;645;223;116;81;97875;3.47;0;0.37;0.38
2016;5;22;143;23.6;17.9;11;11.9;10.2;8;-0.2;2.3;0.17;2.7;1.9;0;734;266;127;93;97500;4.22;0;0.36;0.38
2016;5;23;144;23.6;17.7;11.8;12.8;11.1;9.8;0.5;1.6;0.17;2.7;1.9;0;732;245;121;85;96795;3.93;2.16;0.36;0.38
2016;5;24;145;17;13.5;10.5;11.3;8.4;6.3;1.7;-1.9;0.17;2.7;1.9;0;298;94;68;38;96641;2.49;14.14;0.37;0.38
2016;5;25;146;21.9;17.5;11.8;13.5;10.5;6.5;0.4;-0.8;0.17;2.8;1.9;0;693;228;116;78;97060;3.72;0.35;0.37;0.38
2016;5;26;147;23;17.9;11;14.2;12.4;10.6;-0.3;0;0.17;2.8;1.9;0;603;230;113;78;97463;3.65;0.31;0.36;0.38
2016;5;27;148;25.3;19.9;13;15.8;13.9;11.4;-0.4;1.1;0.17;2.8;1.9;0;711;230;109;76;97482;3.76;0.01;0.36;0.38
2016;5;28;149;26.3;21;13.7;16.3;14.2;12.5;-0.2;1.2;0.17;2.8;1.9;0;691;242;113;79;97160;4.14;0.04;0.35;0.38
2016;5;29;150;26.3;20.4;14.7;15.9;14.1;11.8;0.5;2.2;0.17;2.9;1.9;0;731;233;113;79;96678;4.06;0.67;0.35;0.38
2016;5;30;151;22.1;18.1;14.2;13.7;12.6;11;1.2;2.4;0.17;2.9;1.9;0;576;216;99;79;96715;3.78;1.21;0.35;0.38
2016;5;31;152;22.5;17.5;12.5;12.8;11.7;10.8;1.5;1.5;0.17;2.9;1.9;0;632;231;107;82;96972;3.86;0.64;0.34;0.38
2016;6;1;153;21.2;16.6;11.4;12.7;11.8;10;1.1;1.1;0.17;2.9;1.9;0;691;229;107;75;97094;3.61;2.1;0.34;0.38
2016;6;2;154;21.5;16.9;11.1;13.9;12.3;10.4;0;0.2;0.17;2.9;1.9;0;643;210;102;68;96960;3.28;1.61;0.34;0.38
2016;6;3;155;21.8;16.9;10.6;14.6;12.7;10.3;0.2;-0.1;0.17;3;1.9;0;529;198;91;66;96920;3.34;2.66;0.34;0.38
2016;6;4;156;23.1;18;10.9;14.8;13.4;10.8;-0.1;0.1;0.17;3;1.9;0;602;206;101;63;97077;3.51;1.4;0.34;0.38
2016;6;5;157;22;17.2;12;15.8;14.4;11.9;0.4;-0.7;0.17;3;1.9;0;577;173;93;56;97357;3.14;7.62;0.34;0.38
2016;6;6;158;24;18.9;13.4;15.4;13.5;12.2;0;-1.1;0.17;3;1.9;0;677;234;107;69;97749;4.26;2.98;0.34;0.38
2016;6;7;159;22.7;18.4;13.9;12.7;10.7;9.3;-1.1;-0.5;0.17;3;1.9;0;641;236;117;78;98065;4.13;0;0.34;0.38
2016;6;8;160;23;18.8;14.3;15.2;12.1;9.7;0;0.8;0.17;3.1;1.9;0;613;212;103;68;97687;3.54;0.42;0.33;0.38
2016;6;9;161;19.2;17;14.7;14.7;13.7;12.9;0.6;0.1;0.17;3.1;1.9;0;378;105;64;43;97251;2.07;7.72;0.34;0.38
2016;6;10;162;21.7;17.4;13.9;14.3;12.8;11.5;0.4;0.5;0.17;3.1;1.9;0;582;179;93;58;97116;3.28;4.53;0.34;0.38
2016;6;11;163;23.3;17.9;12.7;16.2;14.5;11.7;0.6;0.1;0.17;3.1;1.9;0;573;183;84;55;96926;3.15;11.05;0.34;0.38
2016;6;12;164;19.1;16.5;14;14.7;14;12.6;0.3;-0.1;0.17;3.2;1.9;0;302;100;72;43;96883;1.84;3.68;0.35;0.38
2016;6;13;165;21.5;17.5;12.5;14.5;12.8;11.7;0.4;-0.5;0.17;3.2;1.9;0;589;177;83;60;96341;2.97;0.82;0.35;0.38
2016;6;14;166;21.8;17.3;11.5;15.4;13.1;11.2;0.4;0.3;0.17;3.2;1.9;0;564;176;89;62;96124;3.01;2.77;0.34;0.38
2016;6;15;167;21.3;16.6;12.6;14.2;12.6;10.7;0.4;0.4;0.17;3.2;1.9;0;577;144;87;52;96241;2.91;7.53;0.35;0.38
2016;6;16;168;27.1;20.5;13.6;18;14.8;11.7;0.3;1.8;0.17;3.2;1.9;0;653;210;90;59;96510;4.02;7.75;0.35;0.38
2016;6;17;169;24.4;20.6;16.5;16.5;12.4;9;1.7;2.6;0.17;3.2;1.9;0;752;265;125;86;96802;5.44;0.03;0.35;0.38
2016;6;18;170;23.1;18.5;12.5;14.8;12.7;10.7;-0.4;-0.3;0.17;3.3;1.9;0;664;238;107;79;97612;4.12;0.92;0.34;0.38
2016;6;19;171;21;17.2;13.4;14.6;12.9;11.8;0.5;-1.4;0.17;3.3;1.9;0;371;137;70;45;97629;3.17;4.63;0.34;0.38
2016;6;20;172;19.9;16.9;14.5;14.8;13.6;11.8;0.7;-1.4;0.17;3.3;1.9;0;354;100;77;37;97738;2.42;14.07;0.35;0.38
2016;6;21;173;24.7;19.2;11.3;16.3;13.8;11.1;0;0.1;0.17;3.3;1.9;0;707;241;110;71;98153;4.12;0.01;0.35;0.38
2016;6;22;174;26.4;21.3;13.7;18;15.3;12.6;0;-0.5;0.17;3.3;1.9;0;650;223;90;66;98332;4.04;0.06;0.35;0.38
2016;6;23;175;28.5;23.4;16.5;19.6;17.2;14.9;0.2;-0.6;0.17;3.3;1.9;0;654;230;97;62;98226;4.32;0;0.34;0.38
2016;6;24;176;29.4;24.5;17.7;21.1;19.3;17.1;-0.3;0;0.17;3.3;1.9;0;635;236;86;58;97746;4.5;1.41;0.34;0.38
2016;6;25;177;29.3;23.7;18;21.2;19.7;17.4;-0.2;0.1;0.17;3.4;1.9;0;695;236;92;59;97252;4.68;8.83;0.34;0.37
2016;6;26;178;25.8;22.3;19;18.9;17;15.7;-0.7;-0.6;0.17;3.4;1.9;0;643;219;93;54;97423;4.54;2.68;0.34;0.37
2016;6;27;179;19.6;18.1;14.2;16.9;14.1;10.5;0.7;-1.5;0.17;3.4;1.9;0;221;76;80;36;97604;2.6;9.11;0.35;0.37
2016;6;28;180;24;19.2;12.3;14.3;11.5;9;0.6;-0.8;0.17;3.4;1.9;0;592;215;104;77;97687;4.17;0.14;0.35;0.37
2016;6;29;181;26.8;21.5;14.1;17.6;14.8;12.2;0.1;0.7;0.17;3.4;1.9;0;672;240;102;77;97502;4.33;0;0.34;0.37
2016;6;30;182;27.6;22.5;16.5;20.1;16.3;14;0;0.9;0.17;3.4;1.9;0;710;250;108;74;97450;4.7;1.93;0.34;0.37
2016;7;1;183;25.9;21.9;16.2;18.5;17.1;15.3;0.5;-0.2;0.17;3.4;1.9;0;553;198;86;58;97679;3.86;3.04;0.34;0.37
2016;7;2;184;29;23.1;16.7;21;18.2;16;0.4;0.6;0.17;3.5;1.9;0;679;237;94;64;97351;4.64;7.07;0.33;0.37
2016;7;3;185;19.3;17.5;14.6;16.9;11.6;10;0.8;-1.4;0.17;3.5;1.9;0;166;58;70;32;97850;2.16;0.75;0.34;0.37
2016;7;4;186;23.1;18.8;11.8;14.1;11.9;10.2;0;0.3;0.17;3.5;1.9;0;623;196;105;68;98047;3.63;0;0.34;0.37
2016;7;5;187;26.6;21.5;15.4;17.9;14.3;11.3;0.3;1;0.17;3.5;1.9;0;693;239;108;72;97580;4.3;1.38;0.33;0.37
2016;7;6;188;24.9;20.7;15.7;16.4;13.7;10.9;0.6;-1.1;0.17;3.5;1.9;0;662;214;102;70;97552;4.42;0.96;0.33;0.37
2016;7;7;189;22.7;18.7;13.3;14.6;12.5;9.7;-0.3;0.1;0.17;3.5;1.9;0;534;206;87;71;97991;3.66;0.25;0.33;0.37
2016;7;8;190;26.5;21.5;15.3;18;15.2;12.7;0.2;1.1;0.17;3.5;1.9;0;578;213;86;66;97782;3.96;0.04;0.32;0.37
2016;7;9;191;27.4;22.7;16.9;19.2;16.1;14;0.7;-0.4;0.17;3.6;1.9;0;547;183;87;61;97693;3.41;0.03;0.32;0.37
2016;7;10;192;28.5;23.5;17.4;18.9;17.3;16;-0.4;1.2;0.17;3.6;1.9;0;640;228;88;68;97678;4.3;0.24;0.31;0.37
2016;7;11;193;31.4;25.5;18.7;19.5;17.6;15.3;-0.4;1.6;0.17;3.6;1.9;0;705;251;100;74;97340;4.78;0.01;0.31;0.37
2016;7;12;194;29.7;24.1;19.2;21.1;19.1;16.8;0.1;0;0.17;3.6;1.9;0;651;225;81;63;97059;4.22;2.47;0.31;0.37
2016;7;13;195;23.4;20.5;17.5;18.7;17.1;16;-0.3;-1.3;0.17;3.6;1.9;0;366;104;49;33;96998;2.74;34.14;0.31;0.37
2016;7;14;196;20.5;17.2;13.8;14.7;9.6;7.7;1.7;-2.3;0.17;3.6;1.9;0;577;202;98;65;97105;5;7.15;0.34;0.37
2016;7;15;197;19.6;16.4;12.4;9.6;8.5;6.9;0;-2.9;0.17;3.6;1.9;0;394;140;70;56;97850;3.27;0.11;0.34;0.37
2016;7;16;198;16.9;15.2;13.9;10.5;9.2;7.5;0.7;-3.7;0.17;3.6;1.9;0;191;65;52;37;97832;2.66;3.61;0.33;0.37
2016;7;17;199;23.2;18.6;13.8;14.9;12.2;9.9;1.4;-2;0.17;3.6;1.9;0;544;196;83;52;97733;4.26;1.24;0.33;0.37
2016;7;18;200;26.1;21.2;14.8;17.5;14.6;12.8;0.9;-0.6;0.17;3.6;1.9;0;645;207;95;63;97902;3.99;0.28;0.33;0.37
2016;7;19;201;25.5;21.3;16.3;17.3;15.7;14.2;-0.3;0;0.17;3.6;1.9;0;582;210;90;66;97996;3.85;0.18;0.33;0.37
2016;7;20;202;25.5;21.8;16.1;18;16.4;15.1;-0.8;-0.5;0.17;3.6;1.9;0;610;213;93;64;97778;3.93;0.49;0.32;0.37
2016;7;21;203;28.4;23;16.1;19.8;17.2;15.1;-0.1;0.3;0.17;3.6;1.9;0;704;230;104;65;97551;4.26;0.37;0.32;0.37
2016;7;22;204;26.7;21.8;18;20.1;18.6;16.9;-0.4;-0.5;0.17;3.6;1.9;0;518;175;75;49;97512;3.33;10.1;0.32;0.37
2016;7;23;205;28.2;22.6;16.6;20.8;18.8;16.3;-0.1;-0.3;0.17;3.6;1.9;0;648;212;84;53;97568;4.19;2.3;0.32;0.37
2016;7;24;206;27.5;23;18.4;20.2;19.2;17.7;-0.3;-0.9;0.17;3.6;1.9;0;514;186;78;47;97660;3.77;10.21;0.32;0.37
2016;7;25;207;26.8;22.3;18.3;19.7;18.2;17.1;0.2;-0.7;0.17;3.6;1.9;0;564;158;79;52;97640;3.31;1.18;0.33;0.37
2016;7;26;208;26.3;21.9;16.5;19.8;18.1;15.7;0.9;-0.9;0.17;3.6;1.9;0;592;199;85;58;97647;4;4.8;0.33;0.37
2016;7;27;209;26.5;22.1;17.1;19.9;18.3;16.3;-0.1;0;0.17;3.6;1.9;0;580;195;83;59;97525;3.82;4.31;0.33;0.37
2016;7;28;210;25;21.2;17.7;19;17.7;16.5;0.4;-0.2;0.17;3.6;1.9;0;574;172;77;52;97551;3.51;3.36;0.33;0.36
2016;7;29;211;27;21.8;15.2;19.4;16.7;14.6;0.3;0.2;0.17;3.6;1.9;0;637;223;95;67;97495;4.32;0.26;0.33;0.36
2016;7;30;212;28.8;23.6;17.4;20.1;18.1;16.1;-0.1;0.4;0.17;3.6;1.9;0;652;227;93;66;97470;4.42;0.04;0.32;0.36
2016;7;31;213;30;23.4;17.8;20.3;18.7;17.1;0.4;0.6;0.17;3.6;1.9;0;664;221;100;65;97201;4.42;8.98;0.32;0.36
2016;8;1;214;23.4;20.1;16;17.8;15.1;13;0.5;-0.8;0.17;3.6;1.9;0;523;149;76;54;97591;3.33;1.4;0.32;0.36
2016;8;2;215;24.2;19.8;12.8;16.1;12.9;11.1;0.4;-0.1;0.17;3.6;1.9;0;599;206;100;73;97769;3.96;0.01;0.32;0.36
2016;8;3;216;25.7;21.5;16.2;17;15.4;13.4;-0.2;0.7;0.17;3.6;1.9;0;570;195;82;60;97653;3.72;0.35;0.32;0.36
2016;8;4;217;28.5;23.2;16.9;17.8;16.1;14.5;-0.6;1.6;0.17;3.6;1.9;0;704;237;105;75;97442;4.61;0;0.31;0.36
2016;8;5;218;28.1;21.3;16.7;19.8;16.7;12.7;-0.1;-0.4;0.17;3.6;1.9;0;626;192;89;56;97240;4.48;24.04;0.32;0.36
2016;8;6;219;23.4;19.5;16.2;13;11.9;10.7;0.3;-3;0.17;3.6;1.9;0;599;171;87;56;98061;4.47;0.56;0.33;0.36
2016;8;7;220;24.1;19.7;15;14.4;11.5;9.6;-0.3;-1.7;0.17;3.5;1.9;0;612;218;113;83;98479;4.34;0;0.32;0.36
2016;8;8;221;25.4;20.2;13.2;15.6;13.4;11.7;0.1;0;0.17;3.5;1.9;0;698;242;121;85;98082;4.32;0;0.32;0.36
2016;8;9;222;25.8;20.5;14.7;16;14.3;12.4;-0.1;-0.5;0.17;3.5;1.9;0;660;209;109;70;97616;3.89;0.73;0.32;0.36
2016;8;10;223;16.8;14.5;11;13.4;11.6;8.8;0.9;-1.5;0.17;3.5;1.9;0;140;45;68;32;97577;2.03;11.67;0.32;0.36
2016;8;11;224;18.4;13.8;8.7;9.8;7.7;5.3;0.4;-1.2;0.17;3.5;1.9;0;520;151;107;72;98091;2.84;0.14;0.32;0.36
2016;8;12;225;19.4;15.3;8.1;12.7;9.1;6.4;0.6;-0.3;0.17;3.5;1.9;0;544;157;101;56;98433;2.61;0.04;0.32;0.36
2016;8;13;226;22.8;18.6;15.3;15;13.3;12.1;0.1;0.8;0.17;3.5;1.9;0;596;154;92;48;98431;2.76;0;0.32;0.36
2016;8;14;227;26.5;20.6;12.9;18.4;15.2;12;0.4;1;0.17;3.5;1.9;0;623;210;99;68;98167;3.64;0.01;0.31;0.36
2016;8;15;228;24.7;19.7;16.5;18.4;16.8;14.5;0.1;-0.2;0.17;3.5;1.9;0;528;137;78;45;97986;2.37;14.25;0.31;0.36
2016;8;16;229;24.2;19.8;16;17.9;16.4;15.8;0.1;0.1;0.17;3.5;1.9;0;570;177;84;51;97570;3.35;0.8;0.32;0.36
2016;8;17;230;21.5;18.7;14.9;16;14.1;12.5;-0.6;-0.7;0.17;3.5;1.9;0;482;148;81;48;97204;2.79;0.73;0.32;0.36
2016;8;18;231;23.1;19.8;16;16.7;15.3;13;-0.2;0.9;0.16;3.4;1.9;0;525;168;80;55;97124;2.93;0.63;0.32;0.36
2016;8;19;232;23.8;19.6;15.1;17.8;16.4;14.6;-0.1;0.3;0.16;3.4;1.9;0;564;168;76;56;97288;3.02;3.8;0.32;0.36
2016;8;20;233;26;20.6;14.6;17.8;16.4;14.6;-0.3;1;0.16;3.4;1.9;0;516;167;90;51;97562;3.19;0.05;0.32;0.36
2016;8;21;234;21.1;18.7;16;19.1;14.7;9.5;0.3;-1.2;0.16;3.4;1.9;0;250;73;43;31;97691;2.27;16.37;0.33;0.36
2016;8;22;235;21.5;18;15.3;11.7;10.2;9.1;1.1;-3.1;0.16;3.4;1.9;0;508;156;89;64;98274;3.46;0.08;0.33;0.36
2016;8;23;236;24.5;19.4;14.8;13.9;11.7;10.3;-0.1;-2.2;0.16;3.3;1.9;0;659;215;113;82;98503;4.1;0;0.32;0.36
2016;8;24;237;24.5;19.9;15;15.2;13.8;12.9;-0.5;-1.5;0.16;3.3;1.9;0;511;167;95;62;98392;3.18;0.02;0.32;0.36
2016;8;25;238;24.4;19.7;13.8;15.5;13.9;12.3;-0.6;-0.6;0.16;3.3;1.9;0;543;196;109;73;98205;3.26;0;0.32;0.36
2016;8;26;239;25;20;13.6;15.9;13.7;12.4;-0.4;0.1;0.16;3.3;1.9;0;616;206;121;80;98148;3.47;0;0.31;0.36
2016;8;27;240;26.9;21.2;13.8;17;15.3;12.4;-0.1;0.9;0.16;3.2;1.9;0;643;213;113;80;98083;3.52;0;0.31;0.36
2016;8;28;241;27.3;22;16.3;17.9;15.8;14.4;-0.1;1.1;0.16;3.2;1.9;0;639;209;109;78;97821;3.41;0;0.31;0.36
2016;8;29;242;26.8;20.8;15.8;19.3;17.5;14.4;0.6;0;0.16;3.2;1.9;0;520;166;86;56;97680;2.86;10.81;0.3;0.36
2016;8;30;243;24.3;20.2;16.1;17;14.7;12.7;-0.3;-1.3;0.16;3.2;1.9;0;527;164;85;61;98119;3.26;0.11;0.31;0.36
2016;8;31;244;22.9;19.2;14.5;14.8;12.1;10.7;-0.9;-0.3;0.16;3.1;1.9;0;627;182;110;77;98224;3.02;0;0.31;0.36
2016;9;1;245;24.9;20.1;13.5;16.6;13.9;11.3;0.3;0.1;0.16;3.1;1.9;0;623;195;112;74;98061;3.07;0.02;0.31;0.36
2016;9;2;246;25.4;20.1;14.3;17.1;15;13.5;0.3;-0.5;0.16;3.1;1.9;0;563;160;100;65;97968;2.69;0.07;0.3;0.35
2016;9;3;247;25.7;20.6;13.9;17.2;15.3;13.3;0.3;0.3;0.16;3.1;1.9;0;502;163;89;66;97871;2.7;0.18;0.3;0.35
2016;9;4;248;26.8;21.1;15.1;18.4;16.8;14;0.9;0.5;0.16;3.1;1.9;0;551;165;92;57;97520;2.73;0.61;0.3;0.35
2016;9;5;249;21.4;18.4;15.5;17;12.9;9.1;0.9;-1.2;0.16;3;1.9;0;572;121;95;56;97452;2.64;6.77;0.3;0.35
2016;9;6;250;16.2;15.1;14.3;13.2;12;10.4;0.4;-2.7;0.16;3;1.9;0;120;43;60;31;97981;2.14;11.83;0.31;0.35
2016;9;7;251;23.2;18.8;15;16.8;15.3;12.8;-0.3;-1.6;0.16;3;1.9;0;470;133;86;41;98146;2.53;1.31;0.31;0.35
2016;9;8;252;24.3;19.1;13.1;17.3;15.3;12.6;0.2;-0.9;0.16;3;1.9;0;532;154;88;60;97664;2.53;0.5;0.31;0.35
2016;9;9;253;26.5;20.6;14;16.7;14.8;12.8;0;-1;0.15;2.9;1.9;0;559;174;102;71;97625;2.99;0.01;0.31;0.35
2016;9;10;254;25.8;20.6;14.4;17.3;15.4;13.1;-0.1;-1;0.15;2.9;1.9;0;515;165;96;66;97647;2.67;0.52;0.3;0.35
2016;9;11;255;25.8;20.5;14.7;19.1;16.1;13.3;0.2;-0.9;0.15;2.9;1.9;0;537;156;96;62;97799;2.53;1.31;0.3;0.35
2016;9;12;256;26.5;20.7;14.6;18.4;16.7;13.6;0.7;0.2;0.15;2.9;1.9;0;562;160;101;65;97910;2.7;1.05;0.3;0.35
2016;9;13;257;26.3;20.6;14.2;18.5;16.2;14.1;0.2;-0.1;0.15;2.9;1.9;0;513;156;98;62;97694;2.51;1.04;0.3;0.35
2016;9;14;258;24.9;19.8;15.3;17.8;16;14.4;0.1;0;0.15;2.8;1.9;0;530;161;99;69;97531;2.48;0.29;0.3;0.35
2016;9;15;259;24.8;19.6;13.9;16.7;15.2;13.8;0.1;1.2;0.15;2.8;1.9;0;501;151;97;64;97500;2.45;0.13;0.3;0.35
2016;9;16;260;25.9;20.4;15.3;16.9;15.7;14.3;1.1;1.7;0.15;2.8;1.9;0;556;154;99;68;97263;2.39;0.02;0.29;0.35
2016;9;17;261;20.6;17.6;14.4;16.2;14.5;11.8;0.2;0.2;0.15;2.7;1.9;0;432;94;68;44;96958;2;9.43;0.3;0.35
2016;9;18;262;18.5;15.4;12.8;15.5;14;12.4;-0.4;-0.3;0.15;2.7;1.9;0;280;78;56;40;97077;1.26;8.19;0.3;0.35
2016;9;19;263;20.8;16.6;13.1;13.6;12.1;10.1;0.3;-2.4;0.15;2.6;1.9;0;393;116;82;50;96952;2.37;1.1;0.31;0.35
2016;9;20;264;19.1;15.5;12.8;9.8;7.5;6.1;-0.5;-2.5;0.15;2.6;1.9;0;431;134;90;64;97389;2.37;0;0.31;0.35
2016;9;21;265;15.9;13.3;10.4;9;6.9;4.9;-0.4;-0.5;0.15;2.6;1.9;0;378;94;86;57;97726;1.44;0.07;0.3;0.35
2016;9;22;266;17.2;12.7;8.5;9;7.3;5.7;-0.3;-0.2;0.15;2.5;1.9;0;439;135;114;71;98121;1.84;0.25;0.3;0.35
2016;9;23;267;18.8;14;8.3;10.5;8.6;6.3;-0.1;0.3;0.15;2.5;1.9;0;544;146;111;72;98406;1.82;0;0.3;0.35
2016;9;24;268;20.2;15.2;9.8;11.4;9.8;8.8;0.3;0.2;0.15;2.4;1.9;0;466;133;103;71;98513;1.76;0;0.3;0.35
2016;9;25;269;20.3;14.8;8.3;11.5;9.5;7.7;0;0.3;0.15;2.4;1.9;0;552;152;122;71;98090;1.94;0;0.3;0.35
2016;9;26;270;17.7;15;11.5;12.1;10.7;9.5;-0.6;0.1;0.15;2.4;1.9;0;354;100;72;50;98109;1.26;0.42;0.3;0.35
2016;9;27;271;18.7;15.3;11.3;12;10.1;8.4;-0.2;0.1;0.15;2.3;1.9;0;418;106;87;53;98470;1.35;0.2;0.3;0.35
2016;9;28;272;21.2;15.1;8.6;12.1;9.8;7.8;0.9;0.7;0.15;2.3;1.9;0;530;152;123;79;98698;1.85;0;0.29;0.35
2016;9;29;273;24;16.7;10.1;13.7;11.7;9.1;0.7;0.9;0.15;2.2;1.9;0;525;148;117;79;98214;1.86;0;0.29;0.35
2016;9;30;274;23.2;16.7;10.3;14.1;12.3;9.9;0.5;0.6;0.15;2.2;1.9;0;536;145;113;79;97672;1.72;0;0.29;0.35
2016;10;1;275;23;16.5;10.4;13;10.9;9.8;1.3;1.3;0.15;2.2;1.9;0;524;150;120;83;97303;1.83;0;0.29;0.35
2016;10;2;276;15.8;14;11.8;14.3;12.4;10.4;0.7;-0.2;0.14;2.1;1.9;0;115;30;65;31;97357;0.55;6.03;0.29;0.35
2016;10;3;277;16.3;13.2;9.5;11.4;7.6;5.2;1.3;-1;0.14;2.1;1.9;0;361;96;100;60;97977;1.68;0.8;0.29;0.35
2016;10;4;278;13.3;10.3;7.4;7.9;5.4;1;1.7;-2.2;0.14;2;1.9;0;314;67;93;50;98071;1.7;3.42;0.29;0.35
2016;10;5;279;12;8.5;5.7;0.8;-1;-3.1;1.2;-2.5;0.14;2;1.9;0;503;135;119;93;98095;1.59;0.04;0.29;0.35
2016;10;6;280;13.4;8.6;4.4;6.2;1.7;-2;0.4;0.1;0.14;2;1.9;0;329;66;72;47;97394;0.89;0.19;0.29;0.35
2016;10;7;281;9.9;8;4.7;7;5.6;3.8;-1;-0.1;0.14;1.9;1.9;0;168;49;73;35;97570;0.91;1.84;0.29;0.35
2016;10;8;282;11.7;8;4.3;6.7;5.1;3.8;0.3;0.3;0.14;1.9;1.9;0;299;68;58;35;97793;0.76;3.24;0.29;0.35
2016;10;9;283;12.7;9;6.2;6.6;4.9;3;-0.3;-0.5;0.14;1.8;1.9;0;422;106;101;59;98082;1.26;2.06;0.3;0.35
2016;10;10;284;9.9;7.2;4.1;6.2;5;3;-0.2;-1.2;0.14;1.8;1.9;0;221;59;62;43;97950;0.82;6.04;0.3;0.35
2016;10;11;285;8.1;6.4;3.8;5.2;4.1;2.3;-0.5;-1.6;0.14;1.8;1.9;0;187;47;71;31;97393;1.36;5.15;0.31;0.35
2016;10;12;286;11.7;7;3.2;2.6;1.6;0.6;1.3;-1.4;0.14;1.7;1.9;0;304;74;90;54;97305;0.96;0.02;0.31;0.35
2016;10;13;287;12.9;7.3;0.8;4.8;2.9;0;-0.1;0.9;0.14;1.7;1.9;0;435;109;103;62;97700;0.98;0;0.3;0.35
2016;10;14;288;15.5;10.7;6.1;8;6.3;4.4;-1.3;1.5;0.14;1.6;1.9;0;368;92;77;47;97692;0.91;0.01;0.3;0.35
2016;10;15;289;15.5;11.3;7.4;11.2;8.8;6;-0.4;0;0.14;1.6;1.9;0;380;84;75;44;97538;0.67;0.01;0.3;0.35
2016;10;16;290;18.4;13.2;9.3;11.8;10.5;9.2;-0.1;0.1;0.14;1.6;1.9;0;427;95;87;39;98136;0.93;0.14;0.3;0.35
2016;10;17;291;16.1;13.3;11.2;11.5;10.9;10;-1.1;1;0.14;1.6;1.9;0;262;56;47;24;98406;0.73;0.75;0.3;0.35
2016;10;18;292;11.3;8.8;7.6;10.4;7.9;6.9;-0.9;0;0.14;1.6;1.9;0;78;20;21;11;98199;0.82;8.99;0.31;0.35
2016;10;19;293;12.1;9.3;6.6;8.1;7.6;6.3;-0.7;0.5;0.14;1.5;1.9;0;160;43;36;21;97862;0.68;6.35;0.31;0.35
2016;10;20;294;8.5;7.5;5.5;7.8;6.5;4.8;0.3;-0.8;0.13;1.5;1.9;0;58;15;49;21;97453;0.61;15.11;0.33;0.35
2016;10;21;295;9.1;6.6;4.9;6.1;5;3.7;1;-0.2;0.13;1.5;1.9;0;218;42;86;37;97368;0.79;9.56;0.34;0.35
2016;10;22;296;11.6;7.2;2.7;5.7;3.9;2;0.4;1.2;0.13;1.5;1.9;0;351;78;83;58;97574;0.78;0.03;0.34;0.35
2016;10;23;297;14.5;8.6;3.9;7.6;5.8;3.8;0.2;1.7;0.13;1.5;1.9;0;389;90;90;56;97666;0.76;0;0.34;0.35
2016;10;24;298;18.9;12.3;5.7;12.7;9.7;5.3;1;1.7;0.13;1.5;1.9;0;343;88;91;63;97798;0.63;0;0.34;0.35
2016;10;25;299;20.2;14.7;10.3;14;12.2;9.6;0.4;0.3;0.13;1.5;1.9;0;339;76;74;40;97947;0.79;17.88;0.34;0.35
2016;10;26;300;15.4;12.6;10.3;12.1;9.5;6.4;-1;-1;0.13;1.4;1.9;0;279;64;72;38;98395;0.89;5.37;0.36;0.35
2016;10;27;301;10.8;9.7;9.1;6.7;5.4;3.9;-0.6;0;0.13;1.4;1.9;0;154;34;48;28;98935;0.46;0.25;0.36;0.35
2016;10;28;302;11.9;8.9;5.3;6.9;5.8;4.3;0.1;0.7;0.13;1.4;1.9;0;299;70;92;54;99152;0.61;0.04;0.36;0.35
2016;10;29;303;13.9;9.6;5.2;8.4;6.3;4.3;0.5;-0.2;0.13;1.4;1.9;0;184;49;69;38;98730;0.43;0.02;0.35;0.35
2016;10;30;304;13.4;9.1;5.3;7.1;5.2;4.4;-0.2;0.1;0.13;1.4;1.9;0;305;67;78;48;98559;0.59;0.01;0.35;0.35
2016;10;31;305;11.9;7.6;3.6;4.6;3.5;2.2;-0.2;0.4;0.13;1.4;1.9;0;375;97;120;79;98650;0.7;0;0.35;0.35
2016;11;1;306;14;7.1;1.3;7.1;4;0.6;0.5;0.6;0.12;1.4;1.9;0;392;96;113;76;98079;0.69;0;0.35;0.35
2016;11;2;307;15;8.7;3.5;8.9;6;2.9;0.3;-0.2;0.12;1.4;1.9;0;362;82;102;57;97316;0.63;2.59;0.35;0.35
2016;11;3;308;10.1;6.6;3.8;4.8;3.1;0.8;-0.2;0.3;0.12;1.3;1.9;0;318;72;89;58;97916;0.82;0.8;0.35;0.35
2016;11;4;309;8.9;4.5;1.1;3.5;1.8;0.7;-0.3;1.6;0.12;1.3;1.9;0;317;79;105;69;97911;0.61;0;0.35;0.35
2016;11;5;310;10.5;6.3;0.6;9.1;4.7;-0.7;0.6;1.3;0.12;1.3;1.9;0;216;46;66;36;96745;0.32;4.6;0.35;0.35
2016;11;6;311;10.1;8;3.8;9.3;7;2.4;-0.2;-0.9;0.12;1.3;1.9;0;70;13;20;9;95811;0.7;22.53;0.37;0.35
2016;11;7;312;7.1;4.9;3.5;4;3.1;2.2;0;0;0.12;1.3;1.9;0;177;37;58;31;96592;0.67;2.48;0.38;0.35
2016;11;8;313;4;2.4;1.1;3.1;1.5;0.4;-0.1;-1.1;0.14;1.3;1.9;1.22;63;14;42;21;96854;0.51;10.05;0.38;0.35
2016;11;9;314;6.7;2.1;-2.9;0;-1.9;-3.9;0.4;0.4;0.15;1.3;1.9;1.92;367;86;123;74;96783;0.65;0.07;0.38;0.35
2016;11;10;315;9.5;4.4;1.1;2.6;0.8;-0.7;0.3;0.9;0.14;1.2;1.9;1.49;364;74;109;59;96866;0.54;0.39;0.38;0.35
2016;11;11;316;8.6;3.7;0;4.3;1.6;-1.2;0.1;-0.9;0.13;1.2;1.9;1.09;295;58;82;40;97133;0.57;13.62;0.38;0.35
2016;11;12;317;4.6;3.1;1.2;2.3;-0.2;-3.1;0.3;-3.4;0.13;1.2;1.9;1.39;113;23;67;31;97571;1.3;12.26;0.4;0.35
2016;11;13;318;5.1;1.1;-1.8;-2.8;-4.7;-6;-0.1;-1.2;0.13;1.2;1.9;1.36;356;77;116;79;98420;0.45;0;0.4;0.35
2016;11;14;319;3;0.6;-2.2;-1.6;-3.6;-6;-0.2;-0.7;0.13;1.2;1.9;1.23;187;43;62;38;99086;0.27;0.04;0.4;0.35
2016;11;15;320;3.5;0.5;-0.9;-1.8;-2.9;-3.7;0.2;1.2;0.13;1.2;1.9;1.15;283;67;97;58;98998;0.32;0.02;0.4;0.35
2016;11;16;321;5;2.3;0.1;1.4;-0.7;-2.8;0.1;0.8;0.13;1.2;1.9;1.03;145;30;39;10;98137;0.3;4.05;0.4;0.35
2016;11;17;322;10.3;4.7;1.2;5.1;2.6;0.4;0.7;0.8;0.12;1.2;1.9;0.78;265;57;87;47;97565;0.41;1.28;0.4;0.35
2016;11;18;323;13.5;8.2;1.8;9.5;6.3;0.9;0.7;2.6;0.12;1.2;1.9;0.43;208;46;69;41;97278;0.18;0.06;0.4;0.35
2016;11;19;324;13.9;10.9;8.2;11.7;9.6;7;-0.1;2.1;0.11;1.2;1.9;0.09;220;41;46;31;97118;0.73;6.65;0.4;0.35
2016;11;20;325;14.4;10;6.8;10.1;7.8;4.4;-0.1;1.6;0.11;1.2;1.9;0;221;44;73;35;97481;0.42;0.07;0.4;0.35
2016;11;21;326;15;10.7;7.2;10.6;9.2;7;0.2;2.5;0.11;1.2;1.9;0;232;52;66;47;97557;0.31;0;0.4;0.36
2016;11;22;327;16.1;11.6;9.2;10.5;9.5;8.3;0.2;2.6;0.11;1.2;1.9;0;248;55;90;57;97752;0.36;0.01;0.4;0.36
2016;11;23;328;14.8;10.5;8.1;10.5;9;7.5;0.3;1.9;0.11;1.2;1.9;0;203;42;74;50;97961;0.2;0;0.39;0.36
2016;11;24;329;15.5;10.4;7.4;11;9.1;7.4;0.3;0.9;0.11;1.2;1.9;0;205;47;76;42;97786;0.31;0.16;0.39;0.36
2016;11;25;330;8.8;8.1;7.4;8.2;7.7;6.9;-0.7;-0.8;0.11;1.2;1.9;0;73;12;14;7;97731;0.25;1.33;0.39;0.36
2016;11;26;331;8.7;7.5;6.8;6.9;6.5;6.2;-0.3;0;0.11;1.2;1.9;0;85;21;23;15;97621;0.26;0.28;0.39;0.36
2016;11;27;332;9.8;7.3;4.1;7.2;6;2.3;-0.4;0.2;0.11;1.2;1.9;0;134;26;52;26;97235;0.32;2.88;0.39;0.36
2016;11;28;333;3.7;1.7;-0.6;1.5;-6.1;-9.4;-0.6;-2.7;0.11;1.2;1.9;0;303;67;113;89;98005;0.69;0.01;0.39;0.36
2016;11;29;334;2.4;-0.5;-2.5;-6.3;-8.2;-9.8;-0.3;-1.4;0.11;1.2;1.9;0;309;69;122;94;98911;0.47;0;0.39;0.36
2016;11;30;335;4.3;-0.8;-3.8;-5.9;-7;-8.2;0.8;0.3;0.11;1.2;1.9;0;309;66;115;73;98752;0.17;0;0.39;0.36
2016;12;1;336;4.4;-0.1;-2.1;-1.1;-4;-6.1;0.9;-0.1;0.11;1.2;1.9;0;211;44;79;56;97859;0.15;0;0.38;0.36
2016;12;2;337;6.1;1;-2.5;1;-2.3;-4.6;0.4;0.1;0.11;1.2;1.9;0;136;30;66;42;97398;0.09;0.16;0.38;0.36
2016;12;3;338;4;0.2;-1.5;-0.4;-2.3;-3.6;-0.4;0.2;0.11;1.2;1.9;0;250;54;90;60;98305;0.19;0.01;0.38;0.36
2016;12;4;339;2.4;-0.4;-1.9;-1.6;-2.7;-3.5;-0.5;-0.2;0.11;1.2;1.9;0;235;50;83;58;98789;0.16;0;0.38;0.36
2016;12;5;340;3;-0.3;-2.6;-1.4;-2.5;-4;-0.1;0.3;0.11;1.2;1.9;0;246;52;100;58;98777;0.16;0;0.38;0.36
2016;12;6;341;4.1;-0.8;-4.3;-1;-3;-5.4;0.1;0;0.1;1.2;1.9;0;296;64;111;76;98792;0.06;0;0.38;0.36
2016;12;7;342;1.8;-1.6;-3.4;-1;-2.8;-4.2;0.4;0.5;0.11;1.2;1.9;0.05;187;39;76;51;99511;0.04;0.04;0.38;0.36
2016;12;8;343;4.3;-1.1;-3.9;-0.9;-3.3;-4.7;0.5;0.7;0.1;1.2;1.9;0.04;278;57;94;59;99209;0.08;0;0.38;0.36
2016;12;9;344;7.2;0.2;-3.3;0.8;-3.3;-5.7;1.2;-0.2;0.1;1.2;1.9;0;287;62;108;64;98740;0.08;0;0.38;0.36
2016;12;10;345;7.6;0.9;-2.4;1.8;-2.6;-5.3;1.3;-0.1;0.1;1.2;1.9;0;278;60;100;61;98408;0.08;0;0.37;0.36
2016;12;11;346;7.5;1.5;-2.7;2.6;-0.9;-3.8;0.9;-0.5;0.1;1.2;1.9;0;275;58;99;56;97650;0.1;0;0.37;0.36
2016;12;12;347;8.1;2.9;0.1;2.3;-0.2;-1.3;1;-0.4;0.1;1.2;1.9;0;217;46;84;39;97903;0.23;0.93;0.37;0.36
2016;12;13;348;1;-0.9;-2.1;-1.2;-4.6;-6.2;-0.5;0.9;0.11;1.2;1.9;0.48;148;34;77;42;98779;0.37;0.39;0.37;0.36
2016;12;14;349;5.4;1.4;-1.8;1.8;-1.4;-4.6;0.2;0.2;0.11;1.2;1.9;0.51;220;42;69;35;98319;0.16;0.66;0.37;0.37
2016;12;15;350;3.2;1.4;0.1;1.1;0;-1;-0.8;0.4;0.11;1.2;1.9;0.46;135;29;50;21;98759;0.11;0.23;0.37;0.37
2016;12;16;351;2;0.1;-1.9;-1.2;-2.1;-2.9;-0.3;0.3;0.11;1.2;1.9;0.49;145;30;61;36;99360;0.17;0.04;0.37;0.37
2016;12;17;352;4.4;-0.6;-3.5;-1.8;-3.3;-4.9;0.2;0.6;0.11;1.2;1.9;0.43;282;60;114;77;99497;0.12;0;0.37;0.37
2016;12;18;353;4.8;-0.6;-3.7;-1.6;-3.9;-6;0.3;0.1;0.11;1.2;1.9;0.37;245;53;90;60;99145;0.04;0.04;0.37;0.37
2016;12;19;354;-0.3;-1.7;-2.4;-2.4;-2.8;-3.4;-0.5;0.3;0.11;1.2;1.9;0.46;76;14;49;16;99182;0;0.13;0.37;0.37
2016;12;20;355;-0.2;-2.4;-3.7;-3.5;-4.1;-5.3;-0.6;0.8;0.11;1.1;1.9;0.53;208;42;93;48;98996;0.04;0;0.37;0.37
2016;12;21;356;-0.7;-3;-4.2;-4.3;-4.9;-5.5;-0.5;0.9;0.11;1.1;1.9;0.58;187;41;70;46;99198;0.03;0.02;0.37;0.37
2016;12;22;357;0.6;-2.9;-4.8;-4.8;-5.4;-6.2;-0.2;0.8;0.11;1.1;1.9;0.58;265;55;102;65;99240;0.03;0;0.37;0.37
2016;12;23;358;3.4;-1.9;-5.2;-3.3;-5;-6.8;0.2;0.4;0.11;1.1;1.9;0.52;269;57;92;63;99308;0;0;0.37;0.37
2016;12;24;359;3.4;-1.2;-4.1;-0.5;-3.2;-5.4;0.4;0.5;0.11;1.1;1.9;0.47;241;47;79;48;98787;0;0;0.37;0.37
2016;12;25;360;5.5;0.5;-2.2;1.2;-1.4;-3.5;1.2;0.3;0.11;1.1;1.9;0.41;202;39;78;27;98408;0.03;0.06;0.36;0.37
2016;12;26;361;7.9;1.8;-1.2;4.7;0.3;-2.2;1.1;-0.2;0.11;1.1;1.9;0.34;254;53;85;46;98440;0.07;0;0.36;0.37
2016;12;27;362;6.1;2.4;-1.7;-1.5;-4;-6.4;2.3;-1.8;0.1;1.1;1.9;0.28;276;58;112;66;98916;0.36;0;0.36;0.37
2016;12;28;363;4.6;2.9;0.3;2.3;-0.7;-5.6;0.2;-2.4;0.1;1.1;1.9;0.36;109;20;71;36;99123;0.94;7.39;0.37;0.37
2016;12;29;364;2.4;-0.4;-2.8;-5.4;-6.5;-7.1;-0.6;-1.2;0.11;1.1;1.9;0.88;279;58;111;87;99695;0.15;0;0.37;0.37
2016;12;30;365;2.2;-1.2;-4.4;-3.6;-6.4;-7.6;0.4;0;0.11;1.1;1.9;0.82;275;60;112;79;99604;0.04;0;0.37;0.37
2016;12;31;366;3.8;-2.1;-5.8;-4;-8.4;-11.3;0.8;0.1;0.11;1.1;1.9;0.79;280;61;118;78;99070;0.03;0;0.37;0.37
2017;1;1;1;4.6;-1.8;-5.7;-4.9;-8.5;-11.8;0.7;0.2;0.11;1.1;1.9;0.72;284;62;120;80;98125;0.01;0;0.37;0.37
2017;1;2;2;3.3;-2.2;-6.9;-3.8;-7.3;-10;0.4;-0.3;0.11;1.1;1.9;0.65;288;63;119;74;97619;0;0.09;0.37;0.37
2017;1;3;3;3.5;-1.2;-3.4;-3.3;-5.7;-8.3;1.1;0.4;0.11;1.1;1.9;0.79;284;61;120;71;98007;0.04;0.09;0.37;0.37
2017;1;4;4;3.5;-1;-3.2;-4.5;-6.2;-7.3;1.1;0.5;0.11;1;1.9;0.74;201;41;83;61;96852;0.01;0.03;0.37;0.37
2017;1;5;5;0.5;-2.1;-4.8;-7;-10.4;-14;0.5;-3.5;0.11;1;1.9;0.87;258;54;108;75;97482;0.05;0.27;0.36;0.37
2017;1;6;6;-4.6;-6.2;-8.3;-14.4;-17;-19;0.3;-5.2;0.11;1;1.9;1.05;217;46;98;78;98833;0;0.22;0.36;0.37
2017;1;7;7;-4.9;-7.5;-9.4;-15.9;-17.9;-19.4;-0.2;-1.6;0.12;1;1.9;1.15;286;61;126;86;98845;0;0.22;0.36;0.37
2017;1;8;8;-3.4;-5.6;-7.7;-9.4;-11.7;-15.4;-0.2;0.6;0.13;1;1.9;1.85;155;34;60;36;98349;0.01;0.79;0.36;0.37
2017;1;9;9;1.7;-3.1;-5.4;-6.4;-8.1;-10.5;-0.9;0.2;0.13;1;1.9;2.12;208;42;75;37;98132;0.04;0.66;0.36;0.37
2017;1;10;10;-4.9;-6.7;-9.7;-10.6;-14.3;-18.1;-1.4;1;0.14;1;1.9;2.81;169;35;89;54;97809;0.05;0.31;0.36;0.37
2017;1;11;11;-2.4;-7.2;-12.1;-12.1;-14.6;-17.3;0.9;1;0.14;1;1.9;2.86;296;65;115;72;97616;0.06;0.26;0.36;0.37
2017;1;12;12;1.8;-1.4;-5;-2.2;-7.5;-11.9;1.3;1.2;0.14;1;1.9;3.07;161;31;63;35;97061;0.05;0.02;0.36;0.37
2017;1;13;13;1.9;0.3;-1.7;0.9;-0.7;-4.9;0.5;0.7;0.19;1;1.9;6.07;60;9;34;16;95896;0.02;13.18;0.37;0.37
2017;1;14;14;2.1;-1.7;-5;-4.9;-6.3;-8.1;1.8;0.5;0.26;1;1.9;10.17;165;39;77;57;96516;0.31;0.25;0.37;0.37
2017;1;15;15;3;-2.3;-6.1;-4.9;-8.2;-10.4;1;-0.1;0.25;1;1.9;9.56;253;57;114;64;97577;0.19;0.02;0.37;0.37
2017;1;16;16;-0.3;-3.4;-6.1;-6.1;-8.2;-11.4;-0.6;-1.7;0.24;1;1.9;9.14;172;37;62;43;97822;0.26;0.26;0.37;0.37
2017;1;17;17;-0.7;-2.6;-3.7;-7;-7.9;-8.7;-0.8;-3.5;0.24;1;1.9;9.1;176;38;80;54;98401;0.34;0.07;0.37;0.37
2017;1;18;18;-0.4;-3.4;-6;-7;-8.4;-10.3;-0.8;-2.2;0.24;1;1.9;8.9;207;47;90;58;99030;0.21;0.06;0.37;0.37
2017;1;19;19;-0.4;-3.3;-4.8;-6.4;-8.6;-10.7;-0.5;-0.7;0.23;0.9;1.9;8.57;283;63;112;67;99326;0.14;0;0.37;0.37
2017;1;20;20;0.2;-4.4;-7.8;-6;-8;-9.8;0.3;0.7;0.22;0.9;1.9;8.01;291;65;114;68;99339;0.13;0;0.37;0.37
2017;1;21;21;1.2;-5.5;-10.3;-6.4;-9.5;-13.1;0.3;0.5;0.21;0.9;1.9;7.47;298;66;112;68;99080;0.13;0;0.37;0.37
2017;1;22;22;0.9;-5.1;-9.6;-6.5;-8.8;-12.1;-0.1;0.5;0.2;0.9;1.9;7;297;66;103;60;98996;0.11;0;0.37;0.37
2017;1;23;23;-2.4;-6.1;-8.8;-7;-8.3;-10.3;-0.3;0.6;0.2;0.9;1.9;6.78;230;53;83;43;98463;0.08;0.03;0.37;0.37
2017;1;24;24;-2;-5.5;-7.7;-7.3;-8.3;-9.3;-0.2;0;0.2;0.9;1.9;6.76;224;46;78;43;98322;0.09;0.04;0.36;0.37
2017;1;25;25;-0.3;-4.7;-10.5;-6.2;-8.5;-12.2;0.4;-0.1;0.2;0.9;1.9;6.69;235;52;81;42;98701;0.12;0.1;0.36;0.37
2017;1;26;26;-0.2;-2.2;-3.8;-5;-6;-7.1;0;0;0.2;0.9;1.9;6.74;157;33;55;28;98989;0.09;0.13;0.36;0.37
2017;1;27;27;0.2;-3.6;-7.1;-5.1;-6.5;-8.1;-0.3;1.2;0.2;0.9;1.9;6.71;300;67;111;61;98674;0.15;0.06;0.36;0.37
2017;1;28;28;-0.6;-6;-9.5;-5.8;-8.2;-10.9;-0.4;0.1;0.2;0.9;1.9;6.63;283;66;97;54;98303;0.12;0.03;0.36;0.37
2017;1;29;29;-1.3;-5.6;-8.6;-5.9;-7.6;-9.6;-0.1;0.3;0.2;0.9;1.9;6.59;232;51;75;37;98458;0.1;0.1;0.36;0.37
2017;1;30;30;-1.9;-6.3;-8.6;-6.7;-8.6;-10.2;-0.5;0.8;0.2;0.9;1.9;6.62;241;56;83;41;98219;0.1;0.09;0.36;0.37
2017;1;31;31;4;-3.7;-9.4;-0.2;-6.2;-11;-0.5;0.2;0.2;0.9;1.9;6.46;303;64;76;33;97750;0.11;2.31;0.36;0.37
2017;2;1;32;1.6;-1.2;-3.4;-0.6;-2.4;-4.4;-0.1;-0.4;0.21;0.9;1.9;7.46;115;26;20;11;97841;0.18;2.87;0.36;0.37
2017;2;2;33;9;2;-3.2;5.2;0.7;-3.7;0.8;1;0.19;0.9;1.9;6.34;254;61;94;42;97581;-0.15;0;0.37;0.37
2017;2;3;34;11.6;5.1;0.9;5.8;3.3;0.7;1.6;1.8;0.15;0.9;1.9;3.52;355;75;92;50;96941;-0.17;0.55;0.37;0.37
2017;2;4;35;8.8;3.8;-0.4;4.2;2.3;-0.7;0.5;1;0.13;0.9;1.9;1.77;300;68;78;40;96575;0.1;1.62;0.37;0.37
2017;2;5;36;10.3;3.5;-2.3;3.3;1;-3.3;0.7;1;0.12;0.9;1.9;1.08;392;85;110;53;96516;0.28;4.18;0.37;0.37
2017;2;6;37;4.1;2.9;1.3;3.2;1.7;0;-0.4;-2.4;0.11;0.8;1.9;0.77;63;14;20;7;96834;0.43;17.15;0.39;0.37
2017;2;7;38;6.3;1.6;-1.1;-0.2;-2.5;-4;-0.7;-0.9;0.11;0.8;1.9;0.57;333;77;96;60;97494;0.46;0.28;0.39;0.37
2017;2;8;39;2.7;-0.5;-2.4;-4;-4.5;-5.2;-1.2;0;0.11;0.8;1.9;0.51;281;65;79;45;98049;0.07;0.08;0.39;0.37
2017;2;9;40;0.6;-0.8;-1.8;-2.2;-3.7;-5.1;-1;-0.6;0.12;0.8;1.9;1.06;124;31;28;19;98550;0.05;1.53;0.39;0.37
2017;2;10;41;1;-0.6;-1.8;-2;-3.3;-4.4;-1.1;0;0.14;0.8;1.9;2.46;180;43;53;25;98493;0.08;0.66;0.39;0.37
2017;2;11;42;3.8;0.5;-1.9;-1.6;-2.5;-3.7;-1.2;0.7;0.14;0.8;1.9;2.6;294;70;65;36;98426;0.09;0.12;0.39;0.37
2017;2;12;43;3.1;0.8;-0.9;-1.7;-2.1;-3.2;-1.2;0.1;0.14;0.8;1.9;2.35;222;45;40;21;98821;0.12;0.13;0.39;0.37
2017;2;13;44;2.9;0.3;-1.1;-2.4;-3.2;-3.9;-0.9;-0.1;0.14;0.8;1.9;2.52;272;63;82;43;99199;0.21;0.28;0.39;0.37
2017;2;14;45;6.1;0.9;-1.9;-1.4;-2.8;-4;0.1;0.8;0.13;0.8;1.9;2.19;432;108;126;79;99318;0.19;0;0.38;0.37
2017;2;15;46;9.7;2.6;-2.9;1.2;-2.7;-5.4;0.3;0;0.13;0.8;1.9;1.57;437;112;126;77;99322;0.27;0;0.38;0.37
2017;2;16;47;9.4;2.6;-3.4;0.6;-2.1;-5.3;0.1;0.2;0.12;0.8;1.9;1.07;443;114;123;76;99027;0.26;0;0.38;0.37
2017;2;17;48;9.3;2.6;-2;1.8;-0.7;-3.5;0.2;0;0.12;0.8;1.9;0.73;416;94;101;51;98222;0.23;4.28;0.38;0.37
2017;2;18;49;8.1;2.7;-1.9;2.4;0.2;-2.4;0.1;-0.4;0.11;0.8;1.9;0.53;348;92;99;54;98276;0.57;0.92;0.39;0.37
2017;2;19;50;6.9;1.7;-4.3;1.5;-1.6;-4.9;0.4;0.5;0.11;0.8;1.9;0.37;299;78;92;58;98264;0.42;0.33;0.39;0.37
2017;2;20;51;9.3;2.9;-1.6;1.7;-0.7;-2.7;0.6;0.8;0.11;0.8;1.9;0.26;392;96;103;60;97940;0.35;0;0.38;0.37
2017;2;21;52;7.8;4.2;0;4.5;1.8;-1.4;1.4;0.4;0.11;0.9;1.9;0.18;187;45;47;22;97323;0.2;0.64;0.38;0.37
2017;2;22;53;14.7;7.3;1.8;5.7;3.6;0.9;1.2;0.9;0.11;0.9;1.9;0.09;460;107;118;56;97175;0.62;0.35;0.38;0.37
2017;2;23;54;13.9;7.3;2.1;4.4;2.7;1.1;2.4;1.6;0.11;0.9;1.9;0;442;99;109;69;96674;0.6;0;0.38;0.37
2017;2;24;55;11.2;6.2;2;5.2;3.1;1.3;1.1;0;0.11;0.9;1.9;0;282;48;68;39;96736;0.42;3.45;0.38;0.37
2017;2;25;56;8.6;3;-3.4;1.8;-3.3;-6.2;0.3;0.3;0.11;0.9;1.9;0;464;128;133;86;98098;0.85;0.12;0.38;0.37
2017;2;26;57;8.8;3.1;-1.4;-0.6;-3.2;-5.8;0.4;0.9;0.11;0.9;1.9;0;430;111;100;65;97797;0.54;0;0.38;0.37
2017;2;27;58;13;5.8;-0.2;3.5;-0.1;-3.1;0.9;2.1;0.11;0.9;1.9;0;412;110;111;67;97105;0.7;0;0.38;0.37
2017;2;28;59;12.5;8;2.5;6.6;2.5;-1.7;1.4;3.8;0.11;0.9;1.9;0;412;93;88;59;96222;0.91;1.6;0.38;0.37
2017;3;1;60;11.2;6;2;6.5;0.1;-4.1;1.1;0.3;0.12;0.9;1.9;0;445;91;119;59;96593;1.04;5.75;0.38;0.37
2017;3;2;61;11.4;5.7;0.6;5;1.8;-2.6;0.4;0.4;0.12;0.9;1.9;0;309;76;76;41;97230;0.52;0.77;0.38;0.37
2017;3;3;62;12.4;6.9;1.2;3.5;1.9;-0.4;0.5;2;0.12;0.9;1.9;0;432;116;90;67;97672;0.84;0;0.38;0.37
2017;3;4;63;15.2;10;5.2;6.3;4.1;2.6;1.3;3.5;0.12;1;1.9;0;514;135;109;80;96610;1.06;0.45;0.38;0.37
2017;3;5;64;12.9;8.2;3.9;6.1;3.7;2.5;1;2.5;0.12;1;1.9;0;436;97;92;74;96551;0.81;0.06;0.38;0.37
2017;3;6;65;10.9;6;1.9;3.2;1.9;0.5;0;0.9;0.12;1;1.9;0;416;97;108;65;96336;0.72;0.55;0.38;0.37
2017;3;7;66;10.3;6.2;2.5;2.8;0.2;-2.5;0.1;-2.5;0.12;1;1.9;0;338;93;86;57;96800;0.92;0.61;0.38;0.37
2017;3;8;67;11.3;6.9;2.6;0.9;-0.8;-2;-0.5;-1.8;0.12;1;1.9;0;543;150;135;83;97978;1.09;0;0.37;0.37
2017;3;9;68;14.2;7.6;1.6;6.3;3.1;-0.7;0.3;0;0.12;1;1.9;0;495;114;108;51;97729;0.92;1.37;0.37;0.37
2017;3;10;69;9.6;6;2.4;3;0.2;-1.6;1.8;-3.3;0.12;1;1.9;0;451;119;106;70;97662;1.2;1.5;0.37;0.37
2017;3;11;70;10.6;6.5;3.4;-0.3;-2.6;-4.6;-0.7;-2.4;0.12;1;1.9;0;497;145;124;80;98043;1.14;0;0.37;0.37
2017;3;12;71;8.6;4.5;0.5;0.1;-2.2;-3.9;-0.7;-1.3;0.12;1;1.9;0;440;126;111;73;97719;0.91;0.32;0.37;0.37
2017;3;13;72;9.7;4.4;-1.5;0.5;-2;-3.4;0.4;-0.4;0.13;1;1.9;0;574;168;142;89;98210;0.99;0;0.37;0.37
2017;3;14;73;13.9;6.4;-2;2.1;-0.5;-3.2;0.6;-1.2;0.13;1.1;1.9;0;572;145;135;74;98634;1.05;0;0.37;0.37
2017;3;15;74;14.2;7.4;-0.5;7.1;2.2;-1.4;0.6;-0.7;0.13;1.1;1.9;0;460;117;98;62;98594;0.85;0;0.37;0.37
2017;3;16;75;15.4;8.6;0.8;4.4;2;0.4;0.6;0;0.13;1.1;1.9;0;546;163;131;82;98232;1.24;0.09;0.37;0.37
2017;3;17;76;16.8;9.7;4.1;6.1;3.1;0;0.4;0.9;0.13;1.1;1.9;0;586;171;132;85;97464;1.29;0.02;0.36;0.37
2017;3;18;77;13.2;8.8;4.5;7.8;5.4;3.3;0.2;0.2;0.13;1.1;1.9;0;293;71;84;44;96663;0.6;0.79;0.36;0.37
2017;3;19;78;12.2;8;4.5;8;6;3.3;0.1;0.7;0.13;1.1;1.9;0;233;64;64;35;96944;0.87;2.43;0.36;0.37
2017;3;20;79;17.2;10.6;3.6;8.7;6.5;3.2;-0.2;0.3;0.13;1.2;1.9;0;435;120;95;57;97029;0.98;0;0.36;0.37
2017;3;21;80;15.9;10.3;3;9;6.7;2.7;-0.3;0.2;0.13;1.2;1.9;0;461;104;94;57;96969;0.83;0;0.36;0.37
2017;3;22;81;17.3;11;4.1;8.7;6.7;3.5;0.1;0.6;0.13;1.2;1.9;0;421;124;88;59;97068;1.09;0.17;0.36;0.37
2017;3;23;82;18.7;11.6;4.8;8.8;6.4;4.7;0.7;1.4;0.13;1.2;1.9;0;518;151;116;72;97507;1.39;0.01;0.36;0.37
2017;3;24;83;16.3;10.4;3.7;7.7;6;3.2;-0.8;-0.4;0.13;1.2;1.9;0;567;159;115;81;98211;1.26;0;0.36;0.37
2017;3;25;84;12.8;8.6;4.9;4;2.9;2;-1;-0.2;0.13;1.2;1.9;0;561;142;102;66;98348;1.16;0.02;0.36;0.37
2017;3;26;85;11;6.9;3.2;1.8;-2.2;-6.4;-1.4;-1.8;0.14;1.3;1.9;0;656;165;147;84;98069;1.37;0;0.35;0.37
2017;3;27;86;12.4;6.3;-0.4;1.6;-1.8;-3.7;0.3;-0.2;0.14;1.3;1.9;0;639;198;145;100;98473;1.47;0;0.35;0.37
2017;3;28;87;17.8;9;-0.4;3.8;0.5;-3.3;0.8;0.8;0.14;1.3;1.9;0;640;199;146;96;98237;1.75;0;0.35;0.37
2017;3;29;88;20.5;12.2;2.8;8.1;3.9;1;0.9;-0.7;0.14;1.3;1.9;0;633;179;133;83;98246;1.7;0;0.35;0.37
2017;3;30;89;18;12.1;4.4;7.6;5.4;3.1;-0.3;-0.1;0.14;1.3;1.9;0;407;132;101;66;98522;1.31;0;0.35;0.37
2017;3;31;90;20;13.3;5.6;7.7;6.4;4.3;-0.2;1.7;0.14;1.4;1.9;0;632;198;130;89;98140;1.86;0;0.34;0.37
2017;4;1;91;21.1;13.9;6.7;7.3;5.8;4.3;0.2;2;0.14;1.4;1.9;0;643;196;133;94;97432;1.93;0.1;0.34;0.37
2017;4;2;92;20.9;14.2;5.1;7.3;5.6;3.7;0.2;1.1;0.14;1.4;1.9;0;632;195;139;93;97536;1.95;0;0.34;0.37
2017;4;3;93;21.3;14.4;5.7;6.7;4.7;2.5;-0.6;-1.6;0.14;1.4;1.9;0;647;198;142;92;97748;2.1;0.02;0.34;0.37
2017;4;4;94;19.2;13.2;7.4;7.6;6.7;5.6;0.3;-1.7;0.14;1.4;1.9;0;650;194;128;86;97677;1.95;0.76;0.34;0.37
2017;4;5;95;16.3;11.6;6.6;8.1;6.3;4.5;0.9;-1.1;0.14;1.4;1.9;0;449;152;107;67;97605;1.72;1.03;0.33;0.37
2017;4;6;96;12.8;9.5;5.6;5.4;1.4;-2.7;1.1;-2.2;0.14;1.5;1.9;0;486;164;116;75;97670;1.82;0.76;0.33;0.37
2017;4;7;97;13.6;8.5;4.3;6.2;1.9;-2.1;1.1;-0.5;0.14;1.5;1.9;0;391;94;79;46;97763;1.03;0.52;0.33;0.37
2017;4;8;98;17.1;12.1;8;6.5;5.1;3.6;0.2;-0.8;0.14;1.5;1.9;0;511;130;82;50;98097;1.47;0.01;0.33;0.37
2017;4;9;99;15.8;12.3;8.4;7.2;6.2;5.2;-0.6;0.6;0.15;1.5;1.9;0;349;108;76;50;98432;1.08;0.01;0.33;0.37
2017;4;10;100;21.2;14.2;5.5;9.1;7.3;4.5;0.6;0.7;0.15;1.5;1.9;0;646;205;126;87;97820;2.07;0.17;0.33;0.37
2017;4;11;101;15.9;11.8;7;7.9;4.4;0.6;-0.1;-1.5;0.15;1.6;1.9;0;424;147;102;75;97770;1.59;0.39;0.33;0.37
2017;4;12;102;16.8;10.7;4;4.6;2.6;0.2;0.3;1.8;0.15;1.6;1.9;0;540;175;112;77;97767;1.72;0;0.33;0.37
2017;4;13;103;19;12.8;7;7.2;5.4;3.9;0.2;-0.8;0.15;1.6;1.9;0;511;168;107;70;97094;1.78;0.14;0.32;0.37
2017;4;14;104;16.6;12.1;7.5;8.7;6.8;5.4;-0.5;0.3;0.15;1.6;1.9;0;504;162;103;65;97397;1.72;3.93;0.32;0.37
2017;4;15;105;16.5;12.4;9.3;8.4;7.4;5.5;0.2;0.5;0.15;1.6;1.9;0;521;146;89;51;97352;1.79;1.97;0.32;0.37
2017;4;16;106;14.7;10.8;6.6;7.3;2.4;-1.7;0.6;-2.2;0.15;1.7;1.9;0;646;208;121;78;97372;2.11;0.07;0.32;0.37
2017;4;17;107;13;9;5;4.3;1.5;-0.5;0.4;0.1;0.15;1.7;1.9;0;583;180;115;76;97349;1.93;1.91;0.32;0.37
2017;4;18;108;10;6.1;2.3;3.2;0;-2;0;-2.1;0.15;1.7;1.9;0;423;136;86;70;97305;1.76;1.28;0.32;0.37
2017;4;19;109;4.9;3.4;2.1;-2.5;-4.2;-5.4;1.7;-5.6;0.16;1.8;1.9;0.63;378;108;64;43;97600;1.55;3.71;0.32;0.37
2017;4;20;110;7.4;4;1.3;-4.7;-6.4;-7.8;0.6;-5.4;0.18;1.8;1.9;2.25;497;160;105;66;98364;1.64;0.32;0.32;0.37
2017;4;21;111;12.6;6;-1.6;1;-3.9;-5.9;0.6;-1.4;0.17;1.8;1.9;1.61;711;225;131;95;98586;1.94;0;0.32;0.37
2017;4;22;112;16.7;9.8;1.2;4.1;0.9;-2.4;0.8;-0.2;0.16;1.8;1.9;0.81;614;179;106;69;97798;1.94;0.23;0.32;0.37
2017;4;23;113;12.1;8.4;5.2;3.7;0.4;-3.9;0.7;-1.1;0.16;1.9;1.9;0.34;544;180;100;74;97871;1.98;0.75;0.32;0.37
2017;4;24;114;14.7;10;4.2;5.8;2.1;-2.8;0.6;1.9;0.16;1.9;1.9;0.16;467;150;98;68;97755;1.55;0;0.32;0.37
2017;4;25;115;19;13.2;6.4;7.7;6;5;2.3;3;0.16;1.9;1.9;0.03;611;216;118;90;96936;2.36;0.05;0.31;0.37
2017;4;26;116;18.3;14.2;10.1;7.7;6.5;5.3;1.6;3.2;0.16;2;1.9;0;402;152;95;61;96770;2;0.96;0.31;0.37
2017;4;27;117;11.6;8.7;6;9.8;7;4.8;-1.3;-0.8;0.16;2;1.9;0;127;39;25;13;96890;1.55;16.11;0.32;0.37
2017;4;28;118;9.4;6.7;4.5;5.5;4.8;1.6;-0.1;-1;0.16;2;1.9;0;208;39;76;23;96764;1.03;10.98;0.33;0.37
2017;4;29;119;13;7.8;-0.3;3;0.7;-1.6;-0.1;-0.5;0.16;2.1;1.9;0;579;193;106;82;97614;2.33;0.24;0.33;0.37
2017;4;30;120;13.3;9.9;4.8;4.2;2.3;0.4;-1;0.3;0.16;2.1;1.9;0;528;181;121;67;97648;2.05;0;0.33;0.37
2017;5;1;121;16.1;11.4;5.8;7.9;5.6;3.9;-0.8;1.5;0.16;2.1;1.9;0;402;146;87;52;97243;1.83;0.53;0.33;0.37
2017;5;2;122;18.2;13.2;8.2;8.9;6.3;3.8;-0.2;0.3;0.16;2.1;1.9;0;635;204;117;73;97481;2.79;0.4;0.33;0.37
2017;5;3;123;15.1;11.4;6.5;10.7;8.7;5;-0.1;-0.5;0.16;2.2;1.9;0;369;119;80;51;97662;1.94;5.38;0.33;0.37
2017;5;4;124;19;12.2;6.7;9.7;8.1;6.6;0.3;1.4;0.16;2.2;1.9;0;648;203;116;65;97353;2.71;1.65;0.33;0.37
2017;5;5;125;14.2;11.1;6.4;11.1;8.2;5.2;0.6;-0.7;0.17;2.2;1.9;0;258;99;82;52;97473;1.71;7.86;0.33;0.37
2017;5;6;126;20.7;13.7;4.8;8.7;6.7;4;0.7;1.5;0.17;2.3;1.9;0;745;237;135;83;97168;3.35;1.32;0.33;0.37
2017;5;7;127;18.7;14;9;10;8.6;7.1;0.3;-1.6;0.17;2.3;1.9;0;553;167;107;59;96784;2.68;2.15;0.33;0.37
2017;5;8;128;18.4;14.1;8.5;9;6.8;5.5;0.7;-2;0.17;2.3;1.9;0;520;185;93;67;96963;2.76;0.44;0.33;0.37
2017;5;9;129;12.5;10.3;5.4;7.2;3.9;-0.4;-0.9;-2.1;0.17;2.4;1.9;0;626;192;109;66;97239;2.92;1.9;0.33;0.36
2017;5;10;130;14.4;9.3;3.6;4.7;1.4;-2.5;0.1;1.8;0.17;2.4;1.9;0;582;185;96;77;97210;2.31;0;0.33;0.36
2017;5;11;131;21;14.4;5.7;9.8;7.3;4.4;1.8;2.2;0.17;2.4;1.9;0;686;219;112;81;96633;3.15;0;0.33;0.36
2017;5;12;132;22.6;16.9;10.8;12.1;10.7;8.6;1.3;1.6;0.17;2.5;1.9;0;587;192;94;72;96448;2.84;0.05;0.32;0.36
2017;5;13;133;22.1;16.7;11.7;12.4;10.9;9.2;1.2;0;0.17;2.5;1.9;0;636;183;105;62;97070;2.89;1.01;0.32;0.36
2017;5;14;134;22.7;16.6;10.2;14.3;12;9.4;0.2;-0.4;0.17;2.5;1.9;0;662;199;114;67;97914;2.92;8.54;0.32;0.36
2017;5;15;135;17.9;14.8;11.4;13.1;11.9;9.3;1.3;-0.8;0.17;2.5;1.9;0;240;92;71;44;98510;1.91;8.4;0.33;0.36
2017;5;16;136;21.5;16.3;8.8;12;9.6;7.6;-0.2;-1.5;0.17;2.6;1.9;0;598;224;106;79;98659;3.42;0.13;0.33;0.36
2017;5;17;137;21;16.9;11.2;11.7;9.7;7.8;-0.8;-0.2;0.17;2.6;1.9;0;489;186;98;71;98331;2.9;0.08;0.33;0.36
2017;5;18;138;23.6;18.1;12.2;10.8;8.9;7.2;-0.1;2;0.17;2.6;1.9;0;737;272;136;97;97677;4.07;0;0.32;0.36
2017;5;19;139;25.2;18.9;11.9;11.5;9.8;8.9;0.7;2.3;0.17;2.6;1.9;0;743;266;132;99;97169;4.2;0;0.32;0.36
2017;5;20;140;20.7;16.2;12;9.8;7.4;5.3;0.6;-2.8;0.17;2.7;1.9;0;554;204;115;69;97531;3.83;3.92;0.32;0.36
2017;5;21;141;19.3;15.4;11.6;9.5;8.5;7.9;0.8;-3.6;0.17;2.7;1.9;0;496;174;95;54;97972;3.92;4.58;0.32;0.36
2017;5;22;142;23;17.2;9.3;13.6;10;7.4;0.4;-0.5;0.17;2.7;1.9;0;724;244;127;79;97791;3.65;0.47;0.32;0.36
2017;5;23;143;23.6;17.8;11.7;13.5;11.8;9.7;0.8;-0.3;0.17;2.7;1.9;0;704;221;113;70;97631;3.65;1.79;0.31;0.36
2017;5;24;144;21.6;16.7;11.9;13.4;10.1;6.7;1.2;-1.4;0.17;2.7;1.9;0;498;139;88;54;97665;2.83;2.97;0.31;0.36
2017;5;25;145;18.3;14.5;9.5;9.4;6.9;4.7;0.1;-2.4;0.17;2.8;1.9;0;507;161;93;68;97850;2.99;0.39;0.31;0.36
2017;5;26;146;21.4;16.2;8.4;10.7;7.3;5.4;-0.3;-1.3;0.17;2.8;1.9;0;499;194;102;71;97853;3.17;0.02;0.31;0.36
2017;5;27;147;23.5;17.9;11.3;11.8;9.7;8.5;-0.5;-1.6;0.17;2.8;1.9;0;578;218;115;75;98021;3.54;0.14;0.31;0.36
2017;5;28;148;23.6;18;11.5;10.8;9.6;7.9;-1;0.3;0.17;2.8;1.9;0;698;262;124;92;98193;3.87;0;0.3;0.36
2017;5;29;149;26.1;20.2;12.7;14;11.5;8.5;-0.1;1.4;0.17;2.9;1.9;0;728;261;122;89;97667;3.92;0;0.3;0.36
2017;5;30;150;28.2;22.6;16.4;16.7;14.8;12.4;0.3;0.8;0.17;2.9;1.9;0;679;237;107;74;97422;3.78;0.53;0.3;0.36
2017;5;31;151;28.1;21.8;15.3;17.2;15.1;13.2;0.5;-0.3;0.17;2.9;1.9;0;709;193;106;63;97694;3.22;1.03;0.29;0.36
2017;6;1;152;24.6;20.3;15.5;16.6;14.9;13.1;-0.3;-0.8;0.17;2.9;1.9;0;515;171;76;49;97882;3.07;0.96;0.29;0.36
2017;6;2;153;25.2;20;15.7;16.9;15.8;14.7;0.3;0.2;0.17;2.9;1.9;0;565;187;84;55;97718;3.17;6.17;0.29;0.36
2017;6;3;154;25.9;20.8;13.5;16.6;14.6;13;0;0.4;0.17;3;1.9;0;673;224;106;69;97455;3.79;0.03;0.29;0.36
2017;6;4;155;27.8;21;16.2;16.7;14.5;12.9;1;0.6;0.17;3;1.9;0;672;221;99;68;97162;3.78;8.59;0.29;0.36
2017;6;5;156;22.8;18.8;14.1;15.3;12.7;11.5;-0.4;0.5;0.17;3;1.9;0;491;167;81;58;97395;3.11;1.32;0.3;0.36
2017;6;6;157;26;20.3;15.1;15.5;13.8;11.7;0.8;1.9;0.17;3;1.9;0;590;218;93;69;96796;3.99;3.5;0.29;0.36
2017;6;7;158;17.3;15;11.2;10;8.6;7;0.6;-0.6;0.17;3;1.9;0;254;87;56;38;97653;2.09;2.17;0.29;0.36
2017;6;8;159;21.3;15.8;8.5;10.4;7.2;5.2;0.5;-0.1;0.17;3.1;1.9;0;740;274;135;101;98023;4.2;0;0.29;0.36
2017;6;9;160;24.7;18.9;10.6;10.9;8.9;7.6;-0.1;1.3;0.17;3.1;1.9;0;745;277;135;95;97656;4.29;0;0.29;0.36
2017;6;10;161;23.9;18.8;13.9;14.4;11.9;8.8;0.1;-0.6;0.17;3.1;1.9;0;638;182;109;67;97821;3.19;2.36;0.29;0.36
2017;6;11;162;24.5;19.5;12.7;12.6;10.2;8.5;-0.4;-0.4;0.17;3.1;1.9;0;743;274;135;95;97975;4.21;0;0.29;0.36
2017;6;12;163;29.6;22.1;14.1;19.4;14.3;9.4;0.9;0.6;0.17;3.2;1.9;0;699;239;107;72;97438;3.91;1.27;0.28;0.35
2017;6;13;164;25.7;21.9;17.6;17.9;15.8;13.9;-0.4;-0.1;0.17;3.2;1.9;0;508;194;85;60;97476;3.36;0.18;0.28;0.35
2017;6;14;165;23.8;20.2;16.4;14.8;11.4;8.8;-0.8;-0.2;0.17;3.2;1.9;0;563;205;100;70;97680;3.46;0.14;0.28;0.35
2017;6;15;166;25.5;20.7;14.1;15.4;13.3;12.1;-0.2;0.7;0.17;3.2;1.9;0;541;201;90;68;97684;3.24;0.29;0.27;0.35
2017;6;16;167;26.3;21.8;15.6;16.6;13;7.7;1.3;-0.3;0.17;3.2;1.9;0;465;178;103;69;97496;3.02;0.28;0.27;0.35
2017;6;17;168;21.9;18.5;15.3;9.8;6.7;4.3;1.1;-3;0.17;3.2;1.9;0;592;215;110;79;97856;3.45;0.18;0.27;0.35
2017;6;18;169;23.5;19.1;15.2;10.2;7.6;5.7;-0.1;-3.2;0.17;3.3;1.9;0;446;177;112;67;98146;3.14;0.02;0.27;0.35
2017;6;19;170;27.2;21;12.5;14.7;10.7;9.3;0.2;0.2;0.17;3.3;1.9;0;671;267;131;92;98156;3.86;0;0.26;0.35
2017;6;20;171;31.2;24.1;16;18;14.2;12.1;0.8;1.2;0.17;3.3;1.9;0;728;265;125;87;97642;3.79;0;0.26;0.35
2017;6;21;172;31;24.1;18;18.6;16;13.4;0.5;-0.9;0.17;3.3;1.9;0;657;212;109;72;97468;3.38;1.78;0.26;0.35
2017;6;22;173;32.6;25.5;16.9;17.4;15.2;12.7;0.8;0.6;0.17;3.3;1.9;0;710;245;119;83;97458;3.76;0.26;0.26;0.35
2017;6;23;174;32.4;25.7;18.3;19.8;16.9;14.2;1.8;0;0.17;3.3;1.9;0;661;210;106;74;97293;3.62;2.59;0.25;0.35
2017;6;24;175;30.6;24.7;18.8;19.3;17.4;15.6;0.1;0.6;0.17;3.3;1.9;0;619;222;97;72;97486;3.43;0.91;0.25;0.35
2017;6;25;176;25.5;21.2;18.3;19.9;18.4;16.4;0.1;-0.8;0.17;3.4;1.9;0;436;107;61;37;97271;2.44;55.07;0.27;0.35
2017;6;26;177;27.6;22.3;16.4;17.1;15;13.2;0.7;0.8;0.17;3.4;1.9;0;603;230;101;75;97301;4.52;0.01;0.29;0.35
2017;6;27;178;28;23.2;18;17.7;16;13.9;-0.3;2;0.17;3.4;1.9;0;660;218;96;72;96980;4.1;0.1;0.29;0.35
2017;6;28;179;29.3;23.9;18.4;18.2;16.5;13.8;0.9;2.9;0.17;3.4;1.9;0;676;227;98;72;96322;4.56;0.06;0.29;0.35
2017;6;29;180;25.1;22;19.1;16.5;13.9;11.7;1.9;3.2;0.17;3.4;1.9;0;625;229;99;78;96058;4.57;0.15;0.28;0.35
2017;6;30;181;26.5;21.2;16.1;14.9;11.6;8.8;1.4;2.6;0.17;3.4;1.9;0;671;221;113;81;96752;4.28;0.09;0.28;0.35
2017;7;1;182;23.9;20;16.5;13.8;11.9;9.2;0.9;-0.1;0.17;3.4;1.9;0;637;217;103;75;97079;4.09;0.86;0.28;0.35
2017;7;2;183;22.1;19;14.3;14;11.6;10.3;1.2;-1.7;0.17;3.5;1.9;0;546;177;99;65;97464;3.32;0.51;0.27;0.35
2017;7;3;184;23.2;19.7;16;12.9;11.3;8.6;0.5;-1.5;0.17;3.5;1.9;0;548;193;94;68;97913;3.51;0.31;0.27;0.35
2017;7;4;185;25.7;20.6;13.1;14;11.8;10.4;0.2;0.2;0.17;3.5;1.9;0;514;196;94;69;97981;3.44;0.01;0.27;0.35
2017;7;5;186;29.1;22.4;15.4;18.6;15.1;12.8;0.8;0.5;0.17;3.5;1.9;0;698;247;112;79;97784;4.11;0.75;0.26;0.35
2017;7;6;187;29.1;23.1;15.7;19.3;16.3;14.6;0.1;-0.1;0.17;3.5;1.9;0;702;237;110;77;97821;4;1.02;0.26;0.35
2017;7;7;188;31;24.2;16.6;19.7;17.6;15.9;0.6;-0.3;0.17;3.5;1.9;0;709;226;110;72;97609;3.92;1.82;0.26;0.34
2017;7;8;189;30.9;24.8;17.7;18.4;16;13.3;1.3;-0.5;0.17;3.5;1.9;0;672;224;109;73;97521;3.95;0.93;0.26;0.34
2017;7;9;190;30.3;24.5;19.5;20;17.7;15.1;-0.3;0;0.17;3.6;1.9;0;639;202;94;60;97421;3.5;4.89;0.26;0.34
2017;7;10;191;33.1;26;19.9;19.8;15.7;9;1.1;1.6;0.17;3.6;1.9;0;712;241;127;81;96986;4.6;0.19;0.26;0.34
2017;7;11;192;27.1;22.4;18.5;18.6;17.2;15.7;0.1;-0.2;0.17;3.6;1.9;0;506;184;86;59;97268;3.77;21.81;0.26;0.34
2017;7;12;193;28.2;23.1;17.3;17.7;16.6;14.6;0.1;0.5;0.17;3.6;1.9;0;693;240;109;69;97294;4.69;1.68;0.27;0.34
2017;7;13;194;25.1;20.9;16;17.5;10.9;7.8;-0.6;-1.8;0.17;3.6;1.9;0;713;250;120;89;97622;5.06;0;0.27;0.34
2017;7;14;195;19.2;16.5;14.4;13.3;10.5;7.2;0.2;0.2;0.17;3.6;1.9;0;366;132;86;62;97617;2.61;4.57;0.27;0.34
2017;7;15;196;20.9;17.2;12.4;12.7;9.5;6.8;1;-2.4;0.17;3.6;1.9;0;641;224;111;80;97713;3.89;0.15;0.27;0.34
2017;7;16;197;22;17.6;12.7;11.1;8.8;7.2;0;-2.1;0.17;3.6;1.9;0;598;220;109;84;98190;3.79;0.21;0.26;0.34
2017;7;17;198;26.2;20.2;11.8;12.5;10;8.6;0.3;0;0.17;3.6;1.9;0;682;250;115;87;98108;4.07;0;0.26;0.34
2017;7;18;199;27.9;22.3;14.6;13.5;11.7;10.5;-0.5;1.1;0.17;3.6;1.9;0;700;248;121;82;97926;4.28;0;0.26;0.34
2017;7;19;200;31;23.9;18;18.2;13.9;11.3;0.5;0.8;0.17;3.6;1.9;0;728;248;120;82;97512;4.23;1.19;0.25;0.34
2017;7;20;201;31.5;24.2;15.8;18.2;15.8;13.4;0.2;0;0.17;3.6;1.9;0;721;246;120;78;97120;4.16;0.15;0.25;0.34
2017;7;21;202;29.3;24.7;19.3;16.6;15.1;13.3;-0.2;0;0.17;3.6;1.9;0;646;225;110;73;97355;3.83;0.03;0.25;0.34
2017;7;22;203;30.4;24.8;20.5;19.4;17.1;15.3;-0.2;0;0.17;3.6;1.9;0;590;196;92;64;97334;3.45;1.39;0.25;0.34
2017;7;23;204;27;22.7;18.3;18.8;17.8;16.9;0.2;-0.9;0.17;3.6;1.9;0;519;181;88;57;97398;3.32;6.66;0.25;0.34
2017;7;24;205;22.7;19.1;17.3;18;16.3;10.4;0.9;-0.8;0.17;3.6;1.9;0;239;62;51;30;96751;2.15;25.11;0.26;0.34
2017;7;25;206;23.1;19.2;15.6;13;9.9;7.2;1.4;-0.8;0.17;3.6;1.9;0;565;210;106;75;96529;4.14;0.02;0.27;0.34
2017;7;26;207;21;17.2;14.3;12.9;11.3;9.1;1.2;0;0.17;3.6;1.9;0;547;153;83;62;96612;2.94;2.5;0.27;0.34
2017;7;27;208;22.5;18.1;14.5;14.5;12.4;10.3;0.4;0.6;0.17;3.6;1.9;0;467;122;75;43;97026;2.6;1.84;0.27;0.34
2017;7;28;209;27;21;15.2;16.7;14.6;13;0.3;-0.4;0.17;3.6;1.9;0;590;200;94;60;97290;3.65;0.88;0.27;0.34
2017;7;29;210;27.1;21.6;15.4;16;14.7;13.4;0.1;1;0.17;3.6;1.9;0;548;198;93;64;97758;3.67;0.02;0.26;0.34
2017;7;30;211;29.9;23.7;18.2;18.6;16.9;14.6;0;1.5;0.17;3.6;1.9;0;694;222;96;66;97485;4.08;3.1;0.26;0.34
2017;7;31;212;31;25;17.4;19.1;17.2;16;-0.4;0.2;0.17;3.6;1.9;0;683;244;112;76;97700;4.37;0;0.26;0.34
2017;8;1;213;33;27.2;21.5;19.6;17.3;16.1;-0.6;1.7;0.17;3.6;1.9;0;705;250;119;83;97829;4.49;0;0.26;0.34
2017;8;2;214;32.6;27;20.2;22.4;18.4;17.4;-0.1;-0.5;0.17;3.6;1.9;0;680;221;100;67;97773;4.07;0.53;0.25;0.34
2017;8;3;215;34.8;27.8;19.7;20.4;18;14.8;0.5;1;0.17;3.6;1.9;0;697;238;121;77;97583;4.21;0;0.25;0.33
2017;8;4;216;35;28.7;23.2;20.7;19.4;17.9;-0.1;-0.5;0.17;3.6;1.9;0;683;210;101;64;97262;4.02;3.61;0.25;0.33
2017;8;5;217;31.1;26.3;21.9;20.9;18.9;16.7;-0.5;-0.8;0.17;3.6;1.9;0;659;223;99;66;97445;4.24;0.59;0.25;0.33
2017;8;6;218;25.1;21.7;17.5;19.1;16.5;12.4;-0.5;-2.5;0.17;3.6;1.9;0;368;114;59;37;97691;3.02;4.19;0.25;0.33
2017;8;7;219;24.5;20.2;16.1;14.4;12.1;10.3;-0.8;-1.4;0.17;3.5;1.9;0;652;206;114;64;97932;4.15;2.03;0.25;0.33
2017;8;8;220;25.8;20.7;15.4;17.4;15.9;14.2;-1.3;1.6;0.17;3.5;1.9;0;325;114;84;46;97583;2.18;0.73;0.25;0.33
2017;8;9;221;32.4;25.1;17.2;20.3;18.3;16.2;-0.9;0.3;0.17;3.5;1.9;0;684;218;103;69;97474;3.56;0.02;0.24;0.33
2017;8;10;222;34;26.4;19;21.7;19.2;15.2;-0.3;0.3;0.17;3.5;1.9;0;668;212;107;70;97353;3.69;1.06;0.24;0.33
2017;8;11;223;26.4;23;19.1;20;18;15.7;0.1;-0.3;0.17;3.5;1.9;0;510;165;101;60;97032;3.03;3.95;0.24;0.33
2017;8;12;224;22.7;19.3;15.7;15.2;11.4;9.4;0.9;-1.8;0.17;3.5;1.9;0;454;156;88;67;97487;3.3;2.36;0.24;0.33
2017;8;13;225;23.9;19.4;14.4;14.8;11.7;9.8;0.4;-1.3;0.17;3.5;1.9;0;422;145;90;61;97845;2.43;0.06;0.24;0.33
2017;8;14;226;25;20.4;13.6;15.1;12.8;11.6;-0.2;-0.3;0.17;3.5;1.9;0;531;193;104;77;98111;2.84;0.03;0.24;0.33
2017;8;15;227;27.9;22.1;14.7;15.3;13.3;12.1;-0.2;0.9;0.17;3.5;1.9;0;670;218;119;81;98018;3.19;0;0.23;0.33
2017;8;16;228;27;21.9;17.5;18.1;15.5;12.3;0.4;-0.4;0.17;3.5;1.9;0;542;167;93;64;97946;2.66;1.34;0.23;0.33
2017;8;17;229;28.3;22.7;16;17.3;15.9;13.8;0;0.1;0.17;3.5;1.9;0;651;210;111;69;97912;3.07;0;0.23;0.33
2017;8;18;230;31;24.8;17.2;17.8;14.9;13;0;1.4;0.16;3.4;1.9;0;646;213;118;81;97644;3.13;0;0.23;0.33
2017;8;19;231;23.5;20.4;16.4;15.5;14.3;13.2;-0.5;-1.7;0.16;3.4;1.9;0;407;127;70;50;97597;2.41;8.75;0.23;0.33
2017;8;20;232;22.4;18.2;14.8;14.2;10.5;7.4;1;-1.9;0.16;3.4;1.9;0;608;169;123;66;97903;3.39;1.99;0.23;0.33
2017;8;21;233;21.5;16.9;11.5;10;7.7;5.3;0.7;-1.6;0.16;3.4;1.9;0;479;177;114;85;98094;2.62;0.11;0.23;0.33
2017;8;22;234;22;17;10.3;10.6;8.1;6.2;0.2;0.1;0.16;3.4;1.9;0;558;197;118;84;97952;2.59;0;0.23;0.33
2017;8;23;235;23;18.7;14;11.8;10.6;9.4;-0.7;-0.2;0.16;3.3;1.9;0;563;161;106;65;97799;2.23;0;0.23;0.33
2017;8;24;236;28.1;21;12.6;17.9;14.2;10.5;0.2;0.1;0.16;3.3;1.9;0;645;210;114;80;97782;2.66;0.01;0.23;0.33
2017;8;25;237;28.6;22.6;16;18.9;16.5;15.2;0.6;-0.3;0.16;3.3;1.9;0;594;198;106;70;97849;2.65;0.19;0.22;0.33
2017;8;26;238;31.7;23.7;16.2;19;17.2;15.1;0.9;0;0.16;3.3;1.9;0;647;208;123;76;97669;2.84;0.85;0.22;0.33
2017;8;27;239;32.1;24.3;16.9;18.2;16.2;11.6;0.2;-0.9;0.16;3.2;1.9;0;644;191;124;75;97533;2.73;0.3;0.22;0.33
2017;8;28;240;22.9;20;16.4;17.2;16.3;15.3;0;-0.9;0.16;3.2;1.9;0;343;120;76;55;97773;2.12;4.68;0.22;0.33
2017;8;29;241;24.2;19.3;13.9;14.9;11.7;9.6;-0.2;0;0.16;3.2;1.9;0;576;196;129;87;97846;2.68;0;0.22;0.33
2017;8;30;242;26.8;20.7;14.6;13.6;11.2;10.1;-0.1;1.8;0.16;3.2;1.9;0;654;212;131;92;97609;2.54;0;0.22;0.33
2017;8;31;243;30.6;23.3;16.4;19.2;15.4;10.8;0.5;0.3;0.16;3.1;1.9;0;631;205;116;79;97251;2.45;0;0.22;0.33
2017;9;1;244;25;20.6;16.5;18.4;16.6;12.6;0.2;-0.1;0.16;3.1;1.9;0;435;108;81;48;97259;1.95;8.39;0.22;0.32
2017;9;2;245;17.9;15.7;12.6;12.4;10.8;9.6;-1.5;-1.3;0.16;3.1;1.9;0;347;97;56;37;97261;2.34;6.42;0.23;0.32
2017;9;3;246;15.3;13.2;11.4;10.2;8.3;5.9;1.4;-2.3;0.16;3.1;1.9;0;234;78;86;48;97178;2.28;3.61;0.23;0.32
2017;9;4;247;20.1;15;8.3;10;6.7;5.2;0.8;-0.2;0.16;3.1;1.9;0;577;190;132;89;97649;2.28;0.06;0.23;0.32
2017;9;5;248;22.1;16.2;9.1;10.5;8.1;5.5;1.1;-0.5;0.16;3;1.9;0;579;170;120;80;97880;2.17;0;0.23;0.32
2017;9;6;249;24;17.8;11.3;16.1;13.1;9.5;0.8;-0.2;0.16;3;1.9;0;378;111;79;50;97519;1.42;1.03;0.23;0.32
2017;9;7;250;15.5;14.5;11.6;14.3;12.3;10.5;0;0.6;0.16;3;1.9;0;177;47;64;31;97559;1.3;9.38;0.23;0.32
2017;9;8;251;20;15.1;9.7;12.2;10.7;9.2;0.1;1.3;0.16;3;1.9;0;495;135;91;56;97379;1.82;0;0.23;0.32
2017;9;9;252;23.4;17.4;11;13.5;12.1;10;0.7;2.5;0.15;2.9;1.9;0;463;153;91;70;96528;1.99;0.01;0.23;0.32
2017;9;10;253;23;18.6;14.4;16.3;14.5;12.2;-0.2;1.3;0.15;2.9;1.9;0;486;117;84;49;96529;1.53;3.97;0.23;0.32
2017;9;11;254;19.1;17.2;15.3;17.7;16.1;12.8;0;-0.8;0.15;2.9;1.9;0;223;60;38;26;96358;1.44;13.68;0.24;0.32
2017;9;12;255;15.1;13.7;11.3;12.6;10.6;8.9;1.5;-0.2;0.15;2.9;1.9;0;190;41;46;27;96913;1.69;5.3;0.25;0.32
2017;9;13;256;20.5;14.7;7.1;9.8;8.6;6.1;1.3;1.8;0.15;2.9;1.9;0;609;176;123;82;97482;2.59;0;0.25;0.32
2017;9;14;257;23.7;16.6;10.5;12.9;10.5;7.2;2.3;1.5;0.15;2.8;1.9;0;575;176;104;69;96945;3;8.54;0.25;0.32
2017;9;15;258;14.1;12.1;10;9.6;8.3;7.8;-0.1;1;0.15;2.8;1.9;0;223;62;48;33;97562;1.21;2.73;0.25;0.32
2017;9;16;259;17.9;14;10.9;14.7;11.9;9.4;-0.7;0.2;0.15;2.8;1.9;0;332;80;43;24;97086;1.59;21.55;0.26;0.32
2017;9;17;260;15;12.7;7.5;13.2;11.3;7;0;-0.6;0.15;2.7;1.9;0;301;52;75;34;97092;1.26;40.98;0.3;0.32
2017;9;18;261;14.8;10.9;5.7;10.6;8.8;5.6;0.1;-0.9;0.15;2.7;1.9;0;271;82;72;37;97550;1.55;10.4;0.31;0.32
2017;9;19;262;11.5;10.5;9.7;10.1;8.6;7.6;0.1;-3.5;0.15;2.6;1.9;0;59;17;19;14;97177;2.51;53.93;0.34;0.32
2017;9;20;263;13.8;11.5;9.6;7.5;6.2;4.9;1.4;-2.8;0.15;2.6;1.9;0;189;55;80;39;97453;1.98;1.87;0.36;0.32
2017;9;21;264;16.1;12.5;9.2;6.8;5.5;4.8;2;-2;0.15;2.6;1.9;0;456;130;98;75;97744;2.12;0.02;0.36;0.32
2017;9;22;265;18.5;13.1;6.8;9.5;7.1;4.7;0.4;-0.2;0.15;2.5;1.9;0;527;136;104;70;97953;1.92;0;0.35;0.32
2017;9;23;266;19.4;13.5;6.7;10.6;8.9;6.2;0;0.1;0.15;2.5;1.9;0;527;138;109;67;97975;1.87;0.24;0.35;0.32
2017;9;24;267;16.4;13.3;10.6;11.9;10.9;9.6;-0.2;-0.1;0.15;2.4;1.9;0;342;95;65;44;97981;1.3;3.03;0.35;0.32
2017;9;25;268;16.1;12.6;9.4;12.7;10.8;9.1;-0.4;-0.8;0.15;2.4;1.9;0;363;94;56;41;98082;1.31;1.13;0.35;0.32
2017;9;26;269;18.2;14.1;11.1;13.1;11.5;9.7;0;-1.3;0.15;2.4;1.9;0;371;102;79;41;98265;1.62;4.95;0.35;0.32
2017;9;27;270;19.4;14.8;11.3;14.5;12.6;10.2;-0.1;-0.7;0.15;2.3;1.9;0;354;104;66;43;98455;1.51;4.2;0.36;0.32
2017;9;28;271;18;14.4;11.4;12.4;10.2;8.2;-0.8;0.5;0.15;2.3;1.9;0;450;120;90;58;98709;1.75;0;0.36;0.32
2017;9;29;272;16.6;13.2;9.6;10.3;7.9;6.2;-0.8;0.7;0.15;2.2;1.9;0;374;109;83;60;98540;1.45;0;0.36;0.32
2017;9;30;273;15.5;11.5;8.4;7.7;5.4;4.2;-0.9;1;0.15;2.2;1.9;0;466;132;100;76;98224;1.67;0;0.35;0.32
2017;10;1;274;15.3;11.2;6.7;7.3;4.6;3.7;-0.8;0.1;0.15;2.2;1.9;0;524;153;127;90;98245;1.73;0;0.35;0.32
2017;10;2;275;16.5;11.4;6.9;7.7;5.9;3.7;0;0.9;0.14;2.1;1.9;0;524;147;126;82;98202;1.64;0;0.35;0.32
2017;10;3;276;15.7;11.3;6.7;12.6;9.3;6.4;1;0.5;0.14;2.1;1.9;0;205;44;66;36;97742;0.63;2.79;0.35;0.32
2017;10;4;277;17.7;11.2;4.8;10.6;7.9;4.6;1.1;1.1;0.14;2;1.9;0;454;115;96;56;98248;1.56;0.02;0.35;0.32
2017;10;5;278;21.8;15;8.4;12.3;10.4;7.9;1.8;0.4;0.14;2;1.9;0;520;144;120;74;97174;1.83;0.41;0.35;0.32
2017;10;6;279;14.5;11.7;7.5;9.2;4.8;1.6;0.7;-0.5;0.14;2;1.9;0;422;112;104;72;97267;1.68;1.12;0.35;0.32
2017;10;7;280;14.6;10.1;6.3;5.3;3.6;2.3;1;-0.9;0.14;1.9;1.9;0;409;115;102;74;97764;1.4;0.08;0.35;0.32
2017;10;8;281;16.1;10.4;6.1;7.3;5.5;3.9;0.7;-0.1;0.14;1.9;1.9;0;402;96;91;56;97425;1.13;0.02;0.34;0.32
2017;10;9;282;14;10;6.5;8;6.7;5.6;-0.1;0.3;0.14;1.8;1.9;0;296;79;79;46;97738;0.88;0.54;0.34;0.32
2017;10;10;283;16.4;11.1;5.6;9.3;7.8;5.3;0.5;0.8;0.14;1.8;1.9;0;456;116;104;66;97880;1.25;0.27;0.34;0.32
2017;10;11;284;18.8;12.4;6.5;11;9;6.1;0.5;0.9;0.14;1.8;1.9;0;474;126;113;75;98043;1.26;0;0.34;0.32
2017;10;12;285;21;13.1;5.8;12.6;9.5;5.4;0.9;0.1;0.14;1.7;1.9;0;486;131;123;79;98129;1.33;0;0.34;0.32
2017;10;13;286;19.7;13.4;7.5;12.6;9.8;6.8;0;-0.2;0.14;1.7;1.9;0;435;117;107;69;98512;1.2;0;0.34;0.32
2017;10;14;287;19.2;12.8;6.7;12.5;10;6.3;0.6;0.2;0.14;1.6;1.9;0;470;120;115;71;98744;1.13;0;0.34;0.32
2017;10;15;288;20.5;13.1;6.9;13.4;10.4;6.7;0.5;0.3;0.14;1.6;1.9;0;464;120;114;70;98755;1.1;0;0.34;0.32
2017;10;16;289;21.3;13.7;6.9;13.4;10.2;6.3;0.4;0.5;0.14;1.6;1.9;0;466;121;118;76;98646;1.15;0;0.34;0.32
2017;10;17;290;21.2;13.8;6.3;13.2;10.3;5.7;0.1;0.4;0.14;1.6;1.9;0;461;123;119;77;98355;1.16;0;0.33;0.32
2017;10;18;291;20.5;13.2;8;11.6;9.3;6.5;0.8;0.8;0.14;1.6;1.9;0;447;117;126;79;97633;1.15;0;0.33;0.32
2017;10;19;292;18.9;12;5.6;11.8;9;5;0.2;-0.1;0.14;1.5;1.9;0;455;121;123;83;97579;0.96;0;0.33;0.32
2017;10;20;293;18.2;11.6;7;11.2;9.2;6.9;0.1;-0.4;0.13;1.5;1.9;0;412;105;109;65;97636;0.91;0.04;0.33;0.32
2017;10;21;294;17.5;12;6.9;12;9.5;6.6;0.2;0.2;0.13;1.5;1.9;0;329;77;73;48;97666;0.69;0.03;0.33;0.32
2017;10;22;295;13.1;10;8.1;9.4;8.1;5.6;0.4;-1.1;0.13;1.5;1.9;0;181;36;45;31;97352;0.92;14.18;0.33;0.32
2017;10;23;296;9.5;8.8;7.2;5.4;4.4;3.4;1.3;-3.4;0.13;1.5;1.9;0;127;32;75;34;97191;1.67;3.02;0.34;0.32
2017;10;24;297;13.8;10.7;8.4;5.3;4.4;3.3;0.3;-3.6;0.13;1.5;1.9;0;291;77;98;73;98047;0.95;0.03;0.34;0.32
2017;10;25;298;15.4;9.4;3.7;8.5;5.9;2.9;0.8;0.7;0.13;1.5;1.9;0;377;93;90;67;98434;0.78;0;0.34;0.32
2017;10;26;299;17.9;11;5.1;10.8;7.9;4.5;0.4;0.2;0.13;1.4;1.9;0;418;104;113;68;98329;0.89;0;0.34;0.32
2017;10;27;300;16.1;10;7.2;10.1;6;2.3;1.4;-1.9;0.13;1.4;1.9;0;287;53;92;55;97634;0.9;1.37;0.34;0.32
2017;10;28;301;13.3;9.3;5.7;3.9;2.3;0.9;1.6;-0.5;0.13;1.4;1.9;0;322;72;85;68;97598;0.76;0;0.34;0.32
2017;10;29;302;13.1;8.8;5.9;7.7;2.8;-0.8;2.5;-0.5;0.13;1.4;1.9;0;234;56;97;57;96362;1.01;1.11;0.34;0.32
2017;10;30;303;9.7;6.4;3.4;-0.3;-1.3;-2.3;1.9;-1.1;0.13;1.4;1.9;0;343;81;98;82;97708;0.77;0.02;0.34;0.32
2017;10;31;304;10.9;5.5;0.4;1.7;-0.1;-1.9;0.8;0.5;0.13;1.4;1.9;0;386;90;112;76;98364;0.7;0;0.34;0.32
2017;11;1;305;11.6;5.6;-0.5;4.5;1.8;-1.2;0.6;0.3;0.12;1.4;1.9;0;392;97;109;69;98243;0.69;0;0.34;0.32
2017;11;2;306;13.1;7;1.7;6.8;4.3;1.1;1.5;0.4;0.12;1.4;1.9;0;296;74;93;59;97536;0.5;0;0.34;0.32
2017;11;3;307;12.6;8.2;5.4;8.1;6.2;4.4;0.1;0.4;0.12;1.3;1.9;0;257;63;94;49;97682;0.58;2.47;0.34;0.32
2017;11;4;308;12.3;8.2;4.9;6.6;5.9;4.7;-0.1;1.9;0.12;1.3;1.9;0;338;77;90;52;97679;0.58;0;0.34;0.32
2017;11;5;309;16.3;10.4;7.1;9.2;7.2;5.8;-0.1;2;0.12;1.3;1.9;0;323;80;102;60;97073;0.63;0.07;0.34;0.32
2017;11;6;310;7.4;7;6.5;5.9;5.5;5.1;-0.6;-2.1;0.12;1.3;1.9;0;48;11;34;14;97421;0.98;17.66;0.34;0.32
2017;11;7;311;9.5;7.7;5.9;6.6;5.4;3.6;-0.8;-2;0.12;1.3;1.9;0;184;37;53;24;97688;1.15;7.03;0.35;0.32
2017;11;8;312;7.5;7.1;6.5;6.5;6;5.5;-0.3;-0.8;0.12;1.3;1.9;0;57;10;22;10;97603;0.41;8.12;0.37;0.32
2017;11;9;313;9.4;7.3;5.2;5.6;4.9;4.2;0.6;0;0.12;1.3;1.9;0;176;37;37;25;98073;0.4;0;0.37;0.32
2017;11;10;314;10.6;7.3;4.8;5.6;4.8;4;0.5;0.9;0.12;1.2;1.9;0;232;52;71;44;97830;0.38;0.05;0.36;0.32
2017;11;11;315;10.3;6.2;2.3;5.2;3.7;1.8;0.2;0.4;0.12;1.2;1.9;0;286;62;90;51;97175;0.4;0.01;0.36;0.32
2017;11;12;316;10.4;7.3;3.8;6;4.5;2.8;0.3;0.8;0.12;1.2;1.9;0;210;41;65;40;96316;0.32;1.52;0.36;0.32
2017;11;13;317;6.7;4.6;2.4;5.3;-0.2;-3;0.2;-3;0.12;1.2;1.9;0.18;117;24;70;35;96525;1.15;9.18;0.37;0.32
2017;11;14;318;7.4;3.9;-0.4;-1.6;-2.8;-3.3;-0.5;-2.3;0.12;1.2;1.9;0.21;314;68;117;74;98053;0.59;0;0.37;0.32
2017;11;15;319;6.1;1.8;-2.2;-0.4;-2.3;-3.9;0.4;-0.6;0.12;1.2;1.9;0.18;333;73;109;56;98517;0.37;0.01;0.37;0.32
2017;11;16;320;4.7;3.8;2.2;2;0.3;-1.5;0.3;-0.5;0.11;1.2;1.9;0.15;53;10;13;7;98334;0.09;0.03;0.37;0.33
2017;11;17;321;5.4;4.5;2.8;4.1;2.8;1;0.2;-0.2;0.11;1.2;1.9;0.13;49;10;34;14;98131;0.2;3.16;0.37;0.33
2017;11;18;322;7.9;3.8;0.8;3;1.6;0;0.4;0.2;0.11;1.2;1.9;0.08;273;55;91;54;97791;0.43;0.13;0.37;0.33
2017;11;19;323;6.1;1.3;-2.4;2.9;-0.4;-4.5;0.9;0.2;0.11;1.2;1.9;0.03;211;39;95;54;97300;0.3;0.69;0.37;0.33
2017;11;20;324;8.1;3;-2.4;-0.1;-3.2;-4.8;1.2;0.2;0.11;1.2;1.9;0;328;70;106;64;97680;0.49;0.04;0.37;0.33
2017;11;21;325;9.5;4.9;1.1;2.6;0.8;-1.9;0.9;0.3;0.11;1.2;1.9;0;237;54;88;38;97456;0.32;0;0.37;0.33
2017;11;22;326;12.5;5.8;1.2;5.8;2.8;0.3;1.6;0.6;0.11;1.2;1.9;0;276;66;111;70;97410;0.31;0;0.37;0.33
2017;11;23;327;12.1;4.1;-0.6;6.1;1.9;-1.5;1.4;0.5;0.11;1.2;1.9;0;310;71;114;77;97462;0.3;0;0.37;0.33
2017;11;24;328;10.7;4.2;-0.5;5.6;2.3;-0.9;0.3;0.3;0.11;1.2;1.9;0;298;66;105;56;97713;0.32;0;0.37;0.33
2017;11;25;329;12.1;6.5;1.1;7.9;4.6;0.6;0.8;1;0.11;1.2;1.9;0;232;47;59;36;97107;0.39;11.47;0.36;0.33
2017;11;26;330;5.8;3.8;0.7;3.5;-1.1;-5.3;0.8;-1.8;0.11;1.2;1.9;0.04;186;39;90;48;97715;0.64;8.22;0.38;0.33
2017;11;27;331;5.8;1;-1.7;-2.7;-5;-6;1.1;-0.1;0.11;1.2;1.9;0.03;306;66;111;81;98159;0.35;0;0.38;0.33
2017;11;28;332;4.7;0.3;-2.5;-2.5;-4.3;-6.1;0.6;1.2;0.11;1.2;1.9;0.01;278;61;100;62;97254;0.21;0.11;0.38;0.33
2017;11;29;333;3.6;1.3;-0.5;2.3;0.1;-2.2;-0.3;0.3;0.11;1.2;1.9;0.6;120;26;37;22;96581;0.16;10.57;0.38;0.33
2017;11;30;334;5.4;1.7;0.1;1.3;-0.5;-2.2;0.8;-0.3;0.21;1.2;1.9;6.7;208;35;66;30;96153;0.29;6.01;0.39;0.33
2017;12;1;335;2.8;0.8;-0.6;0.2;-1.2;-3.1;-0.2;-0.4;0.21;1.2;1.9;6.81;134;26;44;29;97206;0.15;0.92;0.39;0.33
2017;12;2;336;3.1;0;-2.5;-1.3;-3.3;-5.4;-0.7;-1.6;0.21;1.2;1.9;6.51;232;47;96;52;97928;0.45;0.05;0.39;0.33
2017;12;3;337;2.4;-1;-3.4;-5.3;-6.5;-7.2;0.7;-1.2;0.2;1.2;1.9;6.22;205;42;98;55;98011;0.27;0;0.38;0.33
2017;12;4;338;1.6;-2;-4.5;-4.7;-6.9;-9.2;1.5;0.2;0.19;1.2;1.9;6.03;149;33;67;49;98258;0.13;0.14;0.38;0.33
2017;12;5;339;4.6;-0.4;-3.5;-0.5;-3.2;-5.5;1.4;0.1;0.19;1.2;1.9;5.63;149;32;67;44;98823;0.09;0.07;0.38;0.33
2017;12;6;340;6.4;0.5;-3.1;1.2;-2.7;-5.2;0.8;0;0.17;1.2;1.9;4.85;260;56;108;64;98789;0.08;0;0.38;0.33
2017;12;7;341;5.1;-0.4;-2.8;-0.4;-3.2;-5;1;0.4;0.16;1.2;1.9;4.09;266;56;112;68;98294;0.01;0;0.38;0.33
2017;12;8;342;5.8;1.5;-1.8;3.5;0;-3.4;1.2;0.2;0.16;1.2;1.9;3.99;154;28;60;30;97064;0.01;9.38;0.38;0.33
2017;12;9;343;2.4;-0.9;-4.8;-1.1;-5.2;-10.3;1.4;-0.4;0.23;1.2;1.9;8.32;150;30;91;51;96913;0.33;1.4;0.39;0.33
2017;12;10;344;2.4;-1.4;-6.2;-0.4;-7.3;-13.1;0.9;2.5;0.23;1.2;1.9;8.15;249;48;104;58;96571;0.3;0.13;0.39;0.33
2017;12;11;345;11.2;7;1.7;7.8;4.9;0;-0.5;3.4;0.19;1.2;1.9;5.58;80;13;50;12;95708;0.15;2.3;0.39;0.34
2017;12;12;346;12.3;8.8;2;9.6;6.5;1.5;-0.1;1.3;0.12;1.2;1.9;0.96;170;32;68;36;96573;0.81;9.44;0.39;0.34
2017;12;13;347;4.4;1.6;-1.2;1.4;0;-2.3;0.4;1.1;0.12;1.2;1.9;1.31;157;30;96;44;97510;0.29;2.27;0.4;0.34
2017;12;14;348;7.2;3.1;-1.5;3.2;1.1;-2.6;0.4;1;0.12;1.2;1.9;1.18;225;37;78;41;96270;0.2;0.48;0.4;0.34
2017;12;15;349;5.1;3.6;1.7;3.6;2.6;1.2;0.8;-0.1;0.12;1.2;1.9;0.97;89;20;60;23;95856;0.14;5.09;0.4;0.34
2017;12;16;350;5.5;1.9;-1.9;1.7;0;-3;0.8;0;0.11;1.2;1.9;0.9;211;40;85;52;96551;0.26;0.53;0.4;0.34
2017;12;17;351;4.3;-0.6;-4.4;-1.5;-4.3;-5.8;1.3;-0.9;0.11;1.2;1.9;0.79;273;56;105;74;97713;0.26;0.03;0.4;0.34
2017;12;18;352;2.1;-1.1;-3.3;-4.2;-5.4;-6.2;0.1;-0.6;0.12;1.2;1.9;0.94;249;53;112;72;98253;0.15;0.61;0.4;0.34
2017;12;19;353;1.7;-2.1;-5.4;-5.5;-6.8;-8.3;0.6;0.1;0.12;1.2;1.9;0.98;280;59;120;77;98874;0.07;0.07;0.39;0.34
2017;12;20;354;1.4;-0.5;-1.9;-2.2;-3.8;-6.1;0.2;0.4;0.12;1.1;1.9;1.17;112;26;43;26;99025;0.01;0.31;0.39;0.34
2017;12;21;355;3.6;0.4;-1.8;-2.1;-3.1;-4;1;0.7;0.12;1.1;1.9;1.29;219;42;76;33;98984;0.05;0.3;0.39;0.34
2017;12;22;356;6.5;1;-2.1;2.9;-0.8;-3.4;1;-0.1;0.12;1.1;1.9;1.14;241;44;83;46;98817;0.12;0;0.39;0.34
2017;12;23;357;5.8;1.6;-1.7;2.8;-0.3;-2.4;1.3;0.5;0.11;1.1;1.9;0.92;159;38;67;41;98656;0.08;0;0.39;0.35
2017;12;24;358;8.5;1.7;-1.9;3.1;-0.8;-3.1;1.6;-0.2;0.11;1.1;1.9;0.74;242;52;91;63;98326;0.15;0;0.39;0.35
2017;12;25;359;6.1;0.8;-2.1;2.2;-1.4;-4;0.6;0.1;0.11;1.1;1.9;0.59;274;59;110;71;98053;0.11;0;0.39;0.35
2017;12;26;360;8.2;2.6;-1.5;5;1.3;-2.5;1.4;1.5;0.11;1.1;1.9;0.46;256;48;75;53;97042;-0.08;0;0.38;0.35
2017;12;27;361;8.7;5.5;0.9;5.8;3.8;0.6;-0.7;2.7;0.11;1.1;1.9;0.29;182;39;72;34;95707;0.37;4.34;0.38;0.35
2017;12;28;362;6.8;4.2;0.9;5.5;2.1;-1.5;-0.1;0.3;0.1;1.1;1.9;0.24;80;17;38;21;95222;0.69;11.41;0.39;0.35
2017;12;29;363;4;1;-1.9;-2.2;-5.5;-8;0.9;-0.3;0.11;1.1;1.9;0.77;254;53;113;69;96826;0.55;0.08;0.39;0.35
2017;12;30;364;4;0.5;-2.2;-2;-3.1;-4.3;0.8;1.2;0.11;1.1;1.9;0.76;254;49;94;51;97122;0.09;0.11;0.39;0.35
2017;12;31;365;8.3;2.7;0;1.5;-1.5;-4.1;1.4;0.9;0.11;1.1;1.9;0.7;263;52;95;48;97245;0.26;0;0.39;0.35
2018;1;1;1;5.5;2.7;0.1;3.4;0.9;-1.5;1.6;0.6;0.11;1.1;1.9;0.56;103;18;56;29;96896;0.07;7.95;0.39;0.35
2018;1;2;2;6.7;1.4;-2.1;2.7;-0.4;-3.8;1.4;0;0.11;1.1;1.9;0.79;186;39;82;53;96971;0.21;1.3;0.4;0.35
2018;1;3;3;6.9;1.3;-2.2;-0.3;-2.5;-4.6;1.3;1.3;0.11;1.1;1.9;0.69;223;42;79;51;96510;0.29;0.89;0.4;0.35
2018;1;4;4;5.4;0.9;-3.5;1.4;-1.2;-4.8;1.2;0.7;0.11;1;1.9;0.61;207;38;73;43;96410;0.17;1.67;0.39;0.35
2018;1;5;5;9.6;4.3;-1.1;6.5;2.9;-2;1;1.1;0.11;1;1.9;0.52;243;48;74;41;96497;0.11;0.01;0.39;0.35
2018;1;6;6;10.9;6.1;1.3;8.4;5;1;0.8;1.6;0.1;1;1.9;0.3;186;39;68;44;96952;-0.03;0;0.39;0.35
2018;1;7;7;9.1;5.1;1.2;5.9;4.1;1;0.1;-0.3;0.1;1;1.9;0.18;205;43;62;36;97874;0.21;0.02;0.39;0.35
2018;1;8;8;10;6;3.7;7.2;5.3;3.6;-0.4;-0.1;0.1;1;1.9;0.1;239;45;70;26;98410;0.16;0.42;0.39;0.36
2018;1;9;9;6.7;5.6;4.7;5.7;5.2;4.6;-1.1;0.3;0.1;1;1.9;0.04;71;15;13;7;98216;0.17;4.26;0.39;0.36
2018;1;10;10;6.1;4.4;2.3;4.8;4;2.3;-0.4;-0.1;0.1;1;1.9;0;104;18;45;18;97347;0.21;8.53;0.4;0.36
2018;1;11;11;5.6;3.2;1.3;2.5;2;1.2;0.1;-0.5;0.1;1;1.9;0;135;26;41;21;97412;0.26;0.28;0.4;0.36
2018;1;12;12;6.7;3.5;1;3.1;1.9;0.2;-0.2;-0.9;0.1;1;1.9;0;152;32;42;21;98072;0.42;5.33;0.4;0.36
2018;1;13;13;2.8;2;0.4;2.1;1.4;0.1;-1.1;-1.1;0.1;1;1.9;0.22;68;14;23;10;98376;0.49;6.21;0.4;0.36
2018;1;14;14;0.4;-0.8;-2.2;0;-2.8;-4;-1.8;0.1;0.18;1;1.9;5.17;75;16;26;18;98400;0.31;7.05;0.4;0.36
2018;1;15;15;-1;-2.2;-3.6;-4;-5;-5.5;-1;1;0.25;1;1.9;9.26;113;22;39;26;98150;0.23;0.4;0.4;0.36
2018;1;16;16;5.8;0.4;-2.3;0.2;-2.2;-4.5;1;1.2;0.24;1;1.9;8.43;260;58;104;58;96351;0.17;0.37;0.4;0.36
2018;1;17;17;5.9;0.8;-3;1;-4;-9.2;1.8;-0.6;0.22;1;1.9;7.36;167;36;85;55;95940;0.41;0.72;0.4;0.36
2018;1;18;18;6.1;1.8;-2.3;-3.2;-6.3;-8.8;1.8;1.2;0.2;1;1.9;6.4;184;43;97;71;96731;0.44;0.54;0.4;0.36
2018;1;19;19;5.2;1.1;-2.3;2.5;-1.2;-3.8;1.1;0.1;0.19;0.9;1.9;5.97;122;27;63;41;96771;0.11;0.72;0.4;0.36
2018;1;20;20;5.3;0.3;-3.5;-0.9;-2.4;-4.5;0.3;1.1;0.18;0.9;1.9;5.14;282;65;108;64;96917;0.29;0.1;0.4;0.36
2018;1;21;21;5.8;1.4;-1.7;-0.5;-2.7;-4.9;0.7;-1.2;0.17;0.9;1.9;4.52;242;54;101;65;96568;0.34;0.35;0.39;0.36
2018;1;22;22;3.6;0.7;-2.2;-2.3;-4;-5.9;-0.3;1.1;0.16;0.9;1.9;4.06;266;53;83;41;97376;0.22;0.16;0.39;0.36
2018;1;23;23;6.9;2.2;-1.3;1.1;-1.1;-3.2;0;0.5;0.15;0.9;1.9;3.55;308;61;94;49;98152;0.27;0.37;0.39;0.37
2018;1;24;24;7.2;1.9;-2;1.8;-0.5;-3.1;0.2;1;0.14;0.9;1.9;2.76;242;59;90;58;98673;0.18;0;0.39;0.37
2018;1;25;25;8.2;2.3;-0.9;2.7;-0.2;-2.3;0.3;0.8;0.13;0.9;1.9;2.1;331;76;105;67;98017;0.2;0;0.39;0.37
2018;1;26;26;9.8;3.1;-0.9;5.1;1.1;-1.7;0.6;0.5;0.12;0.9;1.9;1.51;293;64;88;56;97816;0.13;0;0.39;0.37
2018;1;27;27;5.5;1.6;-1;2.5;0.4;-1.3;0.2;-0.1;0.12;0.9;1.9;1.1;209;48;58;34;98800;0.14;0.02;0.39;0.37
2018;1;28;28;8.9;2.3;-1.4;4.2;0.5;-2;0.9;0.4;0.11;0.9;1.9;0.84;326;71;92;51;99122;0.24;0;0.39;0.37
2018;1;29;29;12.7;3.7;-1.6;5.8;0.6;-2.6;1.2;0.2;0.11;0.9;1.9;0.59;354;83;110;65;98600;0.29;0;0.39;0.37
2018;1;30;30;11.6;4.8;-0.6;3.7;1.3;-1.8;0.1;0.1;0.11;0.9;1.9;0.35;337;76;97;56;98450;0.3;0;0.39;0.37
2018;1;31;31;7.6;4;1.6;3.8;2.1;0.1;0.4;0.8;0.1;0.9;1.9;0.23;178;38;77;38;97723;0.14;0.05;0.38;0.37
2018;2;1;32;11.1;5.9;2;4.7;2.8;0.4;0.8;2.1;0.1;0.9;1.9;0.16;326;66;85;50;96381;0.42;5.82;0.38;0.37
2018;2;2;33;2.5;1;0;2.1;0.7;-0.5;0.5;-0.4;0.15;0.9;1.9;3.58;52;14;25;17;96614;0.13;11.4;0.39;0.37
2018;2;3;34;1.8;0.1;-1.8;0.4;-1.2;-3.4;1;-0.3;0.21;0.9;1.9;6.72;88;21;56;29;96342;0.16;3.1;0.39;0.37
2018;2;4;35;5.6;0.6;-3.6;-1.8;-4.1;-6.2;0.2;-0.5;0.21;0.9;1.9;6.68;336;77;106;66;97303;0.48;0.05;0.39;0.37
2018;2;5;36;3.4;0;-2.8;-2.1;-3.2;-4.2;-0.4;0.2;0.19;0.9;1.9;5.77;261;58;66;43;98113;0.23;0.3;0.39;0.37
2018;2;6;37;1.7;-0.4;-2.3;-2.3;-2.7;-3.1;-1;0.8;0.19;0.8;1.9;5.5;143;35;43;24;97636;0.18;0.2;0.39;0.37
2018;2;7;38;1.2;-0.3;-1.2;-1;-1.8;-2.5;-0.3;-1.4;0.29;0.8;1.9;12.58;109;21;30;15;96953;0.13;12.11;0.39;0.37
2018;2;8;39;3.4;1;-1.4;-1;-1.6;-2.1;0.6;-0.2;0.35;0.8;1.9;20.51;147;34;51;20;97261;0.2;4.82;0.39;0.37
2018;2;9;40;1.9;-0.7;-4.5;-0.6;-2;-5.3;-0.4;0.4;0.34;0.8;1.9;19.96;133;31;52;20;97548;0.12;0.54;0.39;0.37
2018;2;10;41;2.2;0.3;-1.2;-0.9;-2;-3.4;-0.9;-0.2;0.34;0.8;1.9;18.99;147;37;58;27;97398;0.25;0.35;0.39;0.37
2018;2;11;42;3.5;-0.4;-2.9;-2.8;-4;-5.9;0.4;1;0.33;0.8;1.9;17.16;289;67;94;50;96993;0.4;0.02;0.39;0.37
2018;2;12;43;1.6;-0.1;-1.2;0;-2;-5.3;0.3;-0.2;0.34;0.8;1.9;20;103;26;39;18;97046;0.05;9.42;0.39;0.37
2018;2;13;44;2.3;-0.3;-2.5;-2.5;-4.2;-5.6;0.2;-2;0.34;0.8;1.9;23.51;187;43;52;32;97245;0.54;1.23;0.39;0.37
2018;2;14;45;2.9;-1.9;-6.6;-4.4;-6.7;-10;0.7;-1.5;0.34;0.8;1.9;22.82;272;68;98;58;97378;0.46;0.13;0.39;0.37
2018;2;15;46;2.4;-2.1;-6.2;-4.5;-7.4;-10.3;0.5;0.6;0.34;0.8;1.9;20.75;320;82;120;59;98084;0.47;0;0.39;0.37
2018;2;16;47;4.8;0.5;-4.5;-0.7;-3.7;-7.9;0;0.8;0.33;0.8;1.9;17.89;303;67;90;35;98331;0.36;0.29;0.39;0.37
2018;2;17;48;4.6;1.6;-0.8;0.1;-0.8;-2.7;-0.8;0.7;0.3;0.8;1.9;14.59;263;67;71;35;98066;0.28;1.36;0.4;0.37
2018;2;18;49;4.2;1;-1.9;-0.3;-2.2;-4.7;-1.2;-1.8;0.29;0.8;1.9;13.83;179;46;64;35;98195;0.57;1.4;0.4;0.37
2018;2;19;50;2;-0.9;-2.9;-4.2;-5;-6.1;-0.8;-0.9;0.28;0.8;1.9;13;201;53;59;32;97955;0.42;1.22;0.4;0.38
2018;2;20;51;1.4;-0.3;-1.8;-1.6;-2.3;-3.9;-1;-2.1;0.33;0.8;1.9;17.12;144;32;28;16;97183;0.32;6.23;0.39;0.38
2018;2;21;52;2.3;-0.3;-1.7;-2.4;-3.4;-4.1;-0.9;-2.4;0.34;0.9;1.9;20.08;244;41;56;24;97315;0.53;2.84;0.39;0.38
2018;2;22;53;-0.7;-1.5;-2.7;-2.9;-3.8;-5.2;-0.8;-2.5;0.35;0.9;1.9;26.78;95;22;22;14;97364;0.35;9.45;0.39;0.38
2018;2;23;54;0.5;-1.2;-2.5;-2.3;-3.1;-3.9;-0.8;-1.8;0.35;0.9;1.9;35.36;127;29;31;14;97500;0.31;7.33;0.39;0.38
2018;2;24;55;-0.4;-3.2;-8.5;-3.2;-7.6;-13.1;-1.5;-1.6;0.35;0.9;1.9;38.32;332;73;113;55;97778;0.73;0.71;0.39;0.38
2018;2;25;56;-6;-9.2;-12.2;-13.4;-14.8;-16.7;-1.2;-2.5;0.35;0.9;1.9;37.98;374;95;108;80;98041;0.62;0.01;0.39;0.38
2018;2;26;57;-7;-9.9;-13.3;-13.7;-15.4;-17.6;-0.9;-3.6;0.35;0.9;1.9;38;241;58;60;38;97487;0.6;1.98;0.39;0.38
2018;2;27;58;-6.8;-9.4;-12.1;-14.3;-15;-16.2;-0.6;-2.8;0.35;0.9;1.9;40.56;262;59;54;34;97091;0.51;2.47;0.39;0.38
2018;2;28;59;-5.3;-11;-17.9;-13.3;-16.7;-21.7;-0.1;0.3;0.35;0.9;1.9;41.11;388;103;121;73;97726;0.44;0.01;0.38;0.38
2018;3;1;60;-4.5;-10.2;-17.4;-8.7;-13.7;-20.4;-0.7;1.4;0.35;0.9;1.9;40.92;262;73;62;37;97270;0.3;0.5;0.38;0.38
2018;3;2;61;-2.1;-5.8;-9.2;-5.8;-8.4;-10.4;-0.8;0.1;0.35;0.9;1.9;41.64;233;62;54;22;95961;0.36;1.19;0.38;0.38
2018;3;3;62;1.7;-2.8;-6.6;-2.7;-5.3;-8.2;-0.6;0.6;0.35;0.9;1.9;42.35;314;78;70;33;96011;0.45;0.59;0.38;0.38
2018;3;4;63;3.3;-1.1;-3.9;-2.3;-4;-5.9;-0.6;0.9;0.34;1;1.9;41.3;393;102;103;54;96541;0.47;0.1;0.38;0.38
2018;3;5;64;1.9;-1.4;-4.3;-1;-3;-4.9;-0.8;0.1;0.34;1;1.9;40.12;232;58;54;21;96206;0.33;1.54;0.38;0.38
2018;3;6;65;4.2;0.4;-1.8;-0.4;-1.8;-2.9;-0.2;0.2;0.34;1;1.9;43.63;355;83;102;40;95362;0.33;5.87;0.38;0.38
2018;3;7;66;8.3;1.3;-6.2;1.5;-1.8;-7.8;0.9;0.7;0.34;1;1.9;38.89;410;112;115;63;95738;0.2;0.9;0.39;0.38
2018;3;8;67;8.3;3.6;-0.1;1.9;-0.1;-1.8;0.6;0.9;0.34;1;1.9;31.1;396;93;99;57;96697;0.39;1.87;0.4;0.38
2018;3;9;68;11.5;2.9;-4.2;1.8;-1;-5.5;1.7;1;0.32;1;1.9;22.53;383;109;118;72;97064;0.24;0;0.4;0.38
2018;3;10;69;12.6;5.8;-1.5;4.3;1.7;-2.3;1.9;1.3;0.26;1;1.9;13.3;441;108;97;56;96865;0.37;0;0.41;0.38
2018;3;11;70;14.3;7.8;0.1;8.2;4.9;-0.3;1.3;2.1;0.19;1;1.9;5.87;407;106;78;45;96462;0.4;2.99;0.41;0.38
2018;3;12;71;14.9;10.1;4.8;7.7;5.3;3;1.5;2.6;0.14;1;1.9;1.68;464;138;109;66;95875;1.1;0.74;0.42;0.38
2018;3;13;72;14.7;8;1;6;3.6;0.4;1.1;0;0.13;1;1.9;0.68;504;138;120;66;96485;1.06;3.09;0.41;0.38
2018;3;14;73;12;7.2;2.2;5.6;3.3;1.6;0.4;0;0.13;1.1;1.9;0.31;459;120;102;56;96932;1.06;2.63;0.41;0.39
2018;3;15;74;13.6;8.3;4.9;5.3;3.5;0.9;0.1;2.3;0.13;1.1;1.9;0.16;417;111;93;43;96532;1.31;1.35;0.41;0.39
2018;3;16;75;10.4;7;3.2;6.8;5.1;2.5;0.2;0.7;0.13;1.1;1.9;0.04;208;50;88;38;96131;0.74;7.93;0.41;0.39
2018;3;17;76;4.9;3;0.7;4.4;2.5;0.2;-1.1;-1.8;0.13;1.1;1.9;0.57;72;21;54;15;95937;0.54;19.2;0.42;0.39
2018;3;18;77;0.9;-0.8;-2.4;-0.5;-4;-5.9;-1.6;-0.9;0.22;1.1;1.9;6.72;221;60;32;19;96313;0.68;3.67;0.42;0.39
2018;3;19;78;0.1;-2.3;-4.5;-5.3;-6.1;-7.7;-1.5;-0.8;0.27;1.1;1.9;10.13;275;70;47;26;96584;0.62;3;0.42;0.39
2018;3;20;79;3;-1.2;-5.1;-5.8;-7.4;-11.3;-0.2;-0.5;0.27;1.2;1.9;10.14;323;99;90;53;96981;0.74;0.17;0.41;0.39
2018;3;21;80;3;-0.8;-7.3;-7.1;-9;-13.2;-1.3;-2.5;0.26;1.2;1.9;9.44;307;92;102;60;97959;0.81;0.12;0.41;0.4
2018;3;22;81;3.8;-0.2;-2.5;-6.3;-8.3;-11.2;-0.9;-0.7;0.24;1.2;1.9;8.23;557;168;139;89;97650;0.76;0;0.4;0.4
2018;3;23;82;6.1;2.2;-1.9;0.3;-3.6;-7.4;0;-0.6;0.22;1.2;1.9;6.47;276;85;68;45;96481;0.39;0.16;0.4;0.4
2018;3;24;83;7.5;2.8;-1.7;-1.1;-2.8;-4.4;-1.2;-0.3;0.19;1.2;1.9;4.63;450;138;94;62;96470;0.93;0;0.4;0.4
2018;3;25;84;4.9;2.1;-0.8;-1.4;-2;-2.5;-1;0.6;0.18;1.2;1.9;3.4;258;78;47;32;96936;0.49;0.01;0.4;0.4
2018;3;26;85;8.4;4.1;-0.2;1.6;-0.5;-2.6;-0.4;-0.6;0.17;1.3;1.9;2.34;429;136;86;53;97042;0.82;1.2;0.4;0.4
2018;3;27;86;10.1;4.4;-1.9;3.1;0.8;-2.6;0.5;0;0.15;1.3;1.9;1.38;517;151;104;67;97250;1.23;2.15;0.4;0.4
2018;3;28;87;13.7;6.2;-2.5;3.4;1.3;-2.8;0.4;1.1;0.15;1.3;1.9;0.7;462;132;92;52;96817;1.17;0.04;0.4;0.4
2018;3;29;88;11.5;7.7;5.1;8.1;5.7;2.9;-0.2;-0.2;0.14;1.3;1.9;0.27;302;59;43;24;96612;0.96;14.33;0.4;0.4
2018;3;30;89;10.6;7.1;3.6;7.4;5.1;3;0;0.9;0.14;1.3;1.9;0.08;194;57;58;25;96806;0.66;1.74;0.41;0.4
2018;3;31;90;13.5;9.9;5.2;9.5;7.5;4.2;0.1;2.5;0.14;1.4;1.9;0;335;106;71;52;95719;1.21;3.08;0.41;0.4
2018;4;1;91;13.3;8.2;4;4.3;0.5;-2.3;2.4;-1;0.14;1.4;1.9;0;571;159;121;76;96229;1.68;1.1;0.41;0.4
2018;4;2;92;15.5;8.8;0.2;2.3;-0.8;-2.5;1;1.3;0.14;1.4;1.9;0;646;204;146;97;97220;1.93;0;0.4;0.4
2018;4;3;93;17.9;11.5;5.8;6.4;3.3;0.5;2.2;2.5;0.14;1.4;1.9;0;626;184;123;84;97086;2.07;0.77;0.4;0.4
2018;4;4;94;16.4;11.9;8.3;6.5;4.8;1.8;2.8;3.2;0.14;1.4;1.9;0;596;158;112;76;96997;1.84;0.58;0.4;0.4
2018;4;5;95;15.5;11;6.8;9.1;7.4;4.7;1.1;-0.1;0.14;1.4;1.9;0;401;103;72;54;97170;1.44;4.37;0.39;0.4
2018;4;6;96;14.8;8.7;2.2;3.7;1.3;0;-0.2;-1.2;0.14;1.5;1.9;0;634;201;137;99;98053;2;0;0.39;0.4
2018;4;7;97;15.1;8.7;1.6;7;3.7;0.4;-0.7;0.7;0.14;1.5;1.9;0;656;185;127;75;98025;1.72;1.01;0.39;0.4
2018;4;8;98;18.9;11.7;5;7.6;6;4.4;-0.4;2.1;0.14;1.5;1.9;0;655;196;132;85;97466;2.08;0;0.39;0.4
2018;4;9;99;21.9;14.2;5.2;8.5;6.1;2.7;0;2.1;0.15;1.5;1.9;0;670;212;137;86;96920;2.5;0.43;0.38;0.4
2018;4;10;100;17.3;12.6;8.9;8.4;7.2;6;0.5;3.1;0.15;1.5;1.9;0;579;161;106;73;96720;1.93;0.37;0.38;0.4
2018;4;11;101;19;13.6;8;8.1;7.3;6.1;0;2;0.15;1.6;1.9;0;596;182;113;78;96846;2.07;0.3;0.38;0.4
2018;4;12;102;19.4;13.9;9.5;11.7;9.3;6.9;-0.5;1;0.15;1.6;1.9;0;526;176;100;63;96740;2.21;6.9;0.38;0.4
2018;4;13;103;18.3;13.1;8.3;9.4;6.3;4.3;1.5;2.4;0.15;1.6;1.9;0;638;206;127;85;97112;2.52;0.76;0.38;0.4
2018;4;14;104;19.4;12.9;4.6;9.4;6.1;3.2;-0.4;-0.3;0.15;1.6;1.9;0;685;226;139;95;97972;2.48;0;0.38;0.4
2018;4;15;105;20.7;14.9;9;14.8;10.9;7;-0.3;-0.8;0.15;1.6;1.9;0;623;160;113;52;97428;1.91;2.14;0.37;0.4
2018;4;16;106;20.4;15.5;11.1;14.2;12.8;10.7;0.1;-0.6;0.15;1.7;1.9;0;461;148;82;46;97177;2.03;16.4;0.38;0.4
2018;4;17;107;18.7;14.9;11.1;11.2;9.1;7.4;-0.5;-1.9;0.15;1.7;1.9;0;350;111;88;54;98156;1.73;0.89;0.39;0.4
2018;4;18;108;19.8;14.8;9.2;9;7.1;6;-0.7;-1.9;0.15;1.7;1.9;0;706;233;138;99;98907;2.72;0;0.38;0.4
2018;4;19;109;22.1;15.6;7.4;11.1;7.5;5.3;0.1;-1.1;0.15;1.8;1.9;0;703;236;144;95;98780;2.93;0;0.38;0.4
2018;4;20;110;23.1;17.2;9.7;11.6;9.6;7.2;-0.4;-0.9;0.15;1.8;1.9;0;696;234;137;93;98425;2.93;0;0.37;0.4
2018;4;21;111;24.7;17.5;8.5;11.2;9.4;7.6;0.4;1.2;0.15;1.8;1.9;0;708;238;144;98;97900;3.14;0;0.37;0.4
2018;4;22;112;25;18;9.5;14.4;11.6;8.2;-0.2;-0.1;0.16;1.8;1.9;0;634;212;118;78;97492;2.86;0.05;0.37;0.4
2018;4;23;113;26.1;18.2;11;15;12.6;10.3;0.6;-0.2;0.16;1.9;1.9;0;666;197;124;72;97423;2.83;3.36;0.36;0.4
2018;4;24;114;21.7;17.2;12;14.1;11.8;10.5;0.5;0.7;0.16;1.9;1.9;0;519;165;96;63;97621;2.48;0.66;0.36;0.4
2018;4;25;115;24.8;18.3;11;13.8;11.9;9.9;1.1;1;0.16;1.9;1.9;0;659;221;117;82;97223;3.14;0.09;0.36;0.4
2018;4;26;116;16.3;13.4;9.8;12;10.3;8.2;-0.5;-0.8;0.16;2;1.9;0;201;54;48;26;97465;1.47;8.46;0.36;0.4
2018;4;27;117;17.6;12.9;9.2;9.4;8.1;6.5;0.1;1.4;0.16;2;1.9;0;647;139;94;53;97663;2.01;0;0.36;0.4
2018;4;28;118;23.9;16.9;8.4;13.3;11.1;7.1;0.1;1.4;0.16;2;1.9;0;705;235;127;90;97317;3.07;0;0.36;0.4
2018;4;29;119;25.6;19;11.1;12.9;11.3;9.8;0.5;1.9;0.16;2.1;1.9;0;704;242;129;89;96995;3.45;0.07;0.35;0.4
2018;4;30;120;22.5;18;13.1;11.7;8.8;5.1;1.3;3.1;0.16;2.1;1.9;0;652;226;130;97;96736;3.44;0.09;0.35;0.39
2018;5;1;121;21.6;16.1;9.4;9.7;6.9;4.5;0.8;1.8;0.16;2.1;1.9;0;726;225;137;88;97034;3.33;0.74;0.35;0.39
2018;5;2;122;24;17.5;11;15.1;12.1;8.5;-0.2;-0.5;0.16;2.1;1.9;0;663;216;113;67;96974;3.21;13.15;0.35;0.39
2018;5;3;123;23.8;18;10.9;14.4;12.7;10.7;-0.6;-1.3;0.16;2.2;1.9;0;637;208;108;72;96827;3.32;0.67;0.35;0.39
2018;5;4;124;21.7;18.1;15.5;14.7;13.6;11;-0.8;-2.3;0.16;2.2;1.9;0;504;154;75;51;97273;3.08;15.16;0.35;0.39
2018;5;5;125;21.4;17.7;14.2;14.9;12.9;8.3;-0.1;-2.1;0.17;2.2;1.9;0;401;151;86;58;97712;3.01;4.15;0.36;0.39
2018;5;6;126;22.3;17.3;12.4;8.8;7.5;6;-0.5;-2.2;0.17;2.3;1.9;0;711;246;131;95;97814;3.85;0;0.36;0.39
2018;5;7;127;22;17.3;12.5;12.4;9.2;5.8;-0.3;-1.2;0.17;2.3;1.9;0;640;230;124;86;97647;3.48;0;0.36;0.39
2018;5;8;128;20.1;15.5;10.9;10.8;8.8;6.5;-0.2;-1.2;0.17;2.3;1.9;0;595;215;113;82;97050;3.24;2.17;0.35;0.39
2018;5;9;129;21.1;16;9.1;12.1;9.9;8.1;0.4;-0.4;0.17;2.4;1.9;0;646;210;115;78;96745;3.17;0.1;0.35;0.39
2018;5;10;130;22.4;16.7;10;14.7;12.2;9;0.1;-0.3;0.17;2.4;1.9;0;656;199;106;67;96950;2.98;4.73;0.35;0.39
2018;5;11;131;19.6;16.3;12.2;14.8;13.3;11.6;-0.1;-0.9;0.17;2.4;1.9;0;376;132;67;48;97630;2.14;2.39;0.35;0.39
2018;5;12;132;22.2;17;11.1;15.5;13.7;10.9;0;0;0.17;2.5;1.9;0;642;187;94;57;97459;2.99;4.57;0.35;0.39
2018;5;13;133;22.1;16.9;11.2;15.3;14;11.2;-0.6;0.2;0.17;2.5;1.9;0;627;185;100;57;97016;2.89;5.73;0.35;0.39
2018;5;14;134;14.9;13.8;12.1;14.5;12.7;10.8;-1.7;-0.7;0.17;2.5;1.9;0;149;55;46;22;96937;1.67;29.66;0.36;0.39
2018;5;15;135;14.8;12.2;10;11.2;9.7;8;0;-0.5;0.17;2.5;1.9;0;378;102;93;39;96856;2.22;26.15;0.39;0.39
2018;5;16;136;17.7;12.9;7.7;10.8;8.9;7.4;0.6;0.4;0.17;2.6;1.9;0;599;170;96;58;97093;2.56;1.41;0.39;0.39
2018;5;17;137;19.5;14.3;7.1;11.4;8.9;6.6;0.6;0;0.17;2.6;1.9;0;567;199;101;70;97304;3.06;1.31;0.39;0.39
2018;5;18;138;19.9;15.2;9.2;12.1;10.5;8.4;0.7;-0.9;0.17;2.6;1.9;0;525;188;102;67;97570;2.95;1.56;0.39;0.39
2018;5;19;139;20.1;15.3;9.6;13.3;11.2;8.2;-0.2;-1.3;0.17;2.6;1.9;0;597;214;106;69;97726;3.23;5.03;0.39;0.39
2018;5;20;140;19.6;15.2;11;13.4;11.7;10;-0.2;-1;0.17;2.7;1.9;0;526;165;76;54;97925;2.75;4.06;0.39;0.39
2018;5;21;141;20.3;16;10.8;13;11.3;9.6;-0.5;-0.9;0.17;2.7;1.9;0;583;203;93;69;97663;3.21;0.13;0.39;0.39
2018;5;22;142;20.6;16.5;10;14.9;12.9;9.5;-0.3;0.6;0.17;2.7;1.9;0;537;182;93;66;97428;2.77;1.47;0.38;0.39
2018;5;23;143;22.7;17.7;11.7;16.9;14.9;11.5;-0.2;-0.5;0.17;2.7;1.9;0;595;198;92;64;97622;2.89;6.48;0.38;0.39
2018;5;24;144;22;17.6;13.3;16.9;15.1;12.9;0.1;-0.6;0.17;2.7;1.9;0;458;150;75;50;97724;2.54;8.52;0.39;0.39
2018;5;25;145;21.2;16.7;12.2;16.5;14.5;12.1;-0.3;-1;0.17;2.8;1.9;0;519;170;79;48;97712;3.12;7.54;0.39;0.39
2018;5;26;146;22.9;18.2;11;15.7;13.6;10.9;-0.2;-0.1;0.17;2.8;1.9;0;614;210;98;61;98053;3.45;0.15;0.39;0.39
2018;5;27;147;24.2;19.9;13.6;18;15;12.6;-0.4;0;0.17;2.8;1.9;0;591;213;92;66;97947;3.44;0.21;0.39;0.39
2018;5;28;148;25;19.9;14.5;18;16.4;14.2;-0.5;-0.1;0.17;2.8;1.9;0;669;211;101;61;97912;3.47;3.36;0.38;0.39
2018;5;29;149;25.3;20.1;14.8;18.2;16.7;14.5;-0.6;-0.1;0.17;2.9;1.9;0;582;184;90;53;97685;3.34;10.35;0.38;0.39
2018;5;30;150;23.6;19.9;16.6;17.2;16;14.6;-0.4;-0.5;0.17;2.9;1.9;0;436;158;70;45;97625;3.06;3.67;0.39;0.39
2018;5;31;151;25.1;20.5;14.3;18.3;16.6;13.6;0;0.1;0.17;2.9;1.9;0;566;193;77;58;97510;3.24;5.84;0.39;0.39
2018;6;1;152;24.3;20.2;15.3;18.7;17.3;14.8;0.6;-0.1;0.17;2.9;1.9;0;559;194;81;59;97589;3.31;4.29;0.39;0.39
2018;6;2;153;24.3;19.4;14;17;15.8;13.9;0.8;-0.2;0.17;2.9;1.9;0;573;198;91;62;97661;3.53;6.39;0.39;0.39
2018;6;3;154;25;19.8;13.4;17.8;15.2;13.1;0.4;0;0.17;3;1.9;0;611;218;98;68;97581;3.91;4.1;0.39;0.39
2018;6;4;155;23.9;19.4;13.6;17.9;16.4;13.2;0;0.1;0.17;3;1.9;0;581;195;89;63;97090;3.41;3.1;0.39;0.39
2018;6;5;156;23.8;19.5;14.3;18.6;16.8;14.3;0.5;-0.8;0.17;3;1.9;0;588;193;89;56;96898;3.51;4.82;0.39;0.39
2018;6;6;157;24.5;19.5;14.6;18.1;16.6;14.1;0.1;-0.2;0.17;3;1.9;0;632;186;87;49;97293;3.47;14.66;0.39;0.39
2018;6;7;158;24.2;20.2;16.9;18.5;17.3;16.1;-0.6;0.2;0.17;3;1.9;0;538;162;72;41;97528;3.05;5;0.4;0.39
2018;6;8;159;26;21.1;16.4;19.1;17.4;16.2;0.1;0.1;0.17;3.1;1.9;0;622;218;96;57;97302;3.96;10.57;0.4;0.39
2018;6;9;160;24.9;20.7;15.3;18.1;16.7;14.7;-0.3;-0.6;0.17;3.1;1.9;0;531;188;82;60;97100;3.51;2.13;0.4;0.39
2018;6;10;161;26.4;21.8;15;18.6;16.6;14.6;0.6;0;0.17;3.1;1.9;0;627;211;99;66;97085;3.73;0.28;0.4;0.39
2018;6;11;162;27.8;22.7;15.9;20.1;17.9;15.5;0.2;0.9;0.17;3.1;1.9;0;659;220;96;67;96973;4.09;0.42;0.39;0.39
2018;6;12;163;27.5;21.7;17.6;19.4;17.8;15.5;-0.1;-0.1;0.17;3.2;1.9;0;619;213;100;62;96618;3.94;19.93;0.39;0.39
2018;6;13;164;21.9;18.8;16.1;17.1;16;12.7;0;-1.1;0.17;3.2;1.9;0;367;123;60;34;96528;3.25;10.51;0.4;0.39
2018;6;14;165;17.3;16.1;15;12.3;10.7;8.9;0.8;-3.2;0.17;3.2;1.9;0;344;113;56;35;97139;3.6;5.26;0.41;0.39
2018;6;15;166;20.6;17.6;14.3;10.9;9.8;8.9;0.3;-2.8;0.17;3.2;1.9;0;388;129;59;36;97361;3.29;0.5;0.41;0.39
2018;6;16;167;23.7;19.7;15.3;15.3;12.5;8.7;0.4;-2.2;0.17;3.2;1.9;0;525;199;85;67;97339;3.93;0.13;0.4;0.39
2018;6;17;168;25.2;20.2;15.3;16.2;13.8;12;0.5;-1.3;0.17;3.2;1.9;0;598;200;92;66;97414;3.87;0.74;0.4;0.39
2018;6;18;169;25.1;21;16.5;13.9;11.9;10.6;1.1;-2.8;0.17;3.3;1.9;0;676;252;105;82;97676;5.23;0;0.39;0.39
2018;6;19;170;25.6;21.1;15.6;14.8;12.6;10.6;0.5;-2.2;0.17;3.3;1.9;0;612;222;94;77;98050;4.59;0;0.38;0.39
2018;6;20;171;26.3;22;16.9;18.2;14.8;12;0.1;-0.4;0.17;3.3;1.9;0;666;230;96;66;98068;4.42;0.02;0.38;0.39
2018;6;21;172;28.8;23.1;16.4;19.9;17.5;15.2;1;0.4;0.17;3.3;1.9;0;660;244;100;70;97365;4.61;2.24;0.37;0.39
2018;6;22;173;19.9;15.1;10.6;15.9;10;5.9;-0.5;-1;0.17;3.3;1.9;0;454;105;100;56;97723;3.09;7.16;0.38;0.39
2018;6;23;174;19.3;14.8;8.7;9.7;6.5;4.5;0.9;-1.1;0.17;3.3;1.9;0;535;202;97;74;98005;3.75;0.11;0.37;0.39
2018;6;24;175;18.4;15.6;12.9;12.3;9.9;7.7;0.1;0;0.17;3.3;1.9;0;575;173;97;55;97852;3.01;1.26;0.37;0.39
2018;6;25;176;18.4;14.7;12.2;12;11.2;10.4;-0.1;-0.8;0.17;3.4;1.9;0;575;146;96;50;97889;2.82;9.22;0.38;0.39
2018;6;26;177;21.4;16.6;11.2;13.7;11.1;9;0.3;-1.5;0.17;3.4;1.9;0;611;229;98;76;97900;4.03;1.81;0.37;0.39
2018;6;27;178;20.2;16;11;12.7;11.1;9.5;-0.2;-2.8;0.17;3.4;1.9;0;696;245;106;67;97656;4.42;3.45;0.37;0.39
2018;6;28;179;20;16.7;13.9;14.9;13.5;11.7;1.1;-2.1;0.17;3.4;1.9;0;295;86;50;27;97098;2.69;8.52;0.38;0.39
2018;6;29;180;24;20.3;15.8;17.6;15.4;13.1;1.3;-2.4;0.17;3.4;1.9;0;521;154;64;44;96891;3.54;2.53;0.37;0.39
2018;6;30;181;24.3;19.3;14.2;16.7;13;6.1;-0.6;-1.4;0.17;3.4;1.9;0;528;199;83;68;97204;4.34;4.51;0.37;0.39
2018;7;1;182;20.1;16.4;13.5;9.6;7.9;6.5;-0.8;-0.4;0.17;3.4;1.9;0;520;182;94;57;97657;3.57;0;0.37;0.39
2018;7;2;183;20.3;16.9;12.1;13.4;10.2;6.7;-0.9;0.5;0.17;3.5;1.9;0;502;179;80;57;97601;3.32;0;0.37;0.39
2018;7;3;184;22.8;19;13.6;16.5;13.9;11.9;-0.1;-0.2;0.17;3.5;1.9;0;522;156;67;45;97626;2.88;0.39;0.36;0.39
2018;7;4;185;24.9;20.1;14.8;17.8;16.4;14.5;0.2;0.5;0.17;3.5;1.9;0;658;184;97;60;97564;3.24;0.63;0.36;0.39
2018;7;5;186;27.7;21.2;13.7;19.1;16.7;13.3;1.1;0.8;0.17;3.5;1.9;0;695;229;103;67;97244;4.33;3.76;0.36;0.39
2018;7;6;187;21.7;18.8;16.7;16.8;16;14.5;1.6;-0.6;0.17;3.5;1.9;0;392;92;65;36;97324;2.43;12.83;0.37;0.39
2018;7;7;188;24.1;20.3;16.6;14.8;12.9;10.4;0.9;-2.2;0.17;3.5;1.9;0;620;221;97;70;97696;4.85;0.19;0.37;0.39
2018;7;8;189;24;19.2;13.9;13.9;11.8;9.4;1.3;-1.4;0.17;3.5;1.9;0;646;224;102;79;97735;4.47;1.64;0.36;0.39
2018;7;9;190;24;20.2;15;15.1;12.8;10.9;0.6;-1.7;0.17;3.6;1.9;0;640;216;99;71;97633;4.33;0.33;0.36;0.39
2018;7;10;191;25.4;20.4;13.8;16.9;14.5;12.3;0.2;-0.1;0.17;3.6;1.9;0;655;216;102;64;97353;4.22;7.23;0.35;0.39
2018;7;11;192;19.6;17.4;15.6;16;15.1;14.3;-0.1;-0.3;0.17;3.6;1.9;0;295;82;51;30;97406;1.85;15.86;0.37;0.39
2018;7;12;193;22.4;18.4;13.3;16.3;14.3;13.1;0.2;0.6;0.17;3.6;1.9;0;549;171;87;56;97593;3.22;0.19;0.37;0.39
2018;7;13;194;24.1;19.8;13.9;17.3;14.8;12.9;1;0.2;0.17;3.6;1.9;0;468;176;85;64;97750;3.24;0.05;0.37;0.39
2018;7;14;195;25.9;20.9;13.9;17.9;15.9;13.3;0.7;-0.1;0.17;3.6;1.9;0;636;227;100;72;97705;4.01;0.26;0.36;0.39
2018;7;15;196;24.9;20;15;17.8;15.7;14.4;0.6;-0.1;0.17;3.6;1.9;0;609;187;98;64;97521;3.43;0.52;0.36;0.39
2018;7;16;197;25;19.9;13.3;16.9;15;13.1;0.7;-0.2;0.17;3.6;1.9;0;589;195;92;66;97231;3.65;0.4;0.35;0.38
2018;7;17;198;25.5;20.4;14;16.1;13.8;11.2;1.7;-1.3;0.17;3.6;1.9;0;596;222;93;71;97076;4.75;1.56;0.35;0.38
2018;7;18;199;26.8;22.1;16.7;15.3;12.9;10.8;1.9;-1;0.17;3.6;1.9;0;618;221;98;77;97245;4.87;0.1;0.35;0.38
2018;7;19;200;27.7;21.9;14.6;17.1;13.8;11.5;0.8;-0.8;0.17;3.6;1.9;0;720;253;116;84;97371;4.85;0;0.34;0.38
2018;7;20;201;26.7;22;16;18.2;15.4;12.6;0.1;0.1;0.17;3.6;1.9;0;680;226;112;74;97362;4.1;0.27;0.34;0.38
2018;7;21;202;25.8;21.5;16.9;20.1;18;16.4;0.1;0.6;0.17;3.6;1.9;0;662;201;87;53;97108;3.94;9.33;0.34;0.38
2018;7;22;203;23.8;19.9;16.1;17.7;16.7;15.4;0.7;-0.7;0.17;3.6;1.9;0;485;157;77;50;97022;3.19;3.89;0.34;0.38
2018;7;23;204;24.8;20.4;17.3;16.1;14.9;13.5;1.1;-2.5;0.17;3.6;1.9;0;451;146;89;49;97194;3.91;3.39;0.34;0.38
2018;7;24;205;26.2;21.8;16.5;17.4;14.8;13.3;0.8;-1.8;0.17;3.6;1.9;0;579;222;96;77;97312;4.61;0.16;0.34;0.38
2018;7;25;206;26.9;22;15.9;17.8;15.9;14.2;0.6;-1.4;0.17;3.6;1.9;0;604;216;93;69;97259;4.29;0.86;0.33;0.38
2018;7;26;207;26.8;21.9;17;17.4;15.8;14.4;0.6;-1.7;0.17;3.6;1.9;0;672;232;101;68;97336;4.69;5.04;0.33;0.38
2018;7;27;208;26.3;22;16.8;19.6;17.6;15.6;0.4;-0.5;0.17;3.6;1.9;0;651;203;90;58;97262;4.12;5.93;0.33;0.38
2018;7;28;209;27;22.7;16.7;20.1;18.7;16.5;0.2;0.4;0.17;3.6;1.9;0;529;193;85;62;97078;3.57;0.18;0.33;0.38
2018;7;29;210;29.4;24.5;18.7;20.4;17.9;16.3;0.4;-1.2;0.17;3.6;1.9;0;646;232;97;66;97378;4.52;0.01;0.33;0.38
2018;7;30;211;29.6;24.6;18.4;20.4;17.9;15;0.5;-1.3;0.17;3.6;1.9;0;633;207;92;67;97503;4.26;0;0.32;0.38
2018;7;31;212;30;24.9;18.2;19.7;17.3;14.9;0.2;-1.4;0.17;3.6;1.9;0;626;235;107;75;97522;4.63;0;0.32;0.38
2018;8;1;213;28.6;23.8;19.3;20.9;18.7;15.7;-0.1;-1.1;0.17;3.6;1.9;0;654;210;91;60;97649;4.16;5.85;0.32;0.38
2018;8;2;214;27.4;23.1;19;21;19.7;18.2;0.1;-1.4;0.17;3.6;1.9;0;469;177;73;47;97826;3.81;28.28;0.32;0.38
2018;8;3;215;27.8;23.4;19.5;21;20.2;18.6;0.2;-1;0.17;3.6;1.9;0;573;184;84;51;97841;3.88;2.71;0.34;0.38
2018;8;4;216;28.6;23.9;17.8;21.4;18.3;16;0.1;-0.2;0.17;3.6;1.9;0;604;224;107;69;97715;4.29;0.16;0.34;0.38
2018;8;5;217;29.5;24.1;18.4;20.6;18.6;17;0.4;-0.6;0.17;3.6;1.9;0;677;212;102;66;97640;4.18;2.55;0.33;0.38
2018;8;6;218;27.6;23.3;18.1;19.8;19;17.6;-0.2;-0.2;0.17;3.6;1.9;0;604;183;82;57;97723;3.62;0.46;0.33;0.38
2018;8;7;219;29.9;24.6;20.1;20.8;19.1;17.3;-0.1;0.5;0.17;3.5;1.9;0;612;203;86;61;97547;4.04;0.1;0.33;0.38
2018;8;8;220;30.7;24.8;18.3;22.1;19.8;17.6;0.2;0.8;0.17;3.5;1.9;0;678;220;95;65;97470;4.18;0.83;0.32;0.38
2018;8;9;221;30.9;25;18;20.6;19.2;17.8;-0.1;1.1;0.17;3.5;1.9;0;662;218;95;66;97570;4.53;0.3;0.32;0.38
2018;8;10;222;26;22.7;19;19.4;18.5;17.5;-0.2;-0.9;0.17;3.5;1.9;0;429;148;63;49;97919;3.34;11.96;0.32;0.38
2018;8;11;223;23.3;20.3;17.9;17.7;16.5;15.4;0.2;-0.8;0.17;3.5;1.9;0;346;110;69;38;98058;2.59;1.48;0.33;0.38
2018;8;12;224;26.2;21.4;15.7;17.8;15.4;13.7;-0.1;0.8;0.17;3.5;1.9;0;610;201;98;72;97831;3.87;0.06;0.32;0.38
2018;8;13;225;29;23.2;16.5;18.4;16.6;14.8;0.6;1.5;0.17;3.5;1.9;0;686;223;102;74;97109;4.37;0;0.32;0.37
2018;8;14;226;21.2;19.3;17.3;18.1;16.9;14.8;1.1;-0.5;0.17;3.5;1.9;0;175;60;66;45;97222;1.4;19.95;0.33;0.37
2018;8;15;227;24.2;20.4;16.1;16.3;14.1;12.2;0.9;-1.5;0.17;3.5;1.9;0;523;177;87;69;97706;3.58;0.07;0.33;0.37
2018;8;16;228;25.2;20.5;15.1;16.2;13.7;12.2;0.3;-1.1;0.17;3.5;1.9;0;624;211;109;79;97739;3.91;0.04;0.33;0.37
2018;8;17;229;25.7;21.2;13.8;18.1;15.6;13;0.2;0.3;0.17;3.5;1.9;0;580;193;95;69;97562;3.48;0.34;0.33;0.37
2018;8;18;230;27.2;22;15.4;18.2;16.6;14.7;0.4;-0.8;0.16;3.4;1.9;0;545;199;101;71;97811;3.65;0.28;0.32;0.37
2018;8;19;231;28.7;22.7;16;18.6;16.4;14.1;0.6;-0.7;0.16;3.4;1.9;0;636;207;104;73;97897;3.91;0.16;0.32;0.37
2018;8;20;232;28.9;23.2;16.4;19.3;16.9;14.9;0.8;-0.3;0.16;3.4;1.9;0;652;205;101;70;97684;3.81;0.12;0.32;0.37
2018;8;21;233;28.7;23.3;17.6;18.2;16.8;15.6;0.3;-1;0.16;3.4;1.9;0;627;197;101;69;97742;3.76;0.07;0.31;0.37
2018;8;22;234;28.6;24.2;17.8;19.9;16.5;15.5;-0.3;-0.3;0.16;3.4;1.9;0;653;203;99;68;97773;3.73;0.05;0.31;0.37
2018;8;23;235;29.1;23.9;17.9;19.5;17.4;15.8;-0.4;0.4;0.16;3.3;1.9;0;596;195;101;66;97431;3.6;0.94;0.31;0.37
2018;8;24;236;26.6;21.7;17.4;19.7;17.9;15.6;0.5;-0.2;0.16;3.3;1.9;0;565;171;93;57;97051;3.19;21.54;0.3;0.37
2018;8;25;237;20.4;17.8;14.4;17.1;14.8;12;-0.1;-1.2;0.16;3.3;1.9;0;292;75;46;26;97097;2.48;14.74;0.33;0.37
2018;8;26;238;17.7;14.2;11.7;12.1;9.5;7.8;0.8;-2.2;0.16;3.3;1.9;0;239;61;78;32;97325;2.6;12.71;0.34;0.37
2018;8;27;239;20.9;15.9;10.6;12.4;9;6.6;0.6;-0.3;0.16;3.2;1.9;0;673;219;130;90;97643;3.51;0;0.34;0.37
2018;8;28;240;24.6;19;11.6;16.2;12.6;10.2;0.1;0.2;0.16;3.2;1.9;0;618;196;107;72;97849;3.38;0;0.34;0.37
2018;8;29;241;25.4;20;13.6;15.9;14;12.3;-0.1;1.2;0.16;3.2;1.9;0;647;206;114;81;97671;3.55;0;0.34;0.37
2018;8;30;242;24.9;19.7;13.9;16.5;15;12.6;0.2;-0.4;0.16;3.2;1.9;0;494;167;83;60;97634;3.05;6.05;0.33;0.37
2018;8;31;243;22.5;18.9;15.7;15.9;14.8;14.2;0.1;-0.8;0.16;3.1;1.9;0;431;129;69;44;97798;2.62;3.97;0.34;0.37
2018;9;1;244;20.3;17.7;16;17.1;16;14.8;-0.1;-1.4;0.16;3.1;1.9;0;290;74;40;24;97707;2;26.9;0.35;0.37
2018;9;2;245;19.6;17.3;15.5;16.1;15.4;14.6;0.3;-0.9;0.16;3.1;1.9;0;225;71;49;27;97770;1.64;6.75;0.36;0.37
2018;9;3;246;20.4;17.2;15.3;18.2;16.1;14.3;0.5;-0.6;0.16;3.1;1.9;0;339;77;54;23;97378;1.6;8.72;0.37;0.37
2018;9;4;247;20.1;17.2;14;16.6;14.9;13.5;1;-0.3;0.16;3.1;1.9;0;276;74;49;33;97253;1.68;9.11;0.38;0.37
2018;9;5;248;24.3;19.8;15.9;15.4;13.8;12.2;0.3;-1;0.16;3;1.9;0;578;168;93;62;97507;3.26;0.2;0.38;0.37
2018;9;6;249;23.1;18.6;12.5;17;14;11.9;0.1;0;0.16;3;1.9;0;513;157;99;63;97272;2.53;3.23;0.37;0.37
2018;9;7;250;22.8;18.1;13.7;16.9;15.5;13.5;0.7;-0.6;0.16;3;1.9;0;471;137;80;52;97249;2.42;2.31;0.37;0.37
2018;9;8;251;23;18.8;14.3;16.4;14.5;13.6;0.3;-0.4;0.16;3;1.9;0;544;153;97;59;97893;2.65;0.42;0.37;0.37
2018;9;9;252;23.2;19;14.7;16.5;15.1;13.5;-0.4;-0.4;0.15;2.9;1.9;0;523;161;89;60;98126;2.63;0.24;0.37;0.37
2018;9;10;253;24.2;19.4;14.1;16.2;14.8;13.1;0.1;-0.2;0.15;2.9;1.9;0;540;167;107;67;98214;2.73;0.13;0.37;0.37
2018;9;11;254;25.6;19.7;14.5;16.1;14.2;11.9;1.2;0.2;0.15;2.9;1.9;0;493;143;98;64;98341;2.57;0.1;0.37;0.37
2018;9;12;255;27;20.6;13.3;18;15.6;12.6;0.1;0.4;0.15;2.9;1.9;0;599;186;113;77;98141;3.08;0;0.36;0.37
2018;9;13;256;26;20.8;14.7;17.9;16.1;14.1;0.1;0;0.15;2.9;1.9;0;523;155;99;61;97622;2.55;0;0.36;0.37
2018;9;14;257;22.1;18.6;14.9;17.4;16.3;14.4;0.2;-0.7;0.15;2.8;1.9;0;349;103;60;45;97667;1.89;10.18;0.36;0.37
2018;9;15;258;22.5;17.8;12.6;16.5;14.7;12.3;0.1;-0.1;0.15;2.8;1.9;0;501;144;84;57;98103;2.34;0.98;0.36;0.37
2018;9;16;259;23;18.6;14.3;15.2;14.3;13.2;-0.5;0.7;0.15;2.8;1.9;0;425;123;76;54;98336;2.29;0.7;0.36;0.37
2018;9;17;260;24.2;19.1;14.6;16.8;14.8;11.9;-0.4;0.6;0.15;2.7;1.9;0;548;157;94;66;98130;2.37;0.02;0.36;0.37
2018;9;18;261;24.3;19.2;15.4;15.7;13.9;12.4;-0.5;1.1;0.15;2.7;1.9;0;542;152;97;66;97991;2.51;0.01;0.36;0.37
2018;9;19;262;23.6;18.9;13.8;16.6;14.7;11.9;0.4;-0.5;0.15;2.6;1.9;0;467;137;85;59;98029;2.13;0.23;0.36;0.37
2018;9;20;263;24.1;19.4;13.5;17.1;15.6;13.3;0.3;-0.2;0.15;2.6;1.9;0;486;141;93;58;97999;2.18;0.11;0.35;0.37
2018;9;21;264;25.6;19.7;14.2;16.7;15.3;13.7;0.4;1.1;0.15;2.6;1.9;0;564;162;111;71;97488;2.52;0;0.35;0.37
2018;9;22;265;16.8;13.7;11.8;14.3;10.2;7.6;0.3;-0.2;0.15;2.5;1.9;0;120;23;54;25;98031;1.07;3.61;0.35;0.37
2018;9;23;266;19.1;15.2;12.3;14.3;11.8;9.8;0.1;1.6;0.15;2.5;1.9;0;464;110;81;41;97615;1.74;0.43;0.35;0.37
2018;9;24;267;15.1;12.3;8.1;14;4.8;1.2;1.1;-2.4;0.15;2.4;1.9;0;530;138;115;70;98219;3.11;10.41;0.36;0.37
2018;9;25;268;13;9.3;6.1;3.9;0.8;-1.3;-0.1;-1.7;0.15;2.4;1.9;0;519;150;117;92;99331;2.05;0.07;0.36;0.37
2018;9;26;269;13.4;8.5;2.9;3.1;1.8;0;0.3;0.6;0.15;2.4;1.9;0;575;169;135;97;99567;1.94;0;0.35;0.37
2018;9;27;270;18.7;11.7;4.2;9;5.7;2.4;0.4;0.7;0.15;2.3;1.9;0;553;162;120;84;98877;2.03;0;0.35;0.37
2018;9;28;271;20;13.6;6.5;11.2;7.7;4.9;0.3;0.3;0.15;2.3;1.9;0;547;160;121;78;97943;2.08;0;0.35;0.37
2018;9;29;272;14.5;11.6;6.4;8.4;4.1;1.4;-0.9;-2.5;0.15;2.2;1.9;0;495;130;132;79;98337;1.91;0;0.35;0.37
2018;9;30;273;14.3;9.2;4.1;4.8;3.3;1.4;-0.2;0.8;0.15;2.2;1.9;0;549;158;125;91;97986;1.76;0;0.35;0.37
2018;10;1;274;15.8;10.5;5;9.1;6;2.8;0.4;-0.2;0.15;2.2;1.9;0;520;140;110;63;97139;1.74;2.14;0.34;0.37
2018;10;2;275;13.8;10;7.7;8;5;1.1;0.7;0;0.14;2.1;1.9;0;379;98;120;61;97840;1.56;2.92;0.35;0.37
2018;10;3;276;17.6;12;6;9.8;6.6;4.3;0.5;0.2;0.14;2.1;1.9;0;441;120;96;61;98137;1.45;0;0.35;0.37
2018;10;4;277;16.4;12.6;9.4;8.5;7.4;6.4;-0.3;1.2;0.14;2;1.9;0;408;116;96;63;98681;1.42;0.05;0.34;0.37
2018;10;5;278;17.3;11.7;7.6;8.8;6.8;5.3;-0.3;1.1;0.14;2;1.9;0;520;142;124;83;98505;1.55;0;0.34;0.37
2018;10;6;279;20.1;13.5;6.8;13.2;9.6;5.1;-0.1;1.3;0.14;2;1.9;0;466;128;93;60;97744;1.46;0.63;0.34;0.37
2018;10;7;280;19.6;14.9;10.3;14.5;12.7;9.8;0.5;-0.2;0.14;1.9;1.9;0;381;95;80;41;97412;1.18;3.36;0.34;0.37
2018;10;8;281;18.6;15.2;12.1;14.7;13;11.3;-0.2;-0.9;0.14;1.9;1.9;0;358;85;77;43;98010;1.17;0.9;0.34;0.37
2018;10;9;282;19.9;15.2;10.6;13.9;12.2;10.6;0.1;-0.4;0.14;1.8;1.9;0;434;106;80;49;98296;1.31;0.18;0.34;0.36
2018;10;10;283;19.4;14.3;9.6;13.4;11.2;8.7;-0.1;-0.3;0.14;1.8;1.9;0;386;99;89;58;98367;1.12;0.05;0.34;0.36
2018;10;11;284;20.1;13.9;6.5;12.8;10.2;6.3;-0.1;0.1;0.14;1.8;1.9;0;473;126;109;76;98244;1.32;0;0.34;0.36
2018;10;12;285;19.2;13.8;7.3;12.3;10.1;7.2;-0.2;-0.2;0.14;1.7;1.9;0;487;130;122;79;98566;1.27;0;0.34;0.36
2018;10;13;286;18.8;13;7.5;11.7;9.3;7.4;0.1;-0.4;0.14;1.7;1.9;0;474;122;115;69;98617;1.23;0;0.34;0.36
2018;10;14;287;17.8;12;6.3;9.9;7.6;5.5;-0.3;-0.3;0.14;1.6;1.9;0;471;126;119;79;98222;1.21;0;0.33;0.36
2018;10;15;288;16.1;11.6;6.7;9.2;6.4;4.3;0;-0.1;0.14;1.6;1.9;0;418;100;91;60;98077;0.98;0.1;0.33;0.36
2018;10;16;289;16.6;11.6;6.3;10.7;8.8;5.7;0.1;0.4;0.14;1.6;1.9;0;282;78;77;56;98053;0.71;0;0.33;0.36
2018;10;17;290;18.5;13;8.7;13.2;10.8;8.2;0.1;-0.4;0.14;1.6;1.9;0;361;90;78;43;97966;0.84;2.37;0.33;0.36
2018;10;18;291;18.5;13.5;10.2;13.1;10.8;9.4;0.2;-0.6;0.14;1.6;1.9;0;395;96;104;53;97822;1.12;1;0.33;0.36
2018;10;19;292;18.4;12.7;8.2;11.3;9.5;7.8;0.6;-1;0.14;1.5;1.9;0;422;104;107;66;98034;1.03;0.02;0.33;0.36
2018;10;20;293;16.8;11.5;5.9;10.4;8.5;5.6;0.3;-0.4;0.13;1.5;1.9;0;426;102;99;59;98365;0.9;0.94;0.33;0.36
2018;10;21;294;11.5;9.5;7.6;8.6;4.1;2.7;-0.8;-2.3;0.13;1.5;1.9;0;335;85;89;52;98412;1.4;1.6;0.33;0.36
2018;10;22;295;13;9.8;6.3;7.8;5.3;3.9;0.1;-0.9;0.13;1.5;1.9;0;275;57;80;44;98419;0.66;0.08;0.33;0.36
2018;10;23;296;14.9;9.5;3.4;6.8;5.4;2.9;1.2;0.6;0.13;1.5;1.9;0;419;98;111;68;97964;0.88;0;0.33;0.36
2018;10;24;297;14.9;10.2;7.3;8.6;6.3;4;0.8;-0.8;0.13;1.5;1.9;0;263;48;64;33;97214;0.82;2.17;0.33;0.36
2018;10;25;298;17.2;11.2;7.8;9.1;7.5;5.8;0.5;1;0.13;1.5;1.9;0;339;82;105;53;97472;0.99;0.23;0.33;0.36
2018;10;26;299;15.2;11.1;7.6;9.8;8.3;6.4;0.2;1.4;0.13;1.4;1.9;0;311;75;95;58;97108;0.59;0.01;0.33;0.36
2018;10;27;300;16.6;11.4;8.2;13.6;9.9;6.7;-0.4;-0.1;0.13;1.4;1.9;0;191;43;46;25;96545;0.98;7.73;0.33;0.36
2018;10;28;301;18.1;12.6;8.1;14.4;11.1;6.9;-0.9;1.4;0.13;1.4;1.9;0;287;54;50;24;96417;1;6.07;0.34;0.36
2018;10;29;302;18.3;15.6;12.2;15.2;13.3;11.3;-1.1;2.8;0.13;1.4;1.9;0;237;51;48;33;96364;0.91;1.88;0.34;0.36
2018;10;30;303;16.7;13.5;10.2;12.6;7.7;5.6;0.4;3.8;0.13;1.4;1.9;0;350;89;106;75;96744;1.5;2.23;0.34;0.36
2018;10;31;304;16.4;11.7;7.3;8.2;7.3;6.3;0.3;2.1;0.13;1.4;1.9;0;403;97;112;80;97976;0.92;0;0.34;0.36
2018;11;1;305;16.7;11.8;7.1;10.9;8.8;5.9;0.1;1.7;0.12;1.4;1.9;0;322;74;81;52;97910;0.65;0.36;0.34;0.36
2018;11;2;306;16;12.4;8.4;13.5;11.3;8.2;0.1;-0.5;0.12;1.4;1.9;0;256;56;58;30;98020;0.56;7.44;0.34;0.36
2018;11;3;307;17;14.1;10.7;13.5;12.7;10.5;-0.3;-0.7;0.12;1.3;1.9;0;188;45;42;22;98287;0.53;0.72;0.35;0.36
2018;11;4;308;16.9;13.4;11.7;12.4;11.7;11.2;-0.3;0.1;0.12;1.3;1.9;0;222;50;72;35;97956;0.51;0.13;0.35;0.36
2018;11;5;309;14.7;12.4;10.6;11.2;10.5;9.8;-0.8;1.1;0.12;1.3;1.9;0;147;31;54;23;97769;0.45;0.49;0.35;0.36
2018;11;6;310;16.4;11.5;8.6;11.1;9.9;8.6;-0.8;1.3;0.12;1.3;1.9;0;293;63;73;44;97684;0.49;0.03;0.35;0.36
2018;11;7;311;15.7;11.3;8.8;11.1;9.9;8.7;-0.4;1.3;0.12;1.3;1.9;0;232;52;68;40;97625;0.38;0.04;0.34;0.36
2018;11;8;312;14.7;11.2;8.5;10.3;9.5;8;-0.2;0.1;0.12;1.3;1.9;0;258;57;69;36;97960;0.48;0.01;0.34;0.36
2018;11;9;313;14.8;11.4;8.8;10.1;9.7;8.7;-0.6;1.4;0.12;1.3;1.9;0;184;46;60;36;97793;0.35;0.02;0.34;0.36
2018;11;10;314;15.5;10.8;8.2;8.7;8.2;7.2;0.3;1.8;0.12;1.2;1.9;0;235;53;87;49;97372;0.54;0.09;0.34;0.36
2018;11;11;315;17.7;11.2;6.2;9.7;8;5.6;1.3;1.3;0.12;1.2;1.9;0;349;80;100;77;97618;0.63;0;0.34;0.36
2018;11;12;316;17.3;11;6.4;10.8;8.5;6.2;0.9;1.4;0.12;1.2;1.9;0;285;66;94;60;98082;0.46;0;0.34;0.36
2018;11;13;317;15.2;9.9;5.2;10.4;8.2;4.9;0.3;-0.1;0.11;1.2;1.9;0;277;64;83;56;98405;0.4;0;0.34;0.36
2018;11;14;318;11.3;8.3;5.7;8.4;6.9;5.1;0;-0.2;0.11;1.2;1.9;0;211;44;64;41;98880;0.38;0.45;0.34;0.36
2018;11;15;319;9.7;7.2;5.3;5.1;4;3.3;-0.5;-0.7;0.11;1.2;1.9;0;255;58;85;49;98765;0.41;0.01;0.34;0.36
2018;11;16;320;8.6;5.8;3.2;3.5;2.1;0.2;-0.5;-1.6;0.11;1.2;1.9;0;251;60;91;62;98912;0.42;0.06;0.34;0.36
2018;11;17;321;5.4;2.8;0.6;-0.1;-2;-3.2;-0.9;-1.7;0.11;1.2;1.9;0;331;77;111;79;98885;0.46;0;0.34;0.36
2018;11;18;322;4.2;2.2;0.4;0.5;-1.3;-2.7;-0.4;-1.1;0.11;1.2;1.9;0.07;111;25;67;29;98214;0.24;2.02;0.34;0.36
2018;11;19;323;2.4;1.2;0.5;0.8;0.2;-0.5;-1.5;-1;0.16;1.2;1.9;3.32;126;25;27;16;97396;0.63;5.53;0.34;0.36
2018;11;20;324;2.2;1.4;0.4;0.9;0.5;0;-0.9;-1.3;0.26;1.2;1.9;9.7;77;12;20;10;97144;0.17;10.39;0.34;0.36
2018;11;21;325;5;3.7;1.9;3.4;2;0.5;0;-0.2;0.27;1.2;1.9;10.23;68;13;18;6;97474;0.05;0.48;0.34;0.36
2018;11;22;326;5.5;4.7;3.6;4.2;3.5;2.7;-0.4;0.3;0.22;1.2;1.9;7.33;49;10;11;3;97990;0.07;0.6;0.35;0.36
2018;11;23;327;6.8;5.5;4.7;4.7;4.4;4.1;-0.7;1.4;0.18;1.2;1.9;4.6;87;18;15;8;98181;0.18;0.7;0.35;0.36
2018;11;24;328;9.3;6.3;4.3;6.9;5.3;3.8;-0.5;0.8;0.14;1.2;1.9;2.3;149;29;34;18;97495;0.28;0.42;0.35;0.36
2018;11;25;329;6.4;5.8;5.2;5.6;5.3;4.7;-0.7;-1;0.13;1.2;1.9;1.34;50;10;20;7;96920;0.22;8.67;0.35;0.36
2018;11;26;330;5.9;5.2;4.1;5.4;4.1;2.5;0.9;-1.5;0.12;1.2;1.9;0.72;24;5;16;9;96143;0.58;27.16;0.38;0.36
2018;11;27;331;4;2.6;1.2;2.1;-1.2;-6.4;-0.8;-1.9;0.12;1.2;1.9;0.6;142;26;38;26;97115;0.91;2.61;0.39;0.36
2018;11;28;332;3.2;0.9;-0.8;-4.9;-6;-7.4;-0.9;-1.6;0.12;1.2;1.9;0.77;287;64;114;78;98353;0.46;0.01;0.39;0.36
2018;11;29;333;0.5;-1.5;-3;-3.6;-5.2;-6.1;-0.8;0.5;0.12;1.2;1.9;0.73;253;56;98;67;98844;0.21;0.02;0.39;0.36
2018;11;30;334;-1.9;-2.8;-3.8;-4.2;-7.1;-9;-1.2;1;0.12;1.2;1.9;0.74;182;38;62;43;98220;0.1;0.03;0.38;0.36
2018;12;1;335;2.8;-1.1;-3.3;-2.7;-4.9;-7.9;-0.5;0.6;0.12;1.2;1.9;0.85;243;51;82;47;97878;0.16;0.13;0.38;0.36
2018;12;2;336;5.7;0.7;-2.6;2.4;-0.8;-3.4;0.2;0.8;0.12;1.2;1.9;0.77;274;54;87;46;97402;0.13;0.23;0.38;0.36
2018;12;3;337;7.7;2.6;0;5.4;1.5;-0.9;1.2;0.6;0.12;1.2;1.9;0.61;204;40;71;38;96974;0.24;1.31;0.38;0.36
2018;12;4;338;11.8;4.8;0.2;7.8;2.9;-0.3;1;-0.6;0.11;1.2;1.9;0.45;285;58;95;56;97424;0.32;0.8;0.38;0.36
2018;12;5;339;5.5;2;-0.6;0.9;-0.8;-2.3;-0.1;0.3;0.11;1.2;1.9;0.32;246;54;90;60;98689;0.34;0;0.38;0.36
2018;12;6;340;3.3;1.5;-0.4;0;-1.2;-2.4;-0.4;1;0.11;1.2;1.9;0.28;144;23;41;22;98286;0.15;0.3;0.38;0.36
2018;12;7;341;9.7;4.3;-0.4;5.5;2.2;-1.2;0.8;1.2;0.11;1.2;1.9;0.25;198;44;70;44;97505;0.19;0.09;0.38;0.36
2018;12;8;342;7.4;3.9;-0.8;4.7;2.1;-1.9;1.5;0.7;0.11;1.2;1.9;0.18;98;23;100;50;97008;0.14;2.62;0.38;0.36
2018;12;9;343;8.2;2.5;-1.1;3.1;0.2;-2.5;1.6;0.9;0.11;1.2;1.9;0.14;213;45;79;59;96430;0.29;0;0.38;0.36
2018;12;10;344;7.1;1.7;-1.4;1.1;-2.2;-4.6;1.8;-0.4;0.1;1.2;1.9;0.11;250;52;96;68;97201;0.32;0.09;0.38;0.36
2018;12;11;345;5.3;0.8;-2.2;-2.8;-4.7;-6.3;2;0.2;0.1;1.2;1.9;0.08;225;46;100;62;97489;0.25;0.04;0.38;0.36
2018;12;12;346;5.1;0.8;-1.3;-1.2;-3.3;-6.1;0.3;0.2;0.1;1.2;1.9;0.11;243;49;96;61;97757;0.23;0.55;0.38;0.36
2018;12;13;347;1;-1.1;-3.3;-2.1;-2.7;-3.8;-1.2;-0.3;0.11;1.2;1.9;0.6;171;28;62;31;97859;0.18;0.79;0.38;0.37
2018;12;14;348;-0.1;-1.1;-1.6;-2.8;-3.5;-4.1;-1.4;-1.3;0.14;1.2;1.9;2.73;112;24;44;23;97920;0.1;3.39;0.38;0.37
2018;12;15;349;1.1;-0.7;-2.1;-3.8;-5.7;-7.6;-0.1;-1.8;0.18;1.2;1.9;5.22;146;29;61;37;97917;0.25;1.31;0.37;0.37
2018;12;16;350;1.4;-2.1;-4.1;-4.9;-5.8;-7.2;-0.3;1.1;0.18;1.2;1.9;5.42;250;52;102;66;97722;0.1;0;0.37;0.37
2018;12;17;351;1.8;-2;-3.9;-2.8;-4.5;-5.7;0.1;0.1;0.18;1.2;1.9;5.17;169;35;74;48;98088;0.05;0;0.37;0.37
2018;12;18;352;4;-0.9;-4;-0.9;-3.3;-5.4;0.5;0.4;0.17;1.2;1.9;4.84;220;39;83;40;98678;0.05;0;0.37;0.37
2018;12;19;353;2.2;-0.9;-3.3;-1.8;-3.4;-4.2;-0.6;1.6;0.17;1.2;1.9;4.47;192;38;66;42;98295;0.12;0.01;0.37;0.37
2018;12;20;354;3.2;-0.3;-2.7;0.4;-2;-3.7;-0.2;0.5;0.17;1.1;1.9;4.85;177;32;58;31;98006;0.1;1.97;0.37;0.37
2018;12;21;355;5.1;0.2;-4.4;2.2;-1.4;-5.2;1.2;1;0.17;1.1;1.9;4.59;206;41;66;41;97862;0.16;0;0.37;0.37
2018;12;22;356;7.5;2.4;-0.8;2.4;0.2;-2;1.9;0.7;0.15;1.1;1.9;3.59;219;48;91;53;97486;0.19;0.81;0.37;0.37
2018;12;23;357;4.9;1;-2.2;3;-0.3;-3.8;1;0;0.15;1.1;1.9;2.96;112;26;54;30;97939;0.06;0.5;0.37;0.37
2018;12;24;358;7.2;2.9;-0.5;2.8;-0.6;-2.8;1.1;-1.1;0.14;1.1;1.9;2.53;251;44;102;51;97610;0.45;1.97;0.38;0.37
2018;12;25;359;4.4;0.7;-1.9;-1.5;-3.9;-5.9;1.3;-0.2;0.13;1.1;1.9;2.14;186;39;88;57;98760;0.2;0;0.38;0.37
2018;12;26;360;4.5;0;-2.7;-2.4;-4.1;-5.6;0.9;-0.1;0.13;1.1;1.9;1.99;211;45;103;60;98693;0.06;0;0.37;0.37
2018;12;27;361;5.3;0.4;-2.2;-1.5;-4.1;-5.8;1.1;0;0.13;1.1;1.9;1.77;209;44;82;41;98509;0.1;0;0.37;0.37
2018;12;28;362;7.2;0.9;-2.3;3.4;-1.6;-4.7;1.1;-0.4;0.12;1.1;1.9;1.5;226;46;90;50;98268;0.05;0;0.37;0.37
2018;12;29;363;4.9;0.3;-2.9;1;-2.4;-4.5;0.8;-0.1;0.12;1.1;1.9;1.23;220;46;84;50;98636;0.06;0;0.37;0.37
2018;12;30;364;4.5;1.3;-2.2;0.1;-1.9;-3.6;1.6;-0.4;0.12;1.1;1.9;1.05;210;31;80;42;98256;0.12;0.19;0.37;0.37
2018;12;31;365;6.2;1.8;-0.9;2.2;-1.2;-2.8;0;-0.6;0.11;1.1;1.9;0.89;229;48;89;50;98637;0.31;0.57;0.37;0.37
2019;1;1;1;5.4;1.3;-1;1.7;-0.4;-2.1;0.9;1;0.11;1.1;1.9;0.78;221;40;86;36;98295;0.22;0.37;0.37;0.37
2019;1;2;2;4.5;1.1;-1.1;-0.8;-5.4;-9.3;1.9;-2.2;0.11;1.1;1.9;0.71;235;51;100;73;97719;0.51;0.31;0.37;0.37
2019;1;3;3;0.8;-1.2;-2.3;-6.4;-9.7;-11.6;1.1;-3.6;0.11;1.1;1.9;1;262;52;99;74;98458;0.39;1.28;0.37;0.37
2019;1;4;4;0.6;-1.6;-3.3;-6.8;-9.3;-11.5;0.6;-1.3;0.13;1;1.9;1.96;278;53;108;66;98633;0.14;0.47;0.37;0.37
2019;1;5;5;3.1;0.7;-1.1;-1.4;-4.2;-6.7;1.6;0.2;0.15;1;1.9;3.32;77;16;39;25;97686;0.19;2.11;0.37;0.37
2019;1;6;6;3.5;0.9;-0.6;0.4;-3.2;-5.5;-0.3;-1.1;0.16;1;1.9;4.01;218;44;88;44;97939;0.37;1.06;0.37;0.37
2019;1;7;7;-0.6;-1.1;-1.6;-3.8;-4.7;-5.4;-0.6;0.7;0.17;1;1.9;4.84;74;16;41;22;98549;0.08;1.82;0.37;0.37
2019;1;8;8;3.1;-0.6;-3;-0.7;-2.9;-4.8;1.1;0.9;0.19;1;1.9;5.87;116;22;79;43;97222;-0.03;0.58;0.37;0.37
2019;1;9;9;4.5;0.1;-2.1;-1.3;-3.4;-4.3;1.3;-0.1;0.19;1;1.9;5.61;222;45;88;50;96374;0.17;0.22;0.37;0.37
2019;1;10;10;2.9;0.1;-1.6;-1.9;-4.1;-6.6;-0.2;-2.1;0.19;1;1.9;5.65;184;38;74;42;97140;0.34;0.94;0.37;0.37
2019;1;11;11;1.7;-1;-2.8;-6.5;-8.4;-10.1;0.8;-1;0.18;1;1.9;5.57;260;57;115;73;97814;0.2;0.16;0.37;0.37
2019;1;12;12;4.6;0.6;-1.4;-3.3;-5.1;-7.2;0.8;0.9;0.18;1;1.9;5.46;211;46;85;37;97448;0.12;0.18;0.37;0.37
2019;1;13;13;6.5;1.8;-2;0.1;-2.3;-4.1;1.2;1;0.17;1;1.9;4.76;274;56;98;45;96460;0.23;0.2;0.37;0.37
2019;1;14;14;7.5;2.3;-0.6;0.6;-3.1;-6.9;1.8;-0.7;0.16;1;1.9;3.96;273;62;113;74;96096;0.35;0.1;0.37;0.37
2019;1;15;15;4.7;0.6;-1.6;-5.7;-6.9;-9.4;2.1;-0.3;0.15;1;1.9;3.46;293;62;113;75;97407;0.23;0;0.37;0.37
2019;1;16;16;6.2;1.3;-1.3;-0.8;-3.3;-6.3;1.3;0.3;0.15;1;1.9;3.07;229;52;84;56;97304;0.06;0;0.37;0.37
2019;1;17;17;9.1;3.8;-1.3;3.2;1;-2.8;1.7;1.7;0.13;1;1.9;2.36;259;54;78;52;96880;0.08;2.34;0.37;0.37
2019;1;18;18;2.9;0.6;-3.2;1.7;-1;-5.5;0.6;-0.5;0.14;1;1.9;2.53;117;23;73;32;97448;0.21;8.65;0.38;0.37
2019;1;19;19;0;-1.8;-3.4;-4;-5.3;-6.4;-0.6;-0.4;0.14;0.9;1.9;2.71;164;39;67;43;97778;0.16;0.06;0.38;0.37
2019;1;20;20;2.2;-0.4;-2.1;-3.6;-4.2;-4.6;-0.4;-0.1;0.14;0.9;1.9;2.6;257;58;89;51;97470;0.08;0.02;0.38;0.37
2019;1;21;21;1.6;-0.7;-2;-3.1;-4.5;-6.1;-0.7;-0.2;0.14;0.9;1.9;2.46;241;52;78;45;97832;0.1;0.12;0.38;0.37
2019;1;22;22;-0.6;-1.8;-3;-4.4;-5.4;-6.5;-1.1;-0.6;0.14;0.9;1.9;2.4;156;38;52;35;97099;0.06;0.49;0.38;0.37
2019;1;23;23;-1.6;-3;-3.8;-5.4;-6.1;-6.5;-1.3;-0.7;0.19;0.9;1.9;5.82;168;34;36;22;96030;0.13;4.15;0.38;0.37
2019;1;24;24;2.5;-1.2;-3.5;-4;-5.5;-7.7;-0.2;-1.4;0.21;0.9;1.9;6.97;243;55;87;47;96303;0.15;0.33;0.37;0.37
2019;1;25;25;1.7;-1.8;-3.8;-7.8;-8.9;-10.5;0;-1.5;0.2;0.9;1.9;6.63;298;68;113;73;96912;0.17;0;0.37;0.37
2019;1;26;26;2.1;-2.1;-5.3;-6.5;-9.2;-11.4;1;0.9;0.2;0.9;1.9;6.29;194;48;84;49;96858;0.14;0;0.37;0.37
2019;1;27;27;5.3;-0.1;-4;-1.7;-5.4;-8.2;0.4;1.2;0.19;0.9;1.9;5.84;263;56;87;52;95885;0.12;2.28;0.37;0.37
2019;1;28;28;4.5;0.8;-1.9;0.9;-1;-2.5;0.6;0.2;0.2;0.9;1.9;6.54;208;34;62;25;95575;0.16;5.9;0.38;0.37
2019;1;29;29;5.1;0.2;-3;-2.1;-4;-6.8;0.3;-0.2;0.19;0.9;1.9;5.97;305;66;102;56;96456;0.28;0.11;0.38;0.37
2019;1;30;30;3;-0.2;-2.3;-2.3;-2.9;-3.8;-0.6;1.1;0.18;0.9;1.9;5.53;188;43;60;37;96076;0.19;0.26;0.38;0.37
2019;1;31;31;1.6;-0.6;-2;-2.9;-3.2;-3.9;-0.4;1;0.18;0.9;1.9;5.34;190;41;63;44;96191;0.08;0.47;0.38;0.37
2019;2;1;32;5.6;2.3;-1.4;4.8;0.3;-3.8;-0.6;1.8;0.17;0.9;1.9;4.74;172;39;37;18;95960;-0.06;0.94;0.38;0.37
2019;2;2;33;12.7;8.2;4.7;8.7;6.6;4;-0.8;2.2;0.13;0.9;1.9;2.03;240;48;78;22;95764;0.14;5.25;0.38;0.37
2019;2;3;34;9.9;5.7;-0.1;5.9;3.4;-3.1;-0.2;-0.3;0.11;0.9;1.9;0.78;264;51;66;34;96389;0.4;4.58;0.39;0.37
2019;2;4;35;5;1;-2.1;-2.5;-4.8;-6.8;0;-0.7;0.11;0.9;1.9;0.53;302;79;110;75;98520;0.43;0;0.39;0.37
2019;2;5;36;4.1;0.8;-2.2;-0.8;-3.2;-4.8;0.1;-0.4;0.11;0.9;1.9;0.43;271;58;75;55;98651;0.1;0;0.39;0.37
2019;2;6;37;5.7;0.6;-2.9;-1.9;-3.6;-5.7;0;-0.2;0.11;0.8;1.9;0.36;395;98;128;88;98597;0.17;0;0.39;0.37
2019;2;7;38;5.4;0.1;-3.2;-2;-3.1;-4.1;-0.3;0.9;0.11;0.8;1.9;0.31;414;102;129;88;97953;0.12;0;0.39;0.37
2019;2;8;39;6.3;1.2;-1.5;-0.1;-2.2;-3.7;0.2;0.5;0.11;0.8;1.9;0.25;379;81;107;61;97950;0.14;0.01;0.39;0.37
2019;2;9;40;8.2;1.8;-2.2;1.7;-1;-3.2;0;0.4;0.11;0.8;1.9;0.19;408;96;114;68;97641;0.24;0;0.39;0.37
2019;2;10;41;9.6;4.5;-1.3;4.5;1.5;-2.3;1.1;2.3;0.1;0.8;1.9;0.13;358;82;88;54;96997;0.27;0.36;0.38;0.37
2019;2;11;42;7.8;4.3;1.3;4.4;-0.7;-4.5;1.4;-1.4;0.1;0.8;1.9;0.04;309;72;110;54;96832;0.62;5.06;0.39;0.37
2019;2;12;43;5.8;2.7;0.5;-3.7;-5.6;-7.3;1.5;-2.3;0.1;0.8;1.9;0;344;88;104;77;98337;0.5;0;0.39;0.37
2019;2;13;44;8.3;2.5;-1;-0.4;-2.8;-4.7;0.8;0.4;0.1;0.8;1.9;0.08;340;82;104;57;99255;0.38;0.04;0.39;0.37
2019;2;14;45;11;3.9;-1.6;2.1;-1.5;-3.9;0.4;-0.3;0.1;0.8;1.9;0.03;361;94;109;65;99288;0.41;0;0.38;0.37
2019;2;15;46;9.8;2.9;-2.8;1.7;-1.4;-4.7;0.2;0.2;0.1;0.8;1.9;0;430;110;113;77;99183;0.43;0;0.38;0.37
2019;2;16;47;11.7;3.5;-2.2;2.3;-1;-3.7;0.7;0.4;0.1;0.8;1.9;0;440;111;122;78;98918;0.49;0;0.38;0.37
2019;2;17;48;12;3.8;-2.4;3;-1.2;-4.9;0.6;0.3;0.1;0.8;1.9;0;464;120;135;86;98565;0.47;0;0.38;0.37
2019;2;18;49;11.5;3.7;-2.6;2.7;-1.1;-4.7;0.3;0.4;0.11;0.8;1.9;0;468;120;133;86;98168;0.5;0;0.38;0.37
2019;2;19;50;12.1;4;-2.9;2.9;-0.6;-4.3;0.6;0.1;0.11;0.8;1.9;0;466;122;128;83;97832;0.53;0;0.38;0.37
2019;2;20;51;10.6;4.6;-1.9;3.9;0.6;-3.3;0.2;0.2;0.11;0.8;1.9;0;405;100;98;60;98199;0.45;0;0.38;0.37
2019;2;21;52;12.5;5.7;-1.1;4.7;1.5;-2;0.7;0.2;0.11;0.9;1.9;0;398;101;104;54;98476;0.52;0.04;0.37;0.37
2019;2;22;53;10.4;4.1;-1.9;5.6;-0.4;-11.1;-0.1;-2.8;0.11;0.9;1.9;0;296;68;103;54;98553;0.76;2.21;0.37;0.37
2019;2;23;54;1.7;-1.8;-4.4;-8.6;-12.4;-14.7;-1.6;-1.8;0.11;0.9;1.9;0;485;130;125;105;99773;0.63;0;0.37;0.37
2019;2;24;55;4.3;0.1;-3.4;-4.9;-8.4;-11.2;0.1;0.2;0.11;0.9;1.9;0;406;108;98;65;99626;0.28;0;0.37;0.37
2019;2;25;56;11.2;4;-1.8;2.5;-1.1;-5.8;0.4;0;0.11;0.9;1.9;0;387;104;91;62;99263;0.52;0;0.37;0.37
2019;2;26;57;16;7;-1.1;2;-0.7;-2.2;1.7;-1.8;0.11;0.9;1.9;0;467;123;121;78;98666;0.9;0;0.37;0.37
2019;2;27;58;13.9;6.2;-0.7;1.1;-1.1;-2.8;0.1;-0.3;0.11;0.9;1.9;0;503;136;133;89;98439;0.81;0;0.37;0.37
2019;2;28;59;17.9;7.5;-0.8;5.6;0.8;-3.4;1.7;0.4;0.11;0.9;1.9;0;510;138;134;82;97343;0.89;0;0.37;0.37
2019;3;1;60;13.4;7.6;1.3;5.3;2.2;0.1;1.3;-0.6;0.12;0.9;1.9;0;336;98;89;61;97103;0.73;1.04;0.37;0.37
2019;3;2;61;9.4;5.2;1.5;4.5;2.7;0.3;-0.2;0.2;0.12;0.9;1.9;0;336;78;77;45;97468;0.72;1.2;0.37;0.37
2019;3;3;62;15.2;7.2;0.2;3.6;1.6;-0.1;1.1;1.1;0.12;0.9;1.9;0;479;126;123;64;97473;0.97;0;0.37;0.37
2019;3;4;63;15.5;8.6;1.8;5.2;2.2;-0.1;1.9;1.7;0.12;1;1.9;0;508;134;125;75;96540;1.03;6.76;0.37;0.37
2019;3;5;64;13;7.2;1.5;3.8;1.8;-0.7;0.8;0.8;0.12;1;1.9;0;515;131;128;83;96973;1.04;0.12;0.37;0.37
2019;3;6;65;13.2;7.4;0.2;3.6;1.2;-1.9;0.4;2.1;0.12;1;1.9;0;527;124;113;76;97390;0.88;0;0.37;0.37
2019;3;7;66;17.2;12;8.6;6.2;5;2.3;2.6;3.6;0.12;1;1.9;0;415;105;117;74;96758;1.03;0;0.37;0.37
2019;3;8;67;12.5;8.7;4.6;6.3;5.2;4.2;0.5;-0.8;0.12;1;1.9;0;301;91;101;52;97470;0.8;3.29;0.37;0.37
2019;3;9;68;14.5;8.6;3.3;4.6;3.3;2.5;1.6;1.3;0.12;1;1.9;0;400;110;104;65;97703;1.02;1.94;0.37;0.37
2019;3;10;69;13.8;8.7;1.9;5.3;3.9;1.2;2.3;1.4;0.12;1;1.9;0;283;77;97;70;97135;0.6;0.02;0.37;0.37
2019;3;11;70;11.2;5.8;1.1;4.7;-2.5;-6.4;1.3;-1.5;0.12;1;1.9;0;508;109;127;78;97388;1;0.49;0.37;0.37
2019;3;12;71;9.5;4;-1.6;-2;-4.5;-6.4;0.3;-0.2;0.12;1;1.9;0;514;149;132;87;97904;1.09;0.34;0.37;0.37
2019;3;13;72;7.2;3.5;-0.2;2.6;-0.7;-4.1;0.3;0.7;0.13;1;1.9;0;245;59;77;48;97222;0.59;1.97;0.37;0.37
2019;3;14;73;11.1;5;-1.9;1.2;-1.2;-2.3;0.9;0.9;0.13;1.1;1.9;0;527;135;120;58;96857;1.17;0.37;0.37;0.37
2019;3;15;74;12.7;6.6;0.2;3.7;0.9;-1.6;1.4;0.7;0.13;1.1;1.9;0;497;103;116;63;96715;1.02;0.85;0.36;0.37
2019;3;16;75;13.4;7.3;2;6.7;4.2;0.8;0.2;0.1;0.13;1.1;1.9;0;311;85;97;59;97055;0.64;0;0.36;0.37
2019;3;17;76;18.1;9.8;1;7.7;4.6;0.5;2.2;1.9;0.13;1.1;1.9;0;604;177;135;93;96831;1.38;0;0.36;0.37
2019;3;18;77;8.4;5;1.4;4.7;2.2;0.1;1.1;-0.3;0.13;1.1;1.9;0.03;129;38;71;38;97558;0.97;7.81;0.37;0.37
2019;3;19;78;8.9;4.1;0.4;0.7;-1.1;-2.9;0;-1.2;0.13;1.1;1.9;0.03;357;96;85;54;98329;1.01;0.53;0.37;0.37
2019;3;20;79;9.3;3.9;-2;-1.5;-3.7;-6.1;-0.6;-1.5;0.13;1.2;1.9;0;519;163;115;87;99081;1.21;0;0.37;0.37
2019;3;21;80;10;4.3;-2.1;-0.3;-3;-4.5;0.6;-0.4;0.13;1.2;1.9;0;616;185;146;97;99291;1.2;0;0.36;0.37
2019;3;22;81;14.1;6.4;-2;1.5;-1.1;-3.9;0.7;-0.3;0.13;1.2;1.9;0;606;181;137;87;98999;1.34;0;0.36;0.37
2019;3;23;82;16.8;8.7;-0.3;5.9;2.1;-2.1;0.6;0.3;0.13;1.2;1.9;0;609;185;139;87;98588;1.53;0;0.36;0.37
2019;3;24;83;19.1;10.9;1.7;6.3;4.2;0.9;0.4;0.3;0.13;1.2;1.9;0;614;187;141;86;97972;1.7;0;0.36;0.37
2019;3;25;84;12.6;8.4;3.7;8;4.5;1.1;0.1;-0.8;0.13;1.2;1.9;0;449;98;85;49;97404;1.55;8.22;0.36;0.37
2019;3;26;85;11.7;6.3;2.2;0.4;-3;-6.2;0.5;-2.3;0.14;1.3;1.9;0;595;176;122;86;98123;1.71;0.03;0.36;0.37
2019;3;27;86;8.9;5;0.3;0.8;-0.8;-3.5;0;-1;0.14;1.3;1.9;0;344;103;79;54;98676;1.03;0.79;0.36;0.37
2019;3;28;87;11.8;6.6;0.2;4.2;1.3;-1.5;-0.3;-1.2;0.14;1.3;1.9;0;415;130;89;58;98951;1.14;1.08;0.36;0.37
2019;3;29;88;13.5;8.6;2.1;4.5;2.6;1.4;0;-0.6;0.14;1.3;1.9;0;579;167;135;78;98953;1.5;0.05;0.36;0.37
2019;3;30;89;16.2;9.5;0.7;4.4;2.4;-0.2;0.3;0.7;0.14;1.3;1.9;0;631;198;141;96;98359;1.73;0;0.36;0.37
2019;3;31;90;18.1;10.3;0.8;6.8;3.1;-0.3;-0.1;-0.5;0.14;1.4;1.9;0;646;202;145;94;97812;1.89;0;0.36;0.37
2019;4;1;91;16.4;11;5.5;4.7;3.8;2.6;-0.9;-1.9;0.14;1.4;1.9;0;628;192;124;87;97815;1.77;0;0.35;0.37
2019;4;2;92;16.7;10.6;3.9;5.3;3.1;0.6;-1;0.7;0.14;1.4;1.9;0;629;193;132;84;97495;1.78;0;0.35;0.37
2019;4;3;93;18;12.1;7;5.9;4.7;3.7;0.3;2.3;0.14;1.4;1.9;0;639;182;121;78;96774;1.88;0.17;0.35;0.37
2019;4;4;94;16.7;11.8;7;7.6;5.6;3.5;-0.8;2.8;0.14;1.4;1.9;0;503;156;98;70;96336;1.63;1.02;0.35;0.37
2019;4;5;95;9.7;8.6;6.1;8.7;6.9;5.1;-1.9;-0.4;0.14;1.4;1.9;0;83;30;43;22;96278;0.83;17.88;0.36;0.37
2019;4;6;96;12.1;8.2;3.9;5.7;4.6;3.1;-0.5;0.4;0.14;1.5;1.9;0;296;91;63;41;96626;1.06;0.15;0.36;0.37
2019;4;7;97;16.4;10.1;4.8;8;6.1;3.5;-0.4;1;0.14;1.5;1.9;0;644;172;124;70;96528;1.63;0.61;0.36;0.37
2019;4;8;98;18;11.8;5;8.5;6.8;4.5;0.4;-1.5;0.14;1.5;1.9;0;616;157;105;61;96557;1.98;1.4;0.36;0.37
2019;4;9;99;18.1;13;8.6;9.5;7.1;5.7;0.3;-1.2;0.15;1.5;1.9;0;521;162;104;69;96599;1.86;1.95;0.36;0.37
2019;4;10;100;13.1;10.1;7.4;10;7.7;5.3;-0.3;-1.6;0.15;1.5;1.9;0;378;95;57;35;96703;2.09;9.74;0.36;0.37
2019;4;11;101;8.3;6.7;4.5;5.9;4.5;1.9;0;-2.5;0.15;1.6;1.9;0;104;30;24;17;97133;1.93;23.05;0.38;0.37
2019;4;12;102;10.8;6.7;3.3;1.2;-0.2;-1.5;-0.8;-2.6;0.15;1.6;1.9;0;455;120;73;40;97478;1.87;1.7;0.39;0.37
2019;4;13;103;10.9;7;3.9;1.6;-0.4;-1.9;-1.3;-1.3;0.15;1.6;1.9;0;492;140;75;46;97563;1.61;0.4;0.39;0.37
2019;4;14;104;8.2;6.4;4.5;5.6;3.7;1.5;-0.4;-1.1;0.15;1.6;1.9;0;245;66;34;22;97574;1.28;7.45;0.38;0.37
2019;4;15;105;14.1;9.8;5.5;4.9;1.9;-0.7;-0.8;-1.7;0.15;1.6;1.9;0;599;181;122;75;97929;2.2;0.26;0.39;0.37
2019;4;16;106;14.9;9.9;3.8;3.7;0.9;-1.4;-0.6;0.4;0.15;1.7;1.9;0;669;223;134;96;97929;2.19;0;0.39;0.37
2019;4;17;107;16.2;10.2;2.4;5.6;1.9;-0.4;-0.4;-1.3;0.15;1.7;1.9;0;714;226;144;88;98100;2.38;0;0.38;0.37
2019;4;18;108;15.9;11.2;5.8;6.8;4.3;3.3;-1.1;-0.9;0.15;1.7;1.9;0;507;175;106;75;98614;1.95;0.13;0.38;0.37
2019;4;19;109;18.4;12.2;3.9;6.8;4.3;2.2;0.9;-0.6;0.15;1.8;1.9;0;631;217;140;90;98820;2.53;0;0.38;0.37
2019;4;20;110;18.6;12.6;5.5;5.1;2.8;1.3;-0.2;-0.1;0.15;1.8;1.9;0;718;242;153;104;98667;2.82;0;0.37;0.37
2019;4;21;111;19.8;13.1;3.9;6.2;3.8;1.7;0.2;0.6;0.15;1.8;1.9;0;716;238;149;100;98013;2.87;0;0.37;0.37
2019;4;22;112;20.9;14.1;6.2;7.4;5.7;3.8;-0.2;0.9;0.16;1.8;1.9;0;712;235;143;97;97145;2.9;0;0.37;0.37
2019;4;23;113;12.9;10.6;8.4;10.3;8.3;5.5;-1.4;0.1;0.16;1.9;1.9;0;217;53;58;25;96979;1.32;7.59;0.37;0.37
2019;4;24;114;20.7;14.8;8.2;11;9.4;7.8;0.6;3;0.16;1.9;1.9;0;530;171;97;61;97228;2.5;0.12;0.37;0.37
2019;4;25;115;22.5;17;11.1;10.9;9.2;8.4;1.7;2.9;0.16;1.9;1.9;0;715;240;129;96;97464;3.22;0;0.37;0.37
2019;4;26;116;23;17;11.7;12.1;10.2;8.7;1.1;2.2;0.16;2;1.9;0;550;175;98;71;97197;2.53;0.46;0.36;0.37
2019;4;27;117;16.8;12.4;7.4;9;6;4.8;1;-0.7;0.16;2;1.9;0;545;170;111;68;97359;2.75;2.7;0.36;0.37
2019;4;28;118;15.6;11;5.7;5.1;2.6;0.8;0.2;-1.7;0.16;2;1.9;0;582;190;99;78;97451;2.55;0.03;0.36;0.37
2019;4;29;119;11.9;9.5;6.2;6.2;3.4;0.1;0.4;-2.1;0.16;2.1;1.9;0;440;109;91;53;97313;1.7;1.34;0.36;0.37
2019;4;30;120;11.6;9.8;7.3;7.2;5.3;3.1;1.8;-1.6;0.16;2.1;1.9;0;256;86;55;38;97075;1.6;1.9;0.36;0.37
2019;5;1;121;18.5;13.3;8.1;6.1;4.5;2.4;1.7;-1.7;0.16;2.1;1.9;0;677;233;130;91;97131;3.18;0.07;0.36;0.37
2019;5;2;122;21.6;14.8;6.2;7.7;5.7;4.2;1.4;1.1;0.16;2.1;1.9;0;728;248;144;95;96835;3.35;0;0.35;0.37
2019;5;3;123;15.4;12.5;9.8;10;8.3;6.2;0.5;0.1;0.16;2.2;1.9;0;383;124;74;54;96696;2.22;10.9;0.36;0.37
2019;5;4;124;14;10.8;9.3;10.1;8.9;8;-0.6;-0.4;0.16;2.2;1.9;0;366;95;78;31;96462;1.74;17.71;0.37;0.37
2019;5;5;125;9.5;6.2;4.2;7.8;2.5;0.6;0;-4.2;0.17;2.2;1.9;0;239;64;37;24;96682;3.3;13.42;0.38;0.37
2019;5;6;126;9.7;6.9;3.7;1.9;-0.3;-1.7;0.6;-3.6;0.17;2.3;1.9;0;306;104;78;42;97235;2.71;5.49;0.39;0.37
2019;5;7;127;13.4;8.7;2.6;2.5;0.4;-1.7;0;-0.1;0.17;2.3;1.9;0;397;171;102;74;97696;2.24;0.15;0.39;0.37
2019;5;8;128;16.1;11.1;4.3;6.2;4.4;1.7;0.6;2.6;0.17;2.3;1.9;0;554;181;105;64;97150;2.45;0.26;0.38;0.37
2019;5;9;129;12.8;10.1;5.6;9.2;7.2;4.7;0.8;1.3;0.17;2.4;1.9;0;231;76;80;51;96480;1.43;5.81;0.38;0.37
2019;5;10;130;18.7;11.8;3.3;10.9;7.2;2.5;0.8;-0.2;0.17;2.4;1.9;0;669;219;121;81;97017;2.84;2.37;0.38;0.37
2019;5;11;131;20.6;13.6;5.6;11.6;9.4;5.2;0.7;0.9;0.17;2.4;1.9;0;635;208;100;66;97164;3.05;2.76;0.38;0.37
2019;5;12;132;13;10.9;9;8.9;6.4;2.8;0.8;-3.5;0.17;2.5;1.9;0;245;87;53;30;97696;2.44;4;0.38;0.37
2019;5;13;133;13.4;9.5;7.2;4.8;2.7;0.3;0;-5.1;0.17;2.5;1.9;0;433;94;68;33;98321;3.51;8.8;0.39;0.37
2019;5;14;134;10.4;8.2;6.2;2.1;-0.3;-2.1;-0.8;-3.8;0.17;2.5;1.9;0;351;93;54;41;98050;1.92;1.06;0.39;0.37
2019;5;15;135;9;7.1;5.1;6.7;4.7;2.4;1.1;-1.4;0.17;2.5;1.9;0;128;43;28;20;97443;1.65;17.62;0.39;0.37
2019;5;16;136;11.4;8.8;6;6.6;5.3;3.7;-0.1;0.3;0.17;2.6;1.9;0;264;79;37;20;97322;1.37;1.19;0.4;0.37
2019;5;17;137;14;11;8.1;7.5;6.8;6.1;-0.8;1.5;0.17;2.6;1.9;0;298;102;52;32;97113;1.55;0.35;0.4;0.37
2019;5;18;138;17;12.6;7.9;10.7;8.7;6.7;-0.7;0.7;0.17;2.6;1.9;0;353;122;71;42;96897;1.57;0.22;0.39;0.37
2019;5;19;139;18.4;14;8.3;12.8;10.7;7.5;-0.4;0.5;0.17;2.6;1.9;0;562;158;79;52;96465;2.09;0.65;0.39;0.37
2019;5;20;140;17.8;13.6;9.7;11.7;9.8;7.8;0.6;2.4;0.17;2.7;1.9;0;539;183;90;60;96287;2.98;3.63;0.39;0.37
2019;5;21;141;15.6;13.1;10.1;11.9;10.2;7.7;1.4;1.4;0.17;2.7;1.9;0;275;102;75;44;96677;1.7;2.23;0.39;0.37
2019;5;22;142;18.8;14.9;9.5;12.2;9.4;8.4;1.7;-0.8;0.17;2.7;1.9;0;501;154;80;56;97184;2.55;0.19;0.39;0.37
2019;5;23;143;18.1;14.5;10.2;9.6;8;7.1;0.7;-1.3;0.17;2.7;1.9;0;485;187;96;62;97543;3.14;1;0.39;0.37
2019;5;24;144;21.1;15.8;7.7;10;8.2;6.7;-0.4;-0.1;0.17;2.7;1.9;0;687;240;121;84;97374;3.64;0.01;0.38;0.37
2019;5;25;145;22.1;17.2;9.9;12.8;10.4;8.4;0.4;0.5;0.17;2.8;1.9;0;616;218;115;73;97357;3.46;0.17;0.38;0.37
2019;5;26;146;22.9;17.8;10.1;13.8;11.9;9.6;0.2;0.4;0.17;2.8;1.9;0;660;225;110;72;97363;3.59;0.07;0.37;0.37
2019;5;27;147;17.3;15.1;11.8;14.8;13.3;11.7;-0.4;1;0.17;2.8;1.9;0;240;73;58;35;97046;1.43;8.87;0.37;0.37
2019;5;28;148;18.7;14.7;11.8;15.5;13.3;11.6;0.5;0.2;0.17;2.8;1.9;0;397;104;68;28;96506;1.93;16.9;0.38;0.37
2019;5;29;149;13.5;12.1;10.2;11.2;9.9;7.8;0.6;-2.9;0.17;2.9;1.9;0;128;43;19;16;97258;2.69;27.01;0.4;0.37
2019;5;30;150;13.1;11.1;9.5;10.6;8.9;7.2;1.2;-1.8;0.17;2.9;1.9;0;149;52;30;20;98118;2.09;19.14;0.42;0.38
2019;5;31;151;20.3;14.9;9.2;11.3;8.8;6.4;0;-1.2;0.17;2.9;1.9;0;537;174;94;52;98244;3.1;0.12;0.42;0.38
2019;6;1;152;22.2;17.9;11.7;14;11.5;8.7;-0.1;-2.3;0.17;2.9;1.9;0;613;208;94;67;98006;3.66;0.58;0.41;0.38
2019;6;2;153;23.5;19.4;14;15.3;13.8;11.7;0;-1.1;0.17;2.9;1.9;0;638;224;96;71;97812;3.7;0.46;0.4;0.38
2019;6;3;154;25;20.2;12.6;15.6;13.3;11.8;-0.1;-0.8;0.17;3;1.9;0;637;244;115;78;97586;4.15;0.02;0.4;0.38
2019;6;4;155;25.9;20.3;13.1;17.9;14.6;11.9;-0.1;-0.2;0.17;3;1.9;0;703;238;113;74;97274;4.09;1.71;0.39;0.38
2019;6;5;156;25.8;20.7;16.2;17.2;16;14.3;-0.4;0.5;0.17;3;1.9;0;667;229;102;67;96967;3.95;1.08;0.39;0.38
2019;6;6;157;25.5;20.4;15.8;16;15.3;12.8;0.4;1.2;0.17;3;1.9;0;485;182;95;59;97006;3.51;0.47;0.38;0.38
2019;6;7;158;26.2;20.5;14.6;15.3;13.2;11.8;1.1;1.7;0.17;3;1.9;0;711;259;117;85;97398;4.73;0.06;0.38;0.38
2019;6;8;159;25.8;20.8;14.9;14.4;12.6;10.1;-0.1;-0.8;0.17;3.1;1.9;0;704;229;110;72;97937;4.29;0;0.37;0.38
2019;6;9;160;26.4;21.4;15.4;15.9;12.9;10.4;-0.3;0.4;0.17;3.1;1.9;0;728;262;118;81;98147;4.62;0;0.37;0.38
2019;6;10;161;28.7;23.3;17.4;18.8;16.7;14.3;-0.7;1.4;0.17;3.1;1.9;0;699;252;107;75;97483;4.44;0;0.36;0.38
2019;6;11;162;28.1;23.3;17.4;19.1;17.9;16.5;-1.2;0.8;0.17;3.1;1.9;0;686;247;95;73;97191;4.3;0.56;0.36;0.38
2019;6;12;163;29.6;24;18.1;19.2;16.8;15.6;-1.1;1.6;0.17;3.2;1.9;0;734;256;114;77;97142;4.62;0;0.35;0.38
2019;6;13;164;29.6;24.2;18.7;18.7;16;13.5;0.8;1.5;0.17;3.2;1.9;0;675;262;120;89;97243;4.81;0.04;0.35;0.38
2019;6;14;165;30.5;23.9;15;19.2;16.3;13.2;0.3;0.7;0.17;3.2;1.9;0;722;268;119;87;97656;4.76;0;0.35;0.38
2019;6;15;166;29.5;24.5;18.8;21.4;17.8;16.1;-0.1;1.3;0.17;3.2;1.9;0;547;202;95;70;97351;3.62;0.14;0.34;0.38
2019;6;16;167;26.3;22.1;18.7;18.1;16.3;13.1;0;-1.8;0.17;3.2;1.9;0;585;186;86;59;97486;3.87;4.05;0.34;0.38
2019;6;17;168;23.8;20.3;17.9;17.9;15;12.6;0.3;-1.7;0.17;3.2;1.9;0;462;125;69;47;97787;2.67;3.3;0.34;0.38
2019;6;18;169;24.1;20.6;16.6;17.6;16.4;15.3;-0.4;0.1;0.17;3.3;1.9;0;577;191;81;52;97610;3.52;1.95;0.34;0.38
2019;6;19;170;26.4;21.6;15.8;18.8;17.5;15.7;0.1;0.6;0.17;3.3;1.9;0;663;216;90;60;97256;3.76;6.28;0.34;0.38
2019;6;20;171;28;22.2;15.5;18;16.4;15.1;0;0;0.17;3.3;1.9;0;704;246;111;73;97182;4.71;1.28;0.34;0.38
2019;6;21;172;25.4;21.3;16.6;17.5;16.3;15.5;0.2;-0.4;0.17;3.3;1.9;0;657;206;92;61;97574;3.97;3.8;0.34;0.38
2019;6;22;173;24.9;20;16.3;18.6;17;15.3;0;-0.4;0.17;3.3;1.9;0;539;161;77;49;97590;2.99;16.33;0.34;0.38
2019;6;23;174;21.9;19.2;17.4;17.6;16.9;16;0.1;-1.7;0.17;3.3;1.9;0;302;82;58;27;97533;2.09;7.26;0.35;0.38
2019;6;24;175;26.6;22.4;17.9;17.6;16.2;15.1;-0.5;-1.8;0.17;3.3;1.9;0;633;222;89;57;97987;4.66;0.59;0.35;0.38
2019;6;25;176;27.7;23.9;17.9;21.8;18.2;15.9;-0.5;-0.3;0.17;3.4;1.9;0;622;220;92;58;98309;4.26;0.26;0.35;0.38
2019;6;26;177;31;25.6;18;20.7;19.1;17.2;0.2;1.1;0.17;3.4;1.9;0;729;272;110;76;98317;5.24;0;0.34;0.38
2019;6;27;178;33.4;25.9;19.8;22.3;20.3;18.2;0.2;-0.5;0.17;3.4;1.9;0;677;226;92;62;97881;4.57;4.36;0.34;0.38
2019;6;28;179;27.4;22.6;17.9;16.2;12.1;10.5;-1.6;-1;0.17;3.4;1.9;0;745;275;127;93;97965;5.65;0;0.34;0.38
2019;6;29;180;25.9;21.3;15.4;15.2;12.2;10.8;-0.3;0.1;0.17;3.4;1.9;0;749;278;128;95;98103;5.07;0;0.33;0.38
2019;6;30;181;29.8;23.3;15.5;17.1;15;12.9;0.3;2.1;0.17;3.4;1.9;0;744;277;126;95;97932;5.16;0;0.33;0.38
2019;7;1;182;33.9;25.8;16.3;19;16.6;13.4;0.8;0.6;0.17;3.4;1.9;0;698;264;134;91;97545;4.96;0;0.32;0.38
2019;7;2;183;29.5;23.3;18.8;19.8;18;15.6;0.1;-0.6;0.17;3.5;1.9;0;646;202;99;62;97594;3.98;7.83;0.32;0.38
2019;7;3;184;24.8;20.7;16.9;17.8;16.6;15.9;0.1;-0.8;0.17;3.5;1.9;0;481;167;80;50;97820;3.54;3.05;0.32;0.38
2019;7;4;185;23.1;19.9;17.4;17.1;14.2;11.9;-0.3;0.6;0.17;3.5;1.9;0;509;176;102;59;97977;3.55;0.28;0.32;0.38
2019;7;5;186;28.4;22.3;14.1;20.1;16.2;13.7;0.5;0.6;0.17;3.5;1.9;0;691;246;104;78;97530;4.46;0.2;0.32;0.38
2019;7;6;187;30.3;24;17.4;20.4;18.4;15.4;0.4;0.9;0.17;3.5;1.9;0;679;236;98;69;97134;4.39;0.89;0.31;0.38
2019;7;7;188;28.7;22.2;16.8;17.7;16.2;14.5;0.9;-0.2;0.17;3.5;1.9;0;596;190;95;69;96893;3.81;6.74;0.31;0.37
2019;7;8;189;21.3;17.8;15.5;16.2;14.4;12.9;-0.4;0.2;0.17;3.5;1.9;0;449;146;67;47;97431;2.89;6.01;0.31;0.37
2019;7;9;190;19;16.9;13.6;15;13.9;12.6;-0.1;-0.6;0.17;3.6;1.9;0;341;121;75;50;97479;2.56;2.93;0.32;0.37
2019;7;10;191;22.1;17.3;12.2;11.8;7.7;4.7;-0.8;-1.5;0.17;3.6;1.9;0;578;228;124;83;97522;4.41;0.06;0.32;0.37
2019;7;11;192;23.1;18.4;10.6;13.1;9.5;7.5;0.3;0.4;0.17;3.6;1.9;0;599;211;107;73;97367;3.87;0.04;0.31;0.37
2019;7;12;193;22;18.2;14.8;15.3;13.7;12.3;0.5;0;0.17;3.6;1.9;0;546;164;88;50;97252;3.22;9.91;0.31;0.37
2019;7;13;194;21.2;17.4;12.4;14.9;11.6;9.3;1.2;-1.3;0.17;3.6;1.9;0;549;179;91;66;97104;3.87;3.11;0.32;0.37
2019;7;14;195;22.2;18.5;14.6;13.7;11.2;9.5;0.5;-1.9;0.17;3.6;1.9;0;566;209;94;72;97254;4.07;0.41;0.31;0.37
2019;7;15;196;22.8;18.4;12.9;12.4;10.3;8.2;-0.6;-1.6;0.17;3.6;1.9;0;631;222;102;75;97326;4.2;0.01;0.31;0.37
2019;7;16;197;24.4;19.6;12.9;14.8;11.3;9.8;0.4;-0.2;0.17;3.6;1.9;0;598;217;102;77;97367;3.9;0.1;0.31;0.37
2019;7;17;198;25.9;20.7;14.4;15.1;13.1;11.1;0;0;0.17;3.6;1.9;0;674;233;108;74;97276;4.09;1;0.3;0.37
2019;7;18;199;26.1;20.4;15.6;17.2;14.3;12.7;-0.2;-0.3;0.17;3.6;1.9;0;694;215;110;70;97261;3.95;1.85;0.3;0.37
2019;7;19;200;27.4;21.5;13.4;17.2;14.4;12.6;0.3;0.7;0.17;3.6;1.9;0;704;230;110;76;97547;4.22;0.51;0.3;0.37
2019;7;20;201;29.9;23.4;15;18.7;15.9;13.6;0.7;1.4;0.17;3.6;1.9;0;717;246;108;76;97611;4.54;0.07;0.29;0.37
2019;7;21;202;29.3;23.5;17;18.5;16.9;15.6;0;-0.6;0.17;3.6;1.9;0;603;192;90;63;97896;3.77;2.75;0.29;0.37
2019;7;22;203;27.9;23.6;16.8;18.7;16.5;15.1;0.3;0.1;0.17;3.6;1.9;0;544;199;88;65;98216;3.61;0.05;0.29;0.37
2019;7;23;204;30.9;24.9;17.3;18.2;16.2;14.1;0.3;-0.5;0.17;3.6;1.9;0;686;228;99;70;97948;4.29;0;0.29;0.37
2019;7;24;205;30.8;25.5;18.7;19.7;17;15.4;-0.7;0;0.17;3.6;1.9;0;686;240;100;71;97763;4.23;0;0.28;0.37
2019;7;25;206;31.9;26.7;21.6;20.1;18;16.2;0.1;1;0.17;3.6;1.9;0;657;218;98;67;97655;3.93;0.07;0.28;0.37
2019;7;26;207;29.3;25.4;21.4;22;19.7;17.4;0;1;0.17;3.6;1.9;0;608;199;84;63;97039;3.43;0.85;0.28;0.37
2019;7;27;208;30.6;24.4;19.4;21.3;19.4;18;0.2;0.3;0.17;3.6;1.9;0;652;212;95;61;96359;3.88;3.83;0.27;0.37
2019;7;28;209;23.5;20.3;18.4;20.1;18.9;17.7;-0.9;-0.8;0.17;3.6;1.9;0;263;81;47;26;96099;2.16;21.92;0.28;0.37
2019;7;29;210;24.4;21.3;18.3;18.9;17.9;17;0.3;-1.2;0.17;3.6;1.9;0;459;134;67;41;96657;3;2.17;0.29;0.37
2019;7;30;211;28.9;23.4;17.2;20.4;17.7;15.5;0.8;-0.6;0.17;3.6;1.9;0;645;208;90;60;97076;3.9;0.63;0.29;0.37
2019;7;31;212;28.9;23.8;18;19.7;16.7;14.3;0.7;-0.5;0.17;3.6;1.9;0;587;184;87;59;97339;3.73;0.54;0.29;0.37
2019;8;1;213;26.7;22.8;18;18.2;15.8;14.1;0.4;-0.2;0.17;3.6;1.9;0;601;203;98;62;97546;3.87;0.05;0.29;0.36
2019;8;2;214;21.8;19.7;17.3;18.5;17.2;15.9;0.2;-0.8;0.17;3.6;1.9;0;247;80;60;40;97254;1.84;14.66;0.29;0.36
2019;8;3;215;24.3;19.7;15.8;15.4;13.2;11.3;1.3;-1.5;0.17;3.6;1.9;0;622;207;99;71;97247;4.43;3.14;0.3;0.36
2019;8;4;216;23.9;19.4;13.9;15.4;12.9;10.9;0.5;-0.4;0.17;3.6;1.9;0;553;201;106;73;97581;3.59;0.19;0.3;0.36
2019;8;5;217;26.8;20.7;13.7;17.5;15.2;12.7;0.8;0.8;0.17;3.6;1.9;0;585;207;102;69;97467;3.71;0.61;0.29;0.36
2019;8;6;218;27.1;22;15.1;19;16.9;14.4;0.2;0.2;0.17;3.6;1.9;0;552;180;83;60;97318;3.3;0.15;0.29;0.36
2019;8;7;219;29.9;24;17.1;18.5;17.3;16.3;1.1;1.4;0.17;3.5;1.9;0;668;201;98;64;96988;3.91;0.01;0.29;0.36
2019;8;8;220;22.2;20.5;16.8;17.8;17.2;15.9;0;0.2;0.17;3.5;1.9;0;289;84;56;37;97369;2.02;3.91;0.29;0.36
2019;8;9;221;29.1;22.4;15.3;19.6;17.4;15.3;0.4;1.3;0.17;3.5;1.9;0;680;218;96;65;97465;4.02;0;0.29;0.36
2019;8;10;222;31.4;25.1;17.9;21.1;19.4;17.3;-0.1;0.4;0.17;3.5;1.9;0;672;217;102;64;97431;3.98;0.4;0.28;0.36
2019;8;11;223;26.1;22.8;19.9;18.7;16.8;14.8;-0.8;0.2;0.17;3.5;1.9;0;414;134;84;47;97730;2.84;0.43;0.28;0.36
2019;8;12;224;31.3;25;17.3;20.7;18.8;16.2;-0.5;0.3;0.17;3.5;1.9;0;671;228;95;67;97267;4.09;0.36;0.28;0.36
2019;8;13;225;21.7;20.1;17.7;18.3;15.6;13.2;-0.1;-1.8;0.17;3.5;1.9;0;285;86;47;33;97468;2.98;19.04;0.28;0.36
2019;8;14;226;22.1;18.1;15.1;13.8;11.5;8.7;0.2;-1.7;0.17;3.5;1.9;0;515;138;97;50;97610;3.53;5.68;0.29;0.36
2019;8;15;227;23.1;18.5;12.6;12.9;10.7;8.9;0.3;0.8;0.17;3.5;1.9;0;604;189;115;76;97595;3.44;0;0.29;0.36
2019;8;16;228;22.9;18.9;14.5;14;12.5;10.1;0.6;-0.3;0.17;3.5;1.9;0;585;165;102;63;97685;2.98;0.34;0.29;0.36
2019;8;17;229;25.5;20;14.1;15.4;13.9;12.5;0.3;1.2;0.17;3.5;1.9;0;663;208;111;75;97588;3.53;0;0.29;0.36
2019;8;18;230;29.5;23.2;16.4;17.9;16.4;14.5;0.3;1.8;0.16;3.4;1.9;0;668;217;108;72;97366;3.94;0;0.28;0.36
2019;8;19;231;28.3;23.5;16.9;18.9;17.1;14.9;-0.2;-0.1;0.16;3.4;1.9;0;631;204;101;69;97557;3.51;0.21;0.28;0.36
2019;8;20;232;29.2;24.1;18.5;20;18;16.5;0;0.4;0.16;3.4;1.9;0;620;199;95;61;97802;3.58;0.02;0.28;0.36
2019;8;21;233;22;20.2;17.2;18.6;12.8;11.1;-0.3;-2.6;0.16;3.4;1.9;0;377;125;76;48;98302;3.01;1.07;0.27;0.36
2019;8;22;234;23.4;19.3;16.5;17.2;14.2;11.2;-0.8;-0.6;0.16;3.4;1.9;0;530;139;69;44;98410;2.58;3.95;0.27;0.36
2019;8;23;235;22.8;20;17.8;18.5;17.1;16.5;0.1;-0.8;0.16;3.3;1.9;0;257;86;51;28;98381;1.97;9.42;0.28;0.36
2019;8;24;236;26.5;21.4;16.7;19.3;17.9;16;-0.2;-0.6;0.16;3.3;1.9;0;480;159;79;49;98092;3.01;27.41;0.28;0.36
2019;8;25;237;23.7;20.6;18;19.2;18.2;17.2;0.2;-0.9;0.16;3.3;1.9;0;385;118;57;38;97980;2.57;15.72;0.31;0.36
2019;8;26;238;25.9;20.6;16.6;19.3;17.9;15.8;0.4;-0.7;0.16;3.3;1.9;0;621;166;91;56;97963;3.08;3.65;0.32;0.36
2019;8;27;239;25.5;21.6;15.9;19.9;18.4;15.7;0.1;0.1;0.16;3.2;1.9;0;471;160;75;52;97924;2.95;2.36;0.32;0.36
2019;8;28;240;28.2;23;16.3;20.5;18.7;15.9;0.4;0.3;0.16;3.2;1.9;0;611;185;96;59;97798;3.3;0.08;0.31;0.36
2019;8;29;241;27.8;22.7;17.6;20.3;19;17.1;0.4;-0.2;0.16;3.2;1.9;0;501;151;77;55;97785;2.77;3.44;0.31;0.35
2019;8;30;242;28.4;23.1;17.8;18.4;17;16.3;0.3;-0.8;0.16;3.2;1.9;0;596;192;100;65;98044;3.61;0.18;0.31;0.35
2019;8;31;243;28.5;23;16.9;19.7;17.1;15.2;0.1;0.1;0.16;3.1;1.9;0;609;194;99;68;97741;3.55;0.11;0.31;0.35
2019;9;1;244;28.2;22.7;16.7;19.3;17.6;15.8;0.5;0;0.16;3.1;1.9;0;598;185;97;65;97286;3.37;8.43;0.31;0.35
2019;9;2;245;23.2;18.9;15.1;18;16.4;13;0.2;-1.3;0.16;3.1;1.9;0;409;106;65;39;97626;3.07;21.99;0.32;0.35
2019;9;3;246;21.7;17.5;14.2;12.9;9.7;7.5;-0.5;-1.6;0.16;3.1;1.9;0;539;181;122;72;98184;3.7;0.64;0.33;0.35
2019;9;4;247;21.6;16.8;11.1;13.1;10.4;8.5;0;0.4;0.16;3.1;1.9;0;636;205;127;90;97948;3.19;0;0.33;0.35
2019;9;5;248;23.5;18.3;11.2;15.8;12.3;9.9;0.1;-0.1;0.16;3;1.9;0;622;194;115;76;97518;3.15;0.6;0.32;0.35
2019;9;6;249;18.3;16.3;14.4;12.9;12;11.5;0.1;-1.9;0.16;3;1.9;0;254;80;67;37;97912;2.14;2.64;0.32;0.35
2019;9;7;250;18.1;15.4;14.1;14.6;13.7;12.7;0;-0.9;0.16;3;1.9;0;261;56;45;23;97590;1.36;15.08;0.33;0.35
2019;9;8;251;18.1;15.6;14;14.2;12.5;10.9;-1;0.3;0.16;3;1.9;0;211;73;48;24;97480;1.58;15.21;0.34;0.35
2019;9;9;252;18.3;15.2;11.8;14.3;11.1;7.7;0.3;0;0.15;2.9;1.9;0;471;129;97;54;97195;2.58;5.55;0.35;0.35
2019;9;10;253;19.3;15.2;11.3;11.8;10.7;10;-0.7;1;0.15;2.9;1.9;0;435;126;90;64;97858;1.93;0.15;0.35;0.35
2019;9;11;254;21.2;16.1;9.8;12.8;11.2;8.9;-0.1;-0.5;0.15;2.9;1.9;0;546;176;114;73;98244;2.55;0;0.35;0.35
2019;9;12;255;23.4;18;12;13.4;11.5;9.7;0.4;-0.4;0.15;2.9;1.9;0;610;179;116;74;98805;2.91;0;0.34;0.35
2019;9;13;256;23.7;17.9;11.4;15.8;12.9;10.6;0.7;0.1;0.15;2.9;1.9;0;537;159;98;66;98922;2.56;0;0.34;0.35
2019;9;14;257;19.4;17.3;14.9;14.8;13.5;12.4;-0.8;-0.8;0.15;2.8;1.9;0;256;73;47;31;98913;1.29;0.18;0.34;0.35
2019;9;15;258;23.5;18.4;14.9;15.2;12.8;9.9;0.1;0.9;0.15;2.8;1.9;0;553;165;106;69;98428;2.56;0;0.34;0.35
2019;9;16;259;25.7;19.5;12.3;17.7;15.1;12;0.3;0.3;0.15;2.8;1.9;0;548;174;104;67;97749;2.66;0;0.33;0.35
2019;9;17;260;23.2;18.7;14.8;18;16.5;14.5;-0.2;-0.4;0.15;2.7;1.9;0;463;124;73;48;97432;2.04;8.33;0.33;0.35
2019;9;18;261;16.8;13.9;11.1;13.5;9;7.2;-0.5;0;0.15;2.7;1.9;0;315;115;104;68;98033;2.03;0.04;0.34;0.35
2019;9;19;262;15.7;12.3;8.8;8.9;6.1;4.1;-1;-0.6;0.15;2.6;1.9;0;408;116;98;67;98411;1.81;0.05;0.34;0.35
2019;9;20;263;15.5;11.6;7.3;5.8;3.6;1.9;-0.2;-0.1;0.15;2.6;1.9;0;576;174;129;90;98656;2.28;0;0.33;0.35
2019;9;21;264;17;11.7;5.6;7.1;5.5;3.7;0;1.1;0.15;2.6;1.9;0;578;174;123;90;98418;2.25;0;0.33;0.35
2019;9;22;265;19.6;13.5;7.8;9.7;7.6;4.4;0;1.6;0.15;2.5;1.9;0;496;146;99;72;97593;1.98;0;0.33;0.35
2019;9;23;266;19.9;15;9.4;13.9;11.5;8.1;-0.1;-0.8;0.15;2.5;1.9;0;418;121;79;47;97235;2.03;9.05;0.33;0.35
2019;9;24;267;19.2;15.9;12.7;13.2;12.5;11.9;0.1;0;0.15;2.4;1.9;0;322;92;70;42;97288;1.52;1.06;0.34;0.35
2019;9;25;268;18.6;15;10.8;13.9;12.5;10.4;0.5;-0.3;0.15;2.4;1.9;0;299;72;59;38;97033;1;9.8;0.34;0.35
2019;9;26;269;20.7;15.6;10.7;12.3;10.9;8.7;0.7;0;0.15;2.4;1.9;0;459;128;94;64;97402;2.03;3.92;0.35;0.35
2019;9;27;270;22;16.3;10.3;13;11.7;9.7;0.4;1.2;0.15;2.3;1.9;0;496;140;101;66;97520;2.03;0;0.34;0.35
2019;9;28;271;18.8;15.4;12.9;14.6;13;11.5;0;-0.3;0.15;2.3;1.9;0;279;67;56;30;97644;1.25;4.57;0.34;0.35
2019;9;29;272;21.1;16.6;13.7;14;13;12.2;0.8;1.6;0.15;2.2;1.9;0;376;102;91;47;97320;1.7;0.23;0.35;0.35
2019;9;30;273;23.3;17.4;12.1;14.9;12.7;9.6;0.5;-0.3;0.15;2.2;1.9;0;446;125;97;68;96943;1.73;0.22;0.34;0.35
2019;10;1;274;22;17.5;14.3;14.4;11.6;8.9;0.2;2.4;0.15;2.2;1.9;0;491;119;92;55;97097;1.96;0.02;0.34;0.35
2019;10;2;275;19.6;14.8;11.4;15.6;12.8;10.1;0.9;0.1;0.14;2.1;1.9;0;339;74;71;42;96516;1.61;20.55;0.35;0.35
2019;10;3;276;14.2;10.9;6.6;9.9;3.8;1.5;0.7;-2.1;0.14;2.1;1.9;0;306;79;102;60;97341;1.82;0.7;0.36;0.35
2019;10;4;277;15.6;9.9;4.1;4.8;3.7;2.5;0.5;1.2;0.14;2;1.9;0;511;136;122;81;97225;1.65;0;0.36;0.35
2019;10;5;278;15.6;11.1;7.9;10.5;6.7;3.2;1.2;-0.1;0.14;2;1.9;0;374;98;92;62;96915;1.66;4.12;0.36;0.35
2019;10;6;279;12.7;9.7;6.5;4.5;3.3;2.8;-0.6;-0.6;0.14;2;1.9;0;434;102;111;69;97587;1.35;0.27;0.36;0.35
2019;10;7;280;9.4;7.8;5.9;5.3;4.2;3.6;-0.8;-0.7;0.14;1.9;1.9;0;164;38;79;31;97699;0.89;1.19;0.36;0.35
2019;10;8;281;13.8;8.9;3.5;5.2;4.4;2.6;0.4;1.9;0.14;1.9;1.9;0;465;128;107;69;97793;1.32;0;0.35;0.35
2019;10;9;282;19.1;13.1;6.6;11.3;8.4;4.6;1.4;1.2;0.14;1.8;1.9;0;446;121;88;56;97257;1.41;1.92;0.35;0.35
2019;10;10;283;13.6;11;6.1;11.4;9.5;5.8;0.3;1;0.14;1.8;1.9;0;201;48;78;43;97740;0.89;4.14;0.36;0.35
2019;10;11;284;17.3;10.5;4.8;9.7;7.6;4.7;0.5;1.3;0.14;1.8;1.9;0;487;125;119;72;98224;1.36;0;0.36;0.35
2019;10;12;285;20.4;12.5;5.7;11.4;8.9;5.1;0.9;1.1;0.14;1.7;1.9;0;495;131;126;81;97901;1.32;0;0.36;0.35
2019;10;13;286;21.1;13.4;7.5;13.7;10.5;7;0.4;0.3;0.14;1.7;1.9;0;487;131;119;79;97915;1.21;0;0.35;0.35
2019;10;14;287;21.1;14;7.8;14.6;11.4;7.5;0;0.9;0.14;1.6;1.9;0;468;124;111;72;97760;1.15;0.01;0.35;0.35
2019;10;15;288;21.6;14.9;9;12.7;11.2;8.5;1.1;2.3;0.14;1.6;1.9;0;455;117;105;72;97258;1.33;0.01;0.35;0.35
2019;10;16;289;15.3;13.1;11.1;12.7;10.9;9.8;0;-0.2;0.14;1.6;1.9;0;186;45;84;37;97561;0.7;1.18;0.35;0.35
2019;10;17;290;18.7;13.6;9.7;11.6;10.1;9.2;0.1;1.2;0.14;1.6;1.9;0;355;99;96;62;97713;1.08;0.03;0.35;0.35
2019;10;18;291;19;12.9;7.2;11.5;9.8;7;0.6;0.8;0.14;1.6;1.9;0;438;105;99;68;97478;1.02;0;0.35;0.35
2019;10;19;292;20.7;13.9;7.8;11.7;9.9;7.4;1.2;1.9;0.14;1.5;1.9;0;415;99;93;68;97391;1.1;0;0.35;0.35
2019;10;20;293;21.9;16.2;11.2;13.2;11.6;10.1;1.4;2.8;0.13;1.5;1.9;0;429;116;108;81;97473;1.35;0;0.35;0.35
2019;10;21;294;23.5;16.7;11.8;14.6;12.8;10.7;1.6;1.2;0.13;1.5;1.9;0;445;115;109;78;97803;1.21;0;0.34;0.35
2019;10;22;295;20.9;14.5;9.1;14.8;12.2;8.9;0.2;-0.3;0.13;1.5;1.9;0;442;111;115;74;98141;0.92;0;0.34;0.35
2019;10;23;296;21;14;9.3;15.5;12.2;9.2;0.4;0.5;0.13;1.5;1.9;0;424;102;118;66;97895;0.84;0;0.34;0.35
2019;10;24;297;21.5;13.5;7.7;11.7;9.8;7.5;0.6;1.3;0.13;1.5;1.9;0;445;110;128;82;97449;1.07;0;0.34;0.35
2019;10;25;298;19.9;13;6.2;11.8;8.8;5.6;0.7;-0.3;0.13;1.5;1.9;0;422;108;116;79;98030;0.97;0;0.34;0.35
2019;10;26;299;20.3;12.5;6.4;11.6;9;5.7;0.6;0.8;0.13;1.4;1.9;0;429;110;122;82;98162;0.98;0;0.34;0.35
2019;10;27;300;20.1;12.1;5.5;12.3;8.7;5.1;0.6;0;0.13;1.4;1.9;0;422;103;120;73;97875;0.92;0;0.34;0.35
2019;10;28;301;14.1;10;6.9;11.2;8.4;6.2;-0.4;-0.4;0.13;1.4;1.9;0;161;36;46;28;97789;0.63;3.11;0.34;0.35
2019;10;29;302;8.8;7.6;7;6.3;5.8;5.2;-0.4;-0.7;0.13;1.4;1.9;0;50;10;25;15;97965;0.73;8.05;0.35;0.35
2019;10;30;303;7.2;6.1;4.9;5.4;4;2.8;-0.8;-0.7;0.13;1.4;1.9;0;73;21;32;21;98454;0.83;3.68;0.35;0.35
2019;10;31;304;6.4;4.9;3.3;3;2.4;1.5;-0.4;0.4;0.13;1.4;1.9;0;139;31;40;28;98383;0.57;2.65;0.35;0.35
2019;11;1;305;7.7;5.8;3.6;2.8;2;1.4;-0.5;1.7;0.12;1.4;1.9;0;288;64;67;41;97856;0.57;0.03;0.35;0.35
2019;11;2;306;12.4;8.2;4.4;8.9;5.9;2.8;0.7;1.7;0.12;1.4;1.9;0;241;51;69;47;96525;0.43;0.58;0.35;0.35
2019;11;3;307;18.3;13;7.2;13.1;10.6;6.6;0;2.9;0.12;1.3;1.9;0;298;69;63;40;95578;0.81;1.12;0.35;0.35
2019;11;4;308;14.1;11.5;7.8;12.2;8.9;7;0.3;1.2;0.12;1.3;1.9;0;261;51;107;55;95662;0.72;10.46;0.36;0.35
2019;11;5;309;13.8;9.7;7.2;11.9;8.3;6.5;0.1;0;0.12;1.3;1.9;0;132;27;66;17;95860;0.84;12.71;0.36;0.35
2019;11;6;310;11.5;9.6;8.5;8;7.2;6.4;-0.4;0.1;0.12;1.3;1.9;0;232;41;55;24;96365;0.59;6.72;0.37;0.35
2019;11;7;311;12.7;9.3;6;7.7;6;4.7;0.3;0.8;0.12;1.3;1.9;0;239;56;97;51;96624;0.73;0.31;0.38;0.35
2019;11;8;312;9.5;7.1;3.6;9.1;6.3;3.2;-0.5;0.4;0.12;1.3;1.9;0;208;40;62;29;96650;0.31;2.22;0.38;0.35
2019;11;9;313;11.6;8.3;6.9;8.4;6.7;4.5;-0.2;-0.4;0.12;1.3;1.9;0;206;46;75;25;96799;0.83;4.23;0.38;0.35
2019;11;10;314;9.6;6.8;3.4;4.6;3.6;2.5;-0.2;-0.3;0.12;1.2;1.9;0;203;43;87;48;97097;0.51;0.21;0.38;0.35
2019;11;11;315;8.8;5.8;2.6;6.2;4.3;2.4;-0.4;1;0.12;1.2;1.9;0;196;40;70;28;97414;0.28;0.2;0.38;0.35
2019;11;12;316;7.3;6.4;5.5;6.8;5.8;4.8;-0.4;-1.3;0.12;1.2;1.9;0;65;10;23;9;96602;0.41;18.64;0.38;0.35
2019;11;13;317;7.8;6.1;4.6;7;4.8;2.6;0.3;-1.2;0.11;1.2;1.9;0;76;12;20;12;96112;0.67;10.58;0.4;0.35
2019;11;14;318;8.1;6;3.3;4.1;3.3;2.2;-0.5;0.9;0.11;1.2;1.9;0;228;42;64;30;96977;0.38;0.01;0.4;0.35
2019;11;15;319;11.6;8.2;5.8;8.2;6.4;4.2;-1.4;1.4;0.11;1.2;1.9;0;187;39;55;24;96824;0.29;2.47;0.4;0.35
2019;11;16;320;13.2;10.1;8.1;8.8;8.1;7.4;-0.7;1.6;0.11;1.2;1.9;0;216;47;72;34;97132;0.54;7.01;0.4;0.35
2019;11;17;321;14.9;10.5;6.9;10.7;8.7;6.6;-1.3;0;0.11;1.2;1.9;0;192;46;57;32;96951;0.46;7.95;0.4;0.35
2019;11;18;322;13;9.8;6.7;9.2;5.7;2.2;0.3;1.9;0.11;1.2;1.9;0;328;67;123;59;97088;0.86;6.27;0.41;0.35
2019;11;19;323;11.5;7.9;5.3;6.5;5.1;3.6;-0.6;-0.4;0.11;1.2;1.9;0;267;60;95;55;97755;0.36;0;0.41;0.36
2019;11;20;324;8.4;6.9;4;7.7;6.2;3.7;0.1;-1.4;0.11;1.2;1.9;0;43;9;54;15;97272;0.21;14.71;0.41;0.36
2019;11;21;325;12.4;8.7;5.4;7.5;6.8;4.9;0;1.7;0.11;1.2;1.9;0;260;54;79;47;97093;0.44;1.27;0.42;0.36
2019;11;22;326;10.7;6.8;4.2;6.4;5.4;4;-0.3;1.1;0.11;1.2;1.9;0;233;50;73;43;97311;0.28;0.01;0.41;0.36
2019;11;23;327;10.6;7.3;5.4;6.9;6;5.2;-1.1;1.7;0.11;1.2;1.9;0;177;39;55;36;97139;0.28;0.05;0.41;0.36
2019;11;24;328;9.1;5.9;4.2;6.3;5;4.1;-0.6;-0.1;0.11;1.2;1.9;0;191;39;64;33;97153;0.24;0.04;0.41;0.36
2019;11;25;329;6.3;4.9;4.2;5.1;4.4;3.8;-0.4;0.1;0.11;1.2;1.9;0;144;31;33;15;97149;0.19;0.27;0.4;0.37
2019;11;26;330;6.9;5.6;4.5;4.4;4.1;3.7;0;0.4;0.11;1.2;1.9;0;115;24;27;17;97121;0.19;0.07;0.4;0.37
2019;11;27;331;11;7.3;4.2;7.4;5.6;3.2;0;1.6;0.11;1.2;1.9;0;174;33;60;30;96386;0.23;1.47;0.4;0.37
2019;11;28;332;11;7.2;3.1;8.2;6.3;2.9;0.7;-0.4;0.11;1.2;1.9;0;151;32;75;35;96204;0.31;4.69;0.4;0.37
2019;11;29;333;9.9;5.7;2.4;5.9;4.1;2.2;0.9;-0.4;0.11;1.2;1.9;0;241;49;100;45;96655;0.41;0.37;0.4;0.37
2019;11;30;334;7.5;3.9;0.6;1.5;-1.8;-4.2;-0.3;-0.9;0.11;1.2;1.9;0;295;58;113;80;97964;0.43;0.05;0.4;0.37
2019;12;1;335;4.1;1.7;-0.9;0;-1.3;-2.1;-0.8;1.3;0.11;1.2;1.9;0;187;39;62;37;98041;0.3;0.51;0.39;0.37
2019;12;2;336;4.1;2;-1.6;2.4;0.9;-1.9;-0.1;0;0.11;1.2;1.9;0;72;13;64;25;97807;0.32;7.11;0.4;0.37
2019;12;3;337;5.6;0.6;-3;-0.9;-2.5;-3.9;0.3;-0.1;0.11;1.2;1.9;0.01;273;56;96;63;98540;0.45;0.08;0.4;0.37
2019;12;4;338;3;-0.2;-2.4;-1.2;-2.8;-3.8;-0.4;0.9;0.11;1.2;1.9;0.08;290;61;109;72;98670;0.27;0;0.4;0.37
2019;12;5;339;1.4;-1.4;-2.9;-2.9;-3.3;-3.8;-0.6;1;0.11;1.2;1.9;0.08;231;50;80;58;98486;0.17;0.01;0.39;0.37
2019;12;6;340;4.7;-0.3;-2.4;0.7;-2.1;-3.5;0;0;0.11;1.2;1.9;0.08;282;57;103;64;97963;0.1;0;0.39;0.37
2019;12;7;341;5.3;0.1;-3;0.9;-1.9;-4.1;0.9;0.2;0.11;1.2;1.9;0.08;253;48;90;48;97601;0.13;0;0.39;0.37
2019;12;8;342;6.4;1;-1.8;2.2;-1.2;-3.4;0.8;0.9;0.1;1.2;1.9;0.07;287;60;101;65;97403;0.1;0;0.39;0.38
2019;12;9;343;4.3;1.3;-1.6;2.3;0.1;-2.6;1.3;-0.1;0.1;1.2;1.9;0.03;159;29;65;35;96744;0.09;4.08;0.39;0.38
2019;12;10;344;6.6;1.1;-2.2;2.1;-2.2;-5.2;0.9;-1.4;0.1;1.2;1.9;0;269;57;108;73;97782;0.38;0;0.39;0.38
2019;12;11;345;2.5;-1.3;-3.8;-4.1;-5.2;-6;0.1;0.4;0.1;1.2;1.9;0;297;64;132;87;97643;0.08;0;0.39;0.38
2019;12;12;346;1.2;-1.2;-2.6;-2.5;-3.9;-5.3;0.4;-0.1;0.11;1.2;1.9;0.32;153;27;56;29;96552;0.03;0.98;0.39;0.38
2019;12;13;347;3.8;-0.1;-2.4;0.5;-1.4;-3.1;-0.1;1.1;0.14;1.2;1.9;2.43;214;39;68;30;95200;0.07;12.33;0.39;0.38
2019;12;14;348;6.7;0.7;-3;2.2;-1;-4.1;1.2;0.6;0.25;1.2;1.9;9.33;187;43;97;55;96028;0.06;0.43;0.39;0.38
2019;12;15;349;7.8;1.3;-2.6;3.8;-1;-4.8;1.3;0.8;0.22;1.2;1.9;7.53;218;46;88;50;97123;0.01;0;0.39;0.38
2019;12;16;350;10.3;4.2;-0.6;7.3;3;-1.1;1.5;1.5;0.18;1.2;1.9;5.32;209;42;82;49;97482;-0.13;0;0.39;0.38
2019;12;17;351;13.1;8.9;5;8.1;6.4;3.7;1.8;2.6;0.14;1.2;1.9;2.39;212;42;86;53;97512;0.12;0;0.39;0.38
2019;12;18;352;13.1;9.2;6.1;9.7;7.6;5.6;1.6;1.3;0.11;1.2;1.9;0.66;242;49;91;52;97971;0.12;0.01;0.39;0.38
2019;12;19;353;13.2;8.6;5.7;9.7;7.1;5.3;-0.1;1.3;0.11;1.2;1.9;0.33;193;38;70;34;98007;0.16;0.03;0.39;0.38
2019;12;20;354;12.2;9.2;6.3;7.9;6;4.7;0.7;3.3;0.1;1.1;1.9;0.14;204;43;90;46;96653;0.44;0.27;0.39;0.38
2019;12;21;355;10;9.1;6.3;8.8;7.5;4.6;-0.5;1.2;0.1;1.1;1.9;0.01;41;7;58;17;95421;0.31;17.22;0.39;0.38
2019;12;22;356;6.3;4.2;0.8;5;3.1;0.4;0.8;-0.8;0.1;1.1;1.9;0;77;14;84;32;95008;0.43;14.97;0.41;0.38
2019;12;23;357;9.5;6.3;3.6;2.9;1.1;-0.8;2.2;-1;0.1;1.1;1.9;0;189;40;75;53;96043;0.58;0.19;0.41;0.38
2019;12;24;358;9.6;5.5;1.1;2.3;0.1;-1.4;1.5;0.3;0.1;1.1;1.9;0;248;47;104;61;97263;0.33;0.42;0.41;0.38
2019;12;25;359;8.6;2.7;-1.5;4.1;0.7;-2.8;1.4;0;0.1;1.1;1.9;0;242;46;76;59;97298;0.31;0.86;0.41;0.38
2019;12;26;360;7.1;1.5;-3.1;1.6;-1.2;-4;0.4;-0.1;0.1;1.1;1.9;0;243;48;97;64;98127;0.32;0.05;0.4;0.38
2019;12;27;361;4.2;0.9;-1.2;1.9;-0.9;-3;0.8;-0.7;0.1;1.1;1.9;0;131;28;65;38;98339;0.21;1.15;0.4;0.38
2019;12;28;362;3.1;0.8;-0.6;-3.3;-5.9;-7.8;0.3;-3;0.1;1.1;1.9;0;233;51;98;73;99106;0.61;0.02;0.4;0.39
2019;12;29;363;2.2;-0.7;-2.8;-5.6;-6.7;-7.8;-0.3;-0.9;0.1;1.1;1.9;0;239;51;95;80;99461;0.21;0;0.4;0.39
2019;12;30;364;2.4;-1.6;-4.5;-4.7;-5.8;-6.5;0.6;0.9;0.1;1.1;1.9;0;274;59;107;77;99410;0.05;0;0.4;0.39
2019;12;31;365;7.8;1.6;-2.2;3.1;-3;-7;0.6;0.3;0.1;1.1;1.9;0;266;53;101;54;98722;0.04;0;0.39;0.39
